ts_code,trade_date,open,high,low,close,pre_close,change,pct_chg,vol,amount
002045.SZ,20230316,14.65,15.27,14.4,14.65,14.85,-0.1999999999999993,-1.3468,294964.18,436623.429
002045.SZ,20230315,14.89,15.14,14.71,14.85,14.89,-0.040000000000000924,-0.2686,163579.01,244057.423
002045.SZ,20230314,15.28,15.55,14.75,14.89,15.44,-0.5499999999999989,-3.5622,276173.38,416524.035
002045.SZ,20230313,15.24,15.56,14.78,15.44,15.28,0.16000000000000014,1.0471,297253.8,451775.234
002045.SZ,20230310,15.33,15.8,15.12,15.28,15.41,-0.13000000000000078,-0.8436,299681.04,463420.962
002045.SZ,20230309,15.61,15.62,15.1,15.41,15.46,-0.05000000000000071,-0.3234,230043.71,354515.47
002045.SZ,20230308,15.97,16.08,15.11,15.46,16.15,-0.6899999999999977,-4.2724,513663.38,799156.828
002045.SZ,20230307,16.25,16.7,15.98,16.15,16.15,0.0,0.0,494673.37,811173.574
002045.SZ,20230306,16.0,16.26,15.41,16.15,15.75,0.3999999999999986,2.5397,449056.56,717727.042
002045.SZ,20230303,15.93,16.0,15.31,15.75,15.92,-0.16999999999999993,-1.0678,448175.12,700675.793
002045.SZ,20230302,15.9,16.16,15.36,15.92,15.47,0.4499999999999993,2.9089,789988.83,1246826.535
002045.SZ,20230301,14.2,15.63,14.13,15.47,14.21,1.2599999999999998,8.867,1025005.93,1558798.89
002045.SZ,20230228,13.97,14.24,13.92,14.21,13.98,0.23000000000000043,1.6452,205073.55,289829.631
002045.SZ,20230227,13.96,14.18,13.87,13.98,14.07,-0.08999999999999986,-0.6397,179276.65,250875.587
002045.SZ,20230224,13.9,14.08,13.85,14.07,13.89,0.17999999999999972,1.2959,235930.33,329546.18
002045.SZ,20230223,13.8,13.95,13.56,13.89,13.89,0.0,0.0,207092.56,284619.475
002045.SZ,20230222,13.95,14.25,13.73,13.89,13.99,-0.09999999999999964,-0.7148,205270.59,285458.118
002045.SZ,20230221,13.87,14.28,13.79,13.99,13.9,0.08999999999999986,0.6475,333119.17,467850.262
002045.SZ,20230220,13.56,14.2,13.27,13.9,13.54,0.3600000000000012,2.6588,347480.35,480641.442
002045.SZ,20230217,13.89,14.18,13.46,13.54,13.48,0.05999999999999872,0.4451,296387.5,408346.933
002045.SZ,20230216,13.95,14.15,13.38,13.48,13.95,-0.46999999999999886,-3.3692,275180.63,379744.381
002045.SZ,20230215,13.86,14.1,13.85,13.95,13.86,0.08999999999999986,0.6494,212865.27,297707.864
002045.SZ,20230214,14.13,14.21,13.82,13.86,14.22,-0.3600000000000012,-2.5316,236142.25,330088.781
002045.SZ,20230213,14.32,14.45,14.03,14.22,14.3,-0.08000000000000007,-0.5594,254068.24,360299.01
002045.SZ,20230210,14.63,14.72,14.2,14.3,14.45,-0.14999999999999858,-1.0381,300360.73,433821.245
002045.SZ,20230209,13.89,14.47,13.88,14.45,14.0,0.4499999999999993,3.2143,335355.38,479567.332
002045.SZ,20230208,14.41,14.52,13.88,14.0,14.44,-0.4399999999999995,-3.0471,368139.29,518162.707
002045.SZ,20230207,14.25,14.83,14.12,14.44,14.26,0.17999999999999972,1.2623,452168.74,652791.06
002045.SZ,20230206,14.22,14.5,14.08,14.26,14.8,-0.5400000000000009,-3.6486,407912.62,580569.874
002045.SZ,20230203,14.85,15.16,14.36,14.8,14.56,0.2400000000000002,1.6484,577385.18,853445.883
002045.SZ,20230202,14.52,14.98,14.28,14.56,14.24,0.3200000000000003,2.2472,570309.35,833701.321
002045.SZ,20230201,14.2,14.39,14.12,14.24,14.29,-0.049999999999998934,-0.3499,319147.54,455157.045
002045.SZ,20230131,13.98,14.44,13.61,14.29,14.26,0.02999999999999936,0.2104,437715.5,617709.99
002045.SZ,20230130,13.88,14.4,13.85,14.26,13.82,0.4399999999999995,3.1838,410693.4,581143.803
002045.SZ,20230120,13.86,13.96,13.55,13.82,13.79,0.030000000000001137,0.2175,219868.51,302106.909
002045.SZ,20230119,13.64,13.97,13.57,13.79,13.75,0.03999999999999915,0.2909,186349.07,257181.673
002045.SZ,20230118,13.98,14.13,13.63,13.75,14.21,-0.46000000000000085,-3.2372,297548.36,411271.439
002045.SZ,20230117,13.5,14.25,13.48,14.21,13.62,0.5900000000000016,4.3319,542341.5,760333.996
002045.SZ,20230116,13.41,13.72,13.3,13.62,13.49,0.129999999999999,0.9637,260104.58,351543.243
002045.SZ,20230113,13.83,14.15,13.45,13.49,13.9,-0.41000000000000014,-2.9496,383369.53,525403.667
002045.SZ,20230112,13.71,14.04,13.64,13.9,13.79,0.11000000000000121,0.7977,534695.3,738639.415
002045.SZ,20230111,12.89,14.25,12.86,13.79,12.95,0.8399999999999999,6.4865,851697.99,1175083.096
002045.SZ,20230110,12.87,13.23,12.77,12.95,12.98,-0.030000000000001137,-0.2311,193167.0,251183.502
002045.SZ,20230109,12.81,13.09,12.66,12.98,12.92,0.0600000000000005,0.4644,259632.15,334370.406
002045.SZ,20230106,13.03,13.26,12.74,12.92,13.14,-0.22000000000000064,-1.6743,370519.7,481161.791
002045.SZ,20230105,13.06,13.64,12.83,13.14,12.92,0.22000000000000064,1.7028,444564.95,590063.695
002045.SZ,20230104,12.56,13.09,12.55,12.92,12.66,0.2599999999999998,2.0537,269401.77,346749.296
002045.SZ,20230103,12.35,12.76,12.2,12.66,12.39,0.2699999999999996,2.1792,194987.25,245140.881
002045.SZ,20221230,12.2,12.44,12.14,12.39,12.15,0.2400000000000002,1.9753,104524.09,128886.762
002045.SZ,20221229,12.22,12.31,12.08,12.15,12.29,-0.1399999999999988,-1.1391,84219.14,102609.56
002045.SZ,20221228,12.55,12.55,12.17,12.29,12.61,-0.3200000000000003,-2.5377,123885.69,152444.531
002045.SZ,20221227,12.09,12.65,11.95,12.61,12.07,0.5399999999999991,4.4739,224852.47,277266.476
002045.SZ,20221226,11.63,12.15,11.62,12.07,11.73,0.33999999999999986,2.8986,140426.42,168570.53
002045.SZ,20221223,11.75,11.96,11.6,11.73,11.85,-0.11999999999999922,-1.0127,113995.81,133975.477
002045.SZ,20221222,11.72,12.09,11.71,11.85,11.66,0.1899999999999995,1.6295,169840.13,202008.254
002045.SZ,20221221,12.25,12.35,11.55,11.66,12.34,-0.6799999999999997,-5.5105,201183.37,239336.235
002045.SZ,20221220,12.23,12.72,12.1,12.34,12.28,0.0600000000000005,0.4886,136576.28,169163.971
002045.SZ,20221219,12.86,12.89,12.26,12.28,12.89,-0.6100000000000012,-4.7324,183442.58,229047.476
002045.SZ,20221216,12.9,12.93,12.62,12.89,13.09,-0.1999999999999993,-1.5279,243462.44,310487.108
002045.SZ,20221215,12.51,13.09,12.31,13.09,12.5,0.5899999999999999,4.72,388551.65,500497.735
002045.SZ,20221214,12.45,12.71,12.36,12.5,12.4,0.09999999999999964,0.8065,177306.9,222834.613
002045.SZ,20221213,12.5,12.63,12.23,12.4,12.58,-0.17999999999999972,-1.4308,171934.48,213155.795
002045.SZ,20221212,12.19,12.82,12.15,12.58,12.29,0.2900000000000009,2.3596,210371.92,263333.226
002045.SZ,20221209,12.5,12.55,12.24,12.29,12.49,-0.20000000000000107,-1.6013,132667.11,164012.497
002045.SZ,20221208,12.66,12.7,12.36,12.49,12.66,-0.16999999999999993,-1.3428,156608.45,195789.822
002045.SZ,20221207,12.4,12.74,12.33,12.66,12.54,0.120000000000001,0.9569,189077.92,237744.73
002045.SZ,20221206,12.39,12.8,12.26,12.54,12.43,0.10999999999999943,0.885,191224.95,239220.329
002045.SZ,20221205,12.65,12.66,12.33,12.43,12.65,-0.22000000000000064,-1.7391,175028.33,218086.635
002045.SZ,20221202,12.59,12.87,12.52,12.65,12.62,0.030000000000001137,0.2377,181434.11,230099.898
002045.SZ,20221201,12.55,12.68,12.44,12.62,12.35,0.2699999999999996,2.1862,232593.61,292674.601
002045.SZ,20221130,12.38,12.56,12.24,12.35,12.46,-0.11000000000000121,-0.8828,172308.56,213365.94
002045.SZ,20221129,12.22,12.55,12.13,12.46,12.19,0.27000000000000135,2.2149,234948.02,290545.67
002045.SZ,20221128,12.0,12.27,11.97,12.19,12.22,-0.030000000000001137,-0.2455,150459.11,182224.37
002045.SZ,20221125,12.34,12.45,12.16,12.22,12.48,-0.2599999999999998,-2.0833,192002.21,235473.245
002045.SZ,20221124,12.61,12.68,12.35,12.48,12.74,-0.2599999999999998,-2.0408,241462.41,301174.404
002045.SZ,20221123,12.67,12.88,12.25,12.74,12.57,0.16999999999999993,1.3524,302900.93,379919.335
002045.SZ,20221122,13.87,13.93,12.54,12.57,13.93,-1.3599999999999994,-9.7631,544939.85,715419.586
002045.SZ,20221121,14.17,14.25,13.71,13.93,14.31,-0.3800000000000008,-2.6555,318783.16,443024.491
002045.SZ,20221118,13.8,14.45,13.66,14.31,13.94,0.370000000000001,2.6542,554937.18,782702.52
002045.SZ,20221117,13.91,14.17,13.61,13.94,13.8,0.1399999999999988,1.0145,324785.33,450919.693
002045.SZ,20221116,13.96,14.3,13.72,13.8,14.0,-0.1999999999999993,-1.4286,428096.24,600056.688
002045.SZ,20221115,13.61,14.05,13.48,14.0,13.81,0.1899999999999995,1.3758,361520.75,500602.164
002045.SZ,20221114,13.61,14.05,13.48,13.81,13.61,0.20000000000000107,1.4695,357083.44,493582.465
002045.SZ,20221111,14.4,14.42,13.51,13.61,14.14,-0.5300000000000011,-3.7482,532758.43,741738.984
002045.SZ,20221110,14.18,14.46,14.05,14.14,14.58,-0.4399999999999995,-3.0178,451844.12,643948.358
002045.SZ,20221109,14.4,14.85,13.9,14.58,14.39,0.1899999999999995,1.3204,600334.71,864010.206
002045.SZ,20221108,14.9,14.99,14.29,14.39,15.1,-0.7099999999999991,-4.702,654091.52,951421.315
002045.SZ,20221107,14.55,15.75,14.42,15.1,14.53,0.5700000000000003,3.9229,952413.17,1432262.073
002045.SZ,20221104,14.1,14.74,13.98,14.53,14.76,-0.23000000000000043,-1.5583,956595.51,1376417.429
002045.SZ,20221103,14.19,15.2,13.82,14.76,13.82,0.9399999999999995,6.8017,1349643.56,1968880.093
002045.SZ,20221102,13.82,13.82,13.82,13.82,12.56,1.2599999999999998,10.0318,125059.29,172831.939
002045.SZ,20221101,12.15,12.56,11.94,12.56,12.15,0.41000000000000014,3.3745,333638.99,410159.701
002045.SZ,20221031,11.99,12.44,11.9,12.15,11.82,0.33000000000000007,2.7919,323705.18,395713.207
002045.SZ,20221028,12.36,12.61,11.74,11.82,12.63,-0.8100000000000005,-6.4133,444945.97,538444.371
002045.SZ,20221027,12.76,13.05,12.15,12.63,12.77,-0.1399999999999988,-1.0963,427545.27,544186.357
002045.SZ,20221026,12.62,13.07,12.56,12.77,12.51,0.2599999999999998,2.0783,493514.74,632492.113
002045.SZ,20221025,12.39,12.65,12.15,12.51,12.61,-0.09999999999999964,-0.793,371812.44,462028.513
002045.SZ,20221024,12.38,12.88,12.23,12.61,12.31,0.29999999999999893,2.437,527027.95,666248.328
002045.SZ,20221021,12.48,12.65,12.12,12.31,12.49,-0.17999999999999972,-1.4412,364915.87,451377.974
002045.SZ,20221020,12.51,12.69,12.24,12.49,12.68,-0.1899999999999995,-1.4984,443581.35,552827.788
002045.SZ,20221019,13.02,13.16,12.66,12.68,13.29,-0.6099999999999994,-4.5899,713269.56,915366.954
002045.SZ,20221018,11.97,13.29,11.94,13.29,12.08,1.209999999999999,10.0166,1040332.09,1334823.204
002045.SZ,20221017,12.56,12.56,11.75,12.08,11.42,0.6600000000000001,5.7793,772961.27,934827.143
002045.SZ,20221014,11.11,11.47,11.0,11.42,11.05,0.3699999999999992,3.3484,275487.0,310788.703
002045.SZ,20221013,10.89,11.34,10.84,11.05,11.06,-0.009999999999999787,-0.0904,268726.0,298272.339
002045.SZ,20221012,10.66,11.06,10.4,11.06,10.67,0.39000000000000057,3.6551,264235.75,284160.604
002045.SZ,20221011,10.46,10.69,10.29,10.67,10.45,0.22000000000000064,2.1053,196717.34,208004.023
002045.SZ,20221010,10.78,10.91,10.35,10.45,10.77,-0.3200000000000003,-2.9712,227465.02,241217.834
002045.SZ,20220930,11.42,11.42,10.77,10.77,11.31,-0.5400000000000009,-4.7745,232113.57,256276.971
002045.SZ,20220929,11.84,11.88,11.24,11.31,11.68,-0.3699999999999992,-3.1678,277404.0,317965.146
002045.SZ,20220928,12.58,12.65,11.56,11.68,12.57,-0.8900000000000006,-7.0804,385820.65,458817.796
002045.SZ,20220927,12.52,12.62,12.2,12.57,12.51,0.0600000000000005,0.4796,306160.7,380752.215
002045.SZ,20220926,12.02,12.92,11.88,12.51,12.02,0.4900000000000002,4.0765,549483.88,684516.567
002045.SZ,20220923,13.13,13.24,11.92,12.02,13.0,-0.9800000000000004,-7.5385,680532.04,841429.347
002045.SZ,20220922,13.21,13.5,12.56,13.0,13.59,-0.5899999999999999,-4.3414,656967.52,856210.289
002045.SZ,20220921,13.33,14.14,13.18,13.59,13.56,0.02999999999999936,0.2212,742918.22,1021507.292
002045.SZ,20220920,13.48,13.69,13.07,13.56,13.59,-0.02999999999999936,-0.2208,672407.58,898644.98
002045.SZ,20220919,13.13,13.61,12.76,13.59,13.04,0.5500000000000007,4.2178,857864.67,1138977.429
002045.SZ,20220916,12.55,13.42,12.45,13.04,12.56,0.47999999999999865,3.8217,895902.22,1165628.442
002045.SZ,20220915,12.61,12.95,12.15,12.56,12.71,-0.15000000000000036,-1.1802,590666.68,740103.948
002045.SZ,20220914,12.34,12.83,12.34,12.71,12.61,0.10000000000000142,0.793,365986.13,461956.543
002045.SZ,20220913,12.51,12.85,12.42,12.61,12.48,0.129999999999999,1.0417,415914.28,524250.754
002045.SZ,20220909,12.75,13.35,12.14,12.48,12.82,-0.33999999999999986,-2.6521,590922.67,748953.509
002045.SZ,20220908,13.85,14.17,12.77,12.82,13.8,-0.9800000000000004,-7.1014,873237.7,1163939.521
002045.SZ,20220907,13.2,13.8,13.12,13.8,13.22,0.5800000000000001,4.3873,832942.33,1130737.781
002045.SZ,20220906,13.07,13.33,12.6,13.22,12.87,0.3500000000000014,2.7195,659329.64,859088.696
002045.SZ,20220905,12.83,13.06,12.6,12.87,12.84,0.02999999999999936,0.2336,533761.68,686556.583
002045.SZ,20220902,12.6,13.14,12.41,12.84,12.58,0.2599999999999998,2.0668,769457.85,986575.344
002045.SZ,20220901,12.8,13.03,12.46,12.58,12.91,-0.33000000000000007,-2.5562,938943.13,1196934.289
002045.SZ,20220831,13.01,13.97,12.91,12.91,14.34,-1.4299999999999997,-9.9721,1352119.62,1791534.685
002045.SZ,20220830,16.28,17.52,14.34,14.34,15.93,-1.5899999999999999,-9.9812,1846613.02,2990004.106
002045.SZ,20220829,15.66,17.1,15.66,15.93,15.75,0.17999999999999972,1.1429,1198470.63,1990184.861
002045.SZ,20220826,16.56,17.59,15.15,15.75,16.8,-1.0500000000000007,-6.25,1324773.71,2193637.312
002045.SZ,20220825,15.8,17.59,15.22,16.8,16.79,0.010000000000001563,0.0596,1435606.55,2401952.338
002045.SZ,20220824,17.75,18.2,16.79,16.79,18.66,-1.870000000000001,-10.0214,849467.75,1480139.031
002045.SZ,20220823,18.66,19.3,17.18,18.66,18.24,0.4200000000000017,2.3026,1704170.27,3114892.88
002045.SZ,20220822,16.89,18.24,16.15,18.24,16.58,1.6600000000000001,10.0121,1159447.57,2031754.081
002045.SZ,20220819,15.82,16.58,15.82,16.58,15.07,1.509999999999998,10.0199,1682714.02,2757447.651
002045.SZ,20220818,13.7,15.07,13.29,15.07,13.7,1.370000000000001,10.0,976938.56,1396325.073
002045.SZ,20220817,13.55,15.37,12.8,13.7,13.97,-0.27000000000000135,-1.9327,1176863.73,1671813.224
002045.SZ,20220816,12.7,13.97,12.28,13.97,12.7,1.2700000000000014,10.0,952279.18,1256974.411
002045.SZ,20220815,12.6,13.35,11.8,12.7,12.98,-0.28000000000000114,-2.1572,1007050.08,1266038.605
002045.SZ,20220812,12.98,12.98,12.98,12.98,11.8,1.1799999999999997,10.0,85348.54,110782.405
002045.SZ,20220811,10.89,11.8,10.89,11.8,10.73,1.0700000000000003,9.972,474947.58,550817.731
002045.SZ,20220810,9.77,10.73,9.6,10.73,9.75,0.9800000000000004,10.0513,561226.52,578279.515
002045.SZ,20220809,9.36,9.95,9.28,9.75,9.42,0.33000000000000007,3.5032,285115.1,275742.507
002045.SZ,20220808,9.28,9.48,9.22,9.42,9.29,0.13000000000000078,1.3994,112551.76,105068.58
002045.SZ,20220805,9.48,9.54,9.1,9.29,9.38,-0.09000000000000163,-0.9595,159302.13,147972.168
002045.SZ,20220804,9.38,9.59,9.3,9.38,9.29,0.09000000000000163,0.9688,139274.0,131200.827
002045.SZ,20220803,9.02,9.59,9.02,9.29,8.98,0.3099999999999987,3.4521,232792.87,217509.87
002045.SZ,20220802,9.36,9.37,8.8,8.98,9.49,-0.5099999999999998,-5.3741,184901.0,167529.437
002045.SZ,20220801,9.56,9.69,9.36,9.49,9.62,-0.129999999999999,-1.3514,137468.26,131272.522
002045.SZ,20220729,9.88,9.9,9.53,9.62,9.88,-0.26000000000000156,-2.6316,208139.06,201523.483
002045.SZ,20220728,9.4,10.3,9.39,9.88,9.42,0.46000000000000085,4.8832,346757.21,339069.157
002045.SZ,20220727,9.36,9.62,9.25,9.42,9.51,-0.08999999999999986,-0.9464,204760.04,192583.919
002045.SZ,20220726,9.08,9.65,9.01,9.51,9.09,0.41999999999999993,4.6205,245654.8,228933.413
002045.SZ,20220725,9.24,9.3,9.04,9.09,9.34,-0.25,-2.6767,125579.46,114710.384
002045.SZ,20220722,9.23,9.44,9.13,9.34,9.34,0.0,0.0,267930.76,249047.111
002045.SZ,20220721,8.81,9.62,8.8,9.34,8.85,0.4900000000000002,5.5367,430338.61,399139.993
002045.SZ,20220720,8.99,9.01,8.77,8.85,8.92,-0.07000000000000028,-0.7848,127835.0,112804.448
002045.SZ,20220719,8.74,8.92,8.6,8.92,8.67,0.25,2.8835,167242.0,147141.578
002045.SZ,20220718,8.55,8.68,8.49,8.67,8.42,0.25,2.9691,90519.1,77725.315
002045.SZ,20220715,8.69,8.8,8.41,8.42,8.8,-0.3800000000000008,-4.3182,145421.0,124893.414
002045.SZ,20220714,8.76,8.86,8.67,8.8,8.75,0.05000000000000071,0.5714,144235.79,126422.658
002045.SZ,20220713,8.67,8.94,8.66,8.75,8.66,0.08999999999999986,1.0393,149092.86,130490.55
002045.SZ,20220712,8.87,9.06,8.64,8.66,8.95,-0.28999999999999915,-3.2402,229626.41,202184.524
002045.SZ,20220711,9.15,9.29,8.86,8.95,9.0,-0.05000000000000071,-0.5556,487406.35,442660.856
002045.SZ,20220708,8.2,9.0,8.18,9.0,8.18,0.8200000000000003,10.0244,240571.54,212786.93
002045.SZ,20220707,8.12,8.26,8.12,8.18,8.13,0.049999999999998934,0.615,50596.01,41430.212
002045.SZ,20220706,8.29,8.31,8.06,8.13,8.3,-0.16999999999999993,-2.0482,74642.0,60922.152
002045.SZ,20220705,8.56,8.63,8.17,8.3,8.53,-0.22999999999999865,-2.6964,123561.0,103157.224
002045.SZ,20220704,8.44,8.54,8.31,8.53,8.46,0.06999999999999851,0.8274,81953.52,68949.222
002045.SZ,20220701,8.58,8.65,8.44,8.46,8.55,-0.08999999999999986,-1.0526,78435.0,66768.933
002045.SZ,20220630,8.65,8.76,8.54,8.55,8.6,-0.049999999999998934,-0.5814,91274.5,78753.472
002045.SZ,20220629,8.95,9.03,8.6,8.6,8.89,-0.2900000000000009,-3.2621,137836.5,121336.144
002045.SZ,20220628,8.74,8.93,8.6,8.89,8.72,0.16999999999999993,1.9495,158107.89,139035.26
002045.SZ,20220627,8.86,8.88,8.67,8.72,8.71,0.009999999999999787,0.1148,97877.0,85512.739
002045.SZ,20220624,8.56,8.91,8.52,8.71,8.53,0.1800000000000015,2.1102,145016.0,126569.393
002045.SZ,20220623,8.5,8.55,8.29,8.53,8.6,-0.07000000000000028,-0.814,143712.0,121224.729
002045.SZ,20220622,9.11,9.21,8.6,8.6,8.99,-0.39000000000000057,-4.3382,210419.7,186522.791
002045.SZ,20220621,8.73,8.99,8.63,8.99,8.75,0.2400000000000002,2.7429,208002.77,184452.422
002045.SZ,20220620,8.7,8.79,8.68,8.75,8.69,0.0600000000000005,0.6904,99061.0,86575.982
002045.SZ,20220617,8.66,8.75,8.5,8.69,8.75,-0.0600000000000005,-0.6857,105304.17,91153.053
002045.SZ,20220616,8.48,8.78,8.45,8.75,8.51,0.2400000000000002,2.8202,156389.8,135621.941
002045.SZ,20220615,8.61,8.75,8.51,8.51,8.61,-0.09999999999999964,-1.1614,132733.81,114552.678
002045.SZ,20220614,8.67,8.7,8.28,8.61,8.73,-0.120000000000001,-1.3746,165762.0,140534.755
002045.SZ,20220613,8.52,8.84,8.52,8.73,8.64,0.08999999999999986,1.0417,128794.0,111810.805
002045.SZ,20220610,8.5,8.75,8.47,8.64,8.53,0.11000000000000121,1.2896,108420.84,93409.915
002045.SZ,20220609,8.88,8.88,8.5,8.53,8.9,-0.370000000000001,-4.1573,157394.0,136184.612
002045.SZ,20220608,8.96,9.0,8.6,8.9,8.78,0.120000000000001,1.3667,238361.84,210453.051
002045.SZ,20220607,8.9,9.06,8.7,8.78,8.96,-0.1800000000000015,-2.0089,224006.78,197726.78
002045.SZ,20220606,8.93,9.05,8.8,8.96,9.07,-0.10999999999999943,-1.2128,284977.79,254564.131
002045.SZ,20220602,8.97,9.36,8.87,9.07,9.55,-0.4800000000000004,-5.0262,507070.54,458740.363
002045.SZ,20220601,9.68,10.23,9.55,9.55,9.3,0.25,2.6882,768758.91,763397.822
002045.SZ,20220531,8.51,9.3,8.26,9.3,8.45,0.8500000000000014,10.0592,331340.35,292844.691
002045.SZ,20220530,8.2,8.45,7.98,8.45,8.17,0.27999999999999936,3.4272,158863.27,130077.608
002045.SZ,20220527,7.99,8.5,7.97,8.17,7.96,0.20999999999999996,2.6382,131880.0,108382.014
002045.SZ,20220526,7.88,8.0,7.7,7.96,7.86,0.09999999999999964,1.2723,76028.0,59949.93
002045.SZ,20220525,8.19,8.19,7.67,7.86,7.93,-0.0699999999999994,-0.8827,101113.5,79181.159
002045.SZ,20220524,8.35,8.38,7.93,7.93,8.34,-0.41000000000000014,-4.9161,79168.0,64243.394
002045.SZ,20220523,8.19,8.34,8.1,8.34,8.11,0.23000000000000043,2.836,94788.0,78140.101
002045.SZ,20220520,8.11,8.24,8.09,8.11,8.09,0.019999999999999574,0.2472,79170.0,64520.363
002045.SZ,20220519,8.0,8.17,7.95,8.09,8.15,-0.0600000000000005,-0.7362,61277.02,49484.872
002045.SZ,20220518,8.46,8.46,8.1,8.15,8.35,-0.1999999999999993,-2.3952,100628.0,82655.673
002045.SZ,20220517,8.19,8.43,7.96,8.35,8.25,0.09999999999999964,1.2121,149643.35,123287.808
002045.SZ,20220516,8.28,8.39,8.11,8.25,8.4,-0.15000000000000036,-1.7857,107471.0,88502.457
002045.SZ,20220513,7.9,8.5,7.85,8.4,7.91,0.4900000000000002,6.1947,225279.0,185878.01
002045.SZ,20220512,7.86,8.01,7.72,7.91,7.8,0.11000000000000032,1.4103,220762.66,173209.183
002045.SZ,20220511,7.96,8.56,7.79,7.8,7.78,0.019999999999999574,0.2571,284225.26,234527.286
002045.SZ,20220510,7.6,7.78,7.51,7.78,7.59,0.1900000000000004,2.5033,54199.01,41593.424
002045.SZ,20220509,7.5,7.67,7.42,7.59,7.49,0.09999999999999964,1.3351,48653.0,36884.472
002045.SZ,20220506,7.4,7.63,7.26,7.49,7.52,-0.02999999999999936,-0.3989,64965.0,48397.446
002045.SZ,20220505,7.27,7.61,7.11,7.52,7.22,0.2999999999999998,4.1551,82044.02,60872.095
002045.SZ,20220429,7.02,7.31,7.02,7.22,7.0,0.21999999999999975,3.1429,84081.55,60345.166
002045.SZ,20220428,7.11,7.17,6.96,7.0,7.18,-0.17999999999999972,-2.507,109393.78,76839.885
002045.SZ,20220427,6.83,7.19,6.6,7.18,6.83,0.34999999999999964,5.1245,84246.7,58569.999
002045.SZ,20220426,6.88,7.12,6.78,6.83,6.89,-0.05999999999999961,-0.8708,85826.52,59413.354
002045.SZ,20220425,7.46,7.46,6.88,6.89,7.58,-0.6900000000000004,-9.1029,84551.0,60322.144
002045.SZ,20220422,7.75,7.77,7.3,7.58,7.83,-0.25,-3.1928,50256.0,38440.465
002045.SZ,20220421,8.15,8.2,7.8,7.83,8.15,-0.3200000000000003,-3.9264,77124.24,61619.553
002045.SZ,20220420,8.18,8.43,8.11,8.15,8.21,-0.0600000000000005,-0.7308,61365.87,50795.988
002045.SZ,20220419,8.16,8.25,8.15,8.21,8.19,0.02000000000000135,0.2442,38585.51,31638.981
002045.SZ,20220418,8.04,8.25,7.88,8.19,8.05,0.1399999999999988,1.7391,43647.11,35404.157
002045.SZ,20220415,8.15,8.16,7.95,8.05,8.16,-0.10999999999999943,-1.348,71887.88,57813.612
002045.SZ,20220414,8.29,8.3,8.15,8.16,8.22,-0.0600000000000005,-0.7299,46431.01,38135.982
002045.SZ,20220413,8.45,8.49,8.2,8.22,8.53,-0.3099999999999987,-3.6342,49667.77,41233.05
002045.SZ,20220412,8.19,8.53,8.12,8.53,8.22,0.3099999999999987,3.7713,79417.7,66095.16
002045.SZ,20220411,8.64,8.64,8.1,8.22,8.66,-0.4399999999999995,-5.0808,99597.5,83062.239
002045.SZ,20220408,8.93,8.96,8.5,8.66,8.94,-0.27999999999999936,-3.132,92978.0,80689.708
002045.SZ,20220407,9.23,9.29,8.94,8.94,9.27,-0.33000000000000007,-3.5599,82649.0,75097.245
002045.SZ,20220406,9.3,9.52,9.23,9.27,9.17,0.09999999999999964,1.0905,119049.0,111410.919
002045.SZ,20220401,8.97,9.32,8.83,9.17,9.05,0.11999999999999922,1.326,97377.62,88886.992
002045.SZ,20220331,9.19,9.19,9.02,9.05,9.11,-0.05999999999999872,-0.6586,52226.97,47412.244
002045.SZ,20220330,8.99,9.14,8.92,9.11,8.92,0.1899999999999995,2.13,62486.47,56607.991
002045.SZ,20220329,9.18,9.21,8.9,8.92,9.13,-0.21000000000000085,-2.3001,77433.4,69769.921
002045.SZ,20220328,9.2,9.45,9.06,9.13,9.08,0.05000000000000071,0.5507,137134.0,126269.452
002045.SZ,20220325,9.17,9.27,9.07,9.08,9.04,0.040000000000000924,0.4425,92626.01,84837.631
002045.SZ,20220324,9.18,9.2,9.0,9.04,9.25,-0.21000000000000085,-2.2703,64984.8,59021.776
002045.SZ,20220323,9.24,9.32,9.14,9.25,9.22,0.02999999999999936,0.3254,54837.81,50647.652
002045.SZ,20220322,9.2,9.36,9.08,9.22,9.2,0.02000000000000135,0.2174,59722.04,55017.354
002045.SZ,20220321,9.3,9.3,9.03,9.2,9.16,0.03999999999999915,0.4367,56961.01,52203.966
002045.SZ,20220318,9.07,9.22,9.01,9.16,9.07,0.08999999999999986,0.9923,53775.0,49175.916
002045.SZ,20220317,8.96,9.28,8.95,9.07,8.87,0.20000000000000107,2.2548,91415.0,83503.613
002045.SZ,20220316,8.74,8.92,8.4,8.87,8.62,0.25,2.9002,103606.02,90035.523
002045.SZ,20220315,9.18,9.18,8.6,8.62,9.19,-0.5700000000000003,-6.2024,99017.0,88196.735
002045.SZ,20220314,9.5,9.56,9.19,9.19,9.53,-0.33999999999999986,-3.5677,60151.67,56349.589
002045.SZ,20220311,9.44,9.57,9.22,9.53,9.5,0.02999999999999936,0.3158,62660.0,58826.79
002045.SZ,20220310,9.59,9.68,9.47,9.5,9.37,0.13000000000000078,1.3874,78605.0,75150.179
002045.SZ,20220309,9.47,9.58,8.85,9.37,9.47,-0.10000000000000142,-1.056,103435.0,95740.258
002045.SZ,20220308,9.73,9.9,9.33,9.47,9.78,-0.3099999999999987,-3.1697,95528.0,91535.768
002045.SZ,20220307,10.15,10.22,9.73,9.78,10.26,-0.4800000000000004,-4.6784,126839.01,125903.837
002045.SZ,20220304,10.15,10.53,10.04,10.26,10.16,0.09999999999999964,0.9843,109820.8,112553.856
002045.SZ,20220303,10.25,10.32,10.13,10.16,10.26,-0.09999999999999964,-0.9747,72929.8,74382.129
002045.SZ,20220302,10.2,10.29,10.16,10.26,10.27,-0.009999999999999787,-0.0974,48477.0,49551.659
002045.SZ,20220301,10.23,10.34,10.19,10.27,10.23,0.03999999999999915,0.391,56844.0,58337.516
002045.SZ,20220228,10.34,10.41,10.1,10.23,10.33,-0.09999999999999964,-0.9681,84238.0,85810.944
002045.SZ,20220225,10.31,10.47,10.31,10.33,10.21,0.11999999999999922,1.1753,87561.8,90946.386
002045.SZ,20220224,10.7,10.71,10.01,10.21,10.75,-0.5399999999999991,-5.0233,185333.47,191771.288
002045.SZ,20220223,10.51,10.79,10.5,10.75,10.5,0.25,2.381,104488.0,111542.721
002045.SZ,20220222,10.88,10.88,10.4,10.5,11.0,-0.5,-4.5455,177586.0,187898.212
002045.SZ,20220221,11.01,11.18,10.94,11.0,11.35,-0.34999999999999964,-3.0837,236720.06,261272.096
002045.SZ,20220218,10.59,11.7,10.51,11.35,10.64,0.7099999999999991,6.6729,268747.71,302674.711
002045.SZ,20220217,10.88,10.91,10.6,10.64,10.9,-0.2599999999999998,-2.3853,95077.0,102341.285
002045.SZ,20220216,10.8,10.96,10.72,10.9,10.75,0.15000000000000036,1.3953,73838.0,80023.298
002045.SZ,20220215,10.8,10.96,10.62,10.75,10.79,-0.03999999999999915,-0.3707,64903.0,69901.309
002045.SZ,20220214,10.68,10.98,10.54,10.79,10.77,0.019999999999999574,0.1857,68006.57,73449.91
002045.SZ,20220211,11.07,11.1,10.74,10.77,11.08,-0.3100000000000005,-2.7978,79793.67,86857.874
002045.SZ,20220210,11.25,11.25,11.0,11.08,11.25,-0.16999999999999993,-1.5111,73571.0,81800.666
002045.SZ,20220209,11.1,11.33,11.04,11.25,11.11,0.14000000000000057,1.2601,91505.0,102630.495
002045.SZ,20220208,11.12,11.21,10.82,11.11,11.15,-0.040000000000000924,-0.3587,124005.0,136591.197
002045.SZ,20220207,10.79,11.35,10.18,11.15,10.81,0.33999999999999986,3.1452,189637.47,204413.57
002045.SZ,20220128,10.79,10.95,10.51,10.81,10.64,0.16999999999999993,1.5977,115887.46,125053.456
002045.SZ,20220127,11.09,11.2,10.62,10.64,11.01,-0.3699999999999992,-3.3606,131548.0,143272.886
002045.SZ,20220126,11.2,11.36,10.95,11.01,11.14,-0.13000000000000078,-1.167,109422.0,121454.689
002045.SZ,20220125,11.78,11.79,11.11,11.14,11.79,-0.6499999999999986,-5.5131,124983.0,142242.795
002045.SZ,20220124,11.84,12.01,11.61,11.79,11.91,-0.120000000000001,-1.0076,84441.0,99946.392
002045.SZ,20220121,11.98,12.13,11.7,11.91,11.99,-0.08000000000000007,-0.6672,98767.7,117485.511
002045.SZ,20220120,12.62,12.7,11.94,11.99,12.73,-0.7400000000000002,-5.813,176591.0,214383.243
002045.SZ,20220119,12.81,12.98,12.39,12.73,12.82,-0.08999999999999986,-0.702,155180.49,196696.262
002045.SZ,20220118,13.1,13.21,12.75,12.82,13.29,-0.46999999999999886,-3.5365,205616.01,265881.039
002045.SZ,20220117,13.19,13.53,13.07,13.29,12.87,0.41999999999999993,3.2634,268305.81,358174.05
002045.SZ,20220114,12.56,12.97,12.56,12.87,12.83,0.03999999999999915,0.3118,124617.62,159591.117
002045.SZ,20220113,13.25,13.31,12.82,12.83,13.25,-0.41999999999999993,-3.1698,176145.0,228816.579
002045.SZ,20220112,12.99,13.3,12.89,13.25,12.85,0.40000000000000036,3.1128,164681.0,216104.627
002045.SZ,20220111,13.44,13.5,12.82,12.85,13.31,-0.46000000000000085,-3.456,191425.36,250921.692
002045.SZ,20220110,13.28,13.43,12.88,13.31,13.51,-0.1999999999999993,-1.4804,233243.31,307724.074
002045.SZ,20220107,14.0,14.72,13.43,13.51,14.05,-0.5400000000000009,-3.8434,312987.01,439212.244
002045.SZ,20220106,14.95,15.0,13.83,14.05,15.37,-1.3199999999999985,-8.5882,469217.0,661832.962
002045.SZ,20220105,15.41,15.66,14.7,15.37,15.41,-0.040000000000000924,-0.2596,329057.86,498850.3
002045.SZ,20220104,14.96,15.49,14.71,15.41,15.0,0.41000000000000014,2.7333,361470.19,550166.987
002045.SZ,20211231,14.67,15.12,14.41,15.0,14.61,0.39000000000000057,2.6694,326229.71,483625.507
002045.SZ,20211230,14.69,15.16,14.58,14.61,14.62,-0.009999999999999787,-0.0684,288562.69,428797.902
002045.SZ,20211229,14.82,15.06,14.58,14.62,14.91,-0.2900000000000009,-1.945,192103.69,283096.513
002045.SZ,20211228,15.05,15.11,14.65,14.91,14.96,-0.05000000000000071,-0.3342,226765.0,337283.736
002045.SZ,20211227,15.75,15.9,14.74,14.96,15.86,-0.8999999999999986,-5.6747,397050.3,599081.901
002045.SZ,20211224,15.86,16.3,15.53,15.86,15.68,0.17999999999999972,1.148,460448.0,733070.387
002045.SZ,20211223,15.86,16.02,15.41,15.68,15.97,-0.2900000000000009,-1.8159,436010.28,684665.075
002045.SZ,20211222,15.8,16.52,15.16,15.97,15.2,0.7700000000000014,5.0658,888374.62,1406696.063
002045.SZ,20211221,13.99,15.2,13.9,15.2,13.82,1.379999999999999,9.9855,415124.61,620386.399
002045.SZ,20211220,14.9,14.9,13.59,13.82,14.9,-1.08,-7.2483,422796.22,592881.296
002045.SZ,20211217,14.55,14.96,14.2,14.9,14.73,0.16999999999999993,1.1541,415540.72,607529.322
002045.SZ,20211216,15.05,15.36,14.61,14.73,14.61,0.120000000000001,0.8214,589123.48,882873.451
002045.SZ,20211215,14.68,14.95,14.25,14.61,14.57,0.03999999999999915,0.2745,409324.72,598005.813
002045.SZ,20211214,15.14,15.36,14.35,14.57,14.7,-0.129999999999999,-0.8844,662684.8,986567.462
002045.SZ,20211213,13.55,14.7,13.35,14.7,13.36,1.3399999999999999,10.0299,606164.83,859233.459
002045.SZ,20211210,13.06,13.55,13.01,13.36,13.07,0.28999999999999915,2.2188,244186.8,325775.532
002045.SZ,20211209,13.12,13.35,13.05,13.07,13.21,-0.14000000000000057,-1.0598,201575.26,265634.72
002045.SZ,20211208,12.72,13.25,12.65,13.21,12.64,0.5700000000000003,4.5095,245909.75,319781.981
002045.SZ,20211207,12.88,12.99,12.48,12.64,12.9,-0.2599999999999998,-2.0155,228170.0,289869.859
002045.SZ,20211206,12.91,13.37,12.88,12.9,13.05,-0.15000000000000036,-1.1494,208513.5,272289.116
002045.SZ,20211203,12.87,13.2,12.87,13.05,12.91,0.14000000000000057,1.0844,178701.5,233398.383
002045.SZ,20211202,13.75,13.8,12.91,12.91,13.8,-0.8900000000000006,-6.4493,390686.56,516270.811
002045.SZ,20211201,13.54,14.0,13.31,13.8,13.76,0.040000000000000924,0.2907,264272.57,363734.174
002045.SZ,20211130,14.15,14.2,13.66,13.76,13.9,-0.14000000000000057,-1.0072,296477.46,411748.089
002045.SZ,20211129,13.65,14.03,13.51,13.9,13.9,0.0,0.0,263184.02,362006.318
002045.SZ,20211126,14.15,14.3,13.76,13.9,14.15,-0.25,-1.7668,358322.26,501911.763
002045.SZ,20211125,15.01,15.2,14.11,14.15,14.68,-0.5299999999999994,-3.6104,518731.33,754227.52
002045.SZ,20211124,15.35,15.78,14.65,14.68,15.3,-0.620000000000001,-4.0523,784789.21,1193059.154
002045.SZ,20211123,14.49,15.36,14.18,15.3,14.76,0.5400000000000009,3.6585,780677.82,1155289.069
002045.SZ,20211122,14.94,14.94,14.0,14.76,15.09,-0.33000000000000007,-2.1869,806925.11,1166015.601
002045.SZ,20211119,13.96,15.09,13.77,15.09,13.72,1.3699999999999992,9.9854,851876.51,1269857.017
002045.SZ,20211118,14.75,15.14,13.57,13.72,14.77,-1.049999999999999,-7.109,662770.46,935822.472
002045.SZ,20211117,14.09,14.87,13.91,14.77,14.48,0.28999999999999915,2.0028,587551.72,850185.723
002045.SZ,20211116,14.0,15.25,13.86,14.48,14.31,0.16999999999999993,1.188,850546.73,1245173.023
002045.SZ,20211115,14.08,15.05,13.79,14.31,13.86,0.45000000000000107,3.2468,806787.66,1150495.313
002045.SZ,20211112,14.34,14.49,13.73,13.86,14.25,-0.39000000000000057,-2.7368,683577.4,965139.943
002045.SZ,20211111,14.22,14.67,13.61,14.25,14.63,-0.3800000000000008,-2.5974,859978.06,1221756.275
002045.SZ,20211110,15.13,15.39,14.26,14.63,14.99,-0.35999999999999943,-2.4016,1048475.86,1552093.583
002045.SZ,20211109,14.59,15.94,14.4,14.99,14.49,0.5,3.4507,1515251.8,2313225.346
002045.SZ,20211108,14.49,14.49,14.38,14.49,13.17,1.3200000000000003,10.0228,798658.15,1157186.706
002045.SZ,20211105,13.17,13.17,13.17,13.17,11.97,1.1999999999999993,10.0251,52538.72,69193.494
002045.SZ,20211104,11.97,11.97,11.97,11.97,10.88,1.0899999999999999,10.0184,62022.8,74241.291
002045.SZ,20211103,10.66,11.15,10.6,10.88,10.66,0.22000000000000064,2.0638,87837.33,95839.572
002045.SZ,20211102,11.05,11.07,10.57,10.66,11.07,-0.41000000000000014,-3.7037,86761.77,93667.096
002045.SZ,20211101,10.89,11.13,10.8,11.07,10.8,0.2699999999999996,2.5,71569.0,78626.005
002045.SZ,20211029,10.46,11.15,10.4,10.8,10.48,0.3200000000000003,3.0534,76963.77,82807.396
002045.SZ,20211028,10.43,10.74,10.04,10.48,11.04,-0.5599999999999987,-5.0725,124401.45,130539.653
002045.SZ,20211027,11.25,11.25,10.86,11.04,11.26,-0.22000000000000064,-1.9538,84034.01,92406.478
002045.SZ,20211026,10.69,11.35,10.61,11.26,10.71,0.5499999999999989,5.1354,149544.21,166369.216
002045.SZ,20211025,10.53,10.82,10.25,10.71,10.56,0.15000000000000036,1.4205,85740.0,90378.259
002045.SZ,20211022,10.4,10.63,10.32,10.56,10.39,0.16999999999999993,1.6362,63364.0,66678.024
002045.SZ,20211021,10.5,10.58,10.37,10.39,10.5,-0.10999999999999943,-1.0476,44749.57,46746.563
002045.SZ,20211020,10.64,10.75,10.47,10.5,10.65,-0.15000000000000036,-1.4085,49543.0,52412.279
002045.SZ,20211019,10.56,10.74,10.52,10.65,10.59,0.0600000000000005,0.5666,52901.24,56405.083
002045.SZ,20211018,10.45,10.59,10.25,10.59,10.49,0.09999999999999964,0.9533,58031.51,60750.226
002045.SZ,20211015,10.63,10.66,10.41,10.49,10.63,-0.14000000000000057,-1.317,48846.5,51411.293
002045.SZ,20211014,10.74,10.74,10.41,10.63,10.64,-0.009999999999999787,-0.094,62171.24,65737.474
002045.SZ,20211013,10.69,10.7,10.41,10.64,10.69,-0.049999999999998934,-0.4677,65241.23,69090.957
002045.SZ,20211012,11.16,11.16,10.35,10.69,11.19,-0.5,-4.4683,103916.0,111096.09
002045.SZ,20211011,11.23,11.35,11.03,11.19,11.23,-0.040000000000000924,-0.3562,62125.22,69236.486
002045.SZ,20211008,11.21,11.43,11.16,11.23,11.22,0.009999999999999787,0.0891,45685.35,51469.567
002045.SZ,20210930,11.05,11.28,10.98,11.22,11.01,0.21000000000000085,1.9074,52507.1,58361.044
002045.SZ,20210929,11.09,11.25,10.82,11.01,11.09,-0.08000000000000007,-0.7214,52953.0,58677.823
002045.SZ,20210928,11.4,11.46,10.97,11.09,11.44,-0.34999999999999964,-3.0594,89700.37,99751.946
002045.SZ,20210927,12.28,12.37,11.36,11.44,12.15,-0.7100000000000009,-5.8436,98171.01,114668.341
002045.SZ,20210924,12.6,12.65,11.34,12.15,12.6,-0.4499999999999993,-3.5714,80219.05,99248.264
002045.SZ,20210923,12.53,12.67,12.47,12.6,12.46,0.1399999999999988,1.1236,55363.01,69630.762
002045.SZ,20210922,12.48,12.66,12.3,12.46,12.7,-0.23999999999999844,-1.8898,55743.83,69856.625
002045.SZ,20210917,12.71,12.83,12.26,12.7,12.78,-0.08000000000000007,-0.626,106960.01,133662.852
002045.SZ,20210916,13.33,13.33,12.48,12.78,13.24,-0.46000000000000085,-3.4743,189955.68,243356.776
002045.SZ,20210915,13.18,13.46,13.04,13.24,13.21,0.02999999999999936,0.2271,107491.35,142748.559
002045.SZ,20210914,13.7,13.74,13.2,13.21,13.71,-0.5,-3.647,193090.07,259404.206
002045.SZ,20210913,13.55,13.95,13.3,13.71,13.65,0.0600000000000005,0.4396,216298.95,296341.742
002045.SZ,20210910,13.54,13.87,13.28,13.65,13.55,0.09999999999999964,0.738,209144.45,283969.818
002045.SZ,20210909,13.91,14.0,13.26,13.55,14.65,-1.0999999999999996,-7.5085,406435.37,553501.629
002045.SZ,20210908,13.44,14.65,13.44,14.65,13.32,1.33,9.985,498398.22,702399.738
002045.SZ,20210907,12.82,13.39,12.61,13.32,12.88,0.4399999999999995,3.4161,181968.78,238567.018
002045.SZ,20210906,12.35,12.89,12.27,12.88,12.46,0.41999999999999993,3.3708,102054.02,128892.743
002045.SZ,20210903,12.98,13.1,12.37,12.46,13.0,-0.5399999999999991,-4.1538,147838.01,187262.78
002045.SZ,20210902,12.84,13.21,12.57,13.0,13.0,0.0,0.0,112722.98,145878.614
002045.SZ,20210901,13.49,13.51,12.83,13.0,13.18,-0.17999999999999972,-1.3657,142911.79,187567.495
002045.SZ,20210831,13.59,13.66,12.8,13.18,13.76,-0.5800000000000001,-4.2151,234357.0,307787.325
002045.SZ,20210830,14.04,14.23,13.6,13.76,13.57,0.1899999999999995,1.4001,297686.87,413719.48
002045.SZ,20210827,12.95,13.6,12.46,13.57,12.95,0.620000000000001,4.7876,301584.31,398976.043
002045.SZ,20210826,12.94,13.16,12.72,12.95,12.93,0.019999999999999574,0.1547,127603.0,165165.146
002045.SZ,20210825,12.88,13.26,12.75,12.93,12.88,0.049999999999998934,0.3882,121041.39,156902.445
002045.SZ,20210824,13.2,13.2,12.79,12.88,12.95,-0.06999999999999851,-0.5405,131254.02,170132.802
002045.SZ,20210823,12.37,13.15,12.26,12.95,12.37,0.5800000000000001,4.6888,139302.01,178579.81
002045.SZ,20210820,12.05,12.38,11.9,12.37,12.09,0.27999999999999936,2.316,93530.77,114110.886
002045.SZ,20210819,12.35,12.49,11.99,12.09,12.37,-0.27999999999999936,-2.2635,112691.01,137665.308
002045.SZ,20210818,12.65,12.78,12.22,12.37,12.67,-0.3000000000000007,-2.3678,125975.0,155840.318
002045.SZ,20210817,13.03,13.24,12.65,12.67,13.02,-0.34999999999999964,-2.6882,147554.02,190224.946
002045.SZ,20210816,12.8,13.75,12.8,13.02,12.78,0.2400000000000002,1.8779,221910.48,294109.114
002045.SZ,20210813,13.08,13.22,12.65,12.78,13.14,-0.3600000000000012,-2.7397,153891.57,197565.499
002045.SZ,20210812,12.7,13.49,12.64,13.14,12.79,0.3500000000000014,2.7365,139189.19,181584.45
002045.SZ,20210811,12.75,13.04,12.56,12.79,12.77,0.019999999999999574,0.1566,95235.43,122182.6
002045.SZ,20210810,12.83,12.96,12.54,12.77,12.9,-0.13000000000000078,-1.0078,109496.68,139289.212
002045.SZ,20210809,13.06,13.08,12.5,12.9,13.07,-0.16999999999999993,-1.3007,112171.66,142773.219
002045.SZ,20210806,12.99,13.1,12.58,13.07,12.87,0.20000000000000107,1.554,130396.19,167726.743
002045.SZ,20210805,13.25,13.25,12.52,12.87,13.18,-0.3100000000000005,-2.352,150529.01,192435.515
002045.SZ,20210804,12.89,13.3,12.82,13.18,12.98,0.1999999999999993,1.5408,130454.15,170750.886
002045.SZ,20210803,13.35,13.43,12.88,12.98,13.38,-0.40000000000000036,-2.9895,144904.04,190164.996
002045.SZ,20210802,13.49,13.58,12.95,13.38,13.45,-0.06999999999999851,-0.5204,176979.33,233676.459
002045.SZ,20210730,12.8,13.45,12.7,13.45,12.88,0.5699999999999985,4.4255,188485.54,247994.682
002045.SZ,20210729,12.08,13.09,12.01,12.88,11.97,0.9100000000000001,7.6023,194541.71,246446.301
002045.SZ,20210728,12.18,12.4,11.27,11.97,12.51,-0.5399999999999991,-4.3165,200345.9,238816.35
002045.SZ,20210727,14.3,14.37,12.51,12.51,13.9,-1.3900000000000006,-10.0,253666.26,337189.123
002045.SZ,20210726,14.93,15.04,13.72,13.9,14.97,-1.0700000000000003,-7.1476,230188.15,329616.449
002045.SZ,20210723,14.83,15.37,14.4,14.97,14.77,0.20000000000000107,1.3541,210543.3,316155.785
002045.SZ,20210722,13.91,15.07,13.6,14.77,13.78,0.9900000000000002,7.1843,269738.38,391703.949
002045.SZ,20210721,13.81,14.09,13.47,13.78,13.79,-0.009999999999999787,-0.0725,167517.56,230635.451
002045.SZ,20210720,13.1,14.08,12.99,13.79,13.16,0.629999999999999,4.7872,223348.48,303772.917
002045.SZ,20210719,13.37,13.59,13.1,13.16,13.55,-0.39000000000000057,-2.8782,120650.2,160517.849
002045.SZ,20210716,13.8,13.8,13.3,13.55,13.8,-0.25,-1.8116,122431.04,165647.737
002045.SZ,20210715,13.47,14.04,13.03,13.8,13.55,0.25,1.845,218906.57,297542.777
002045.SZ,20210714,13.68,13.84,13.34,13.55,13.9,-0.34999999999999964,-2.518,173756.57,235266.272
002045.SZ,20210713,13.44,13.97,13.14,13.9,13.32,0.5800000000000001,4.3544,293095.42,396093.783
002045.SZ,20210712,13.5,13.55,12.94,13.32,13.57,-0.25,-1.8423,250091.0,329538.434
002045.SZ,20210709,13.26,13.8,13.0,13.57,13.42,0.15000000000000036,1.1177,203034.35,273076.869
002045.SZ,20210708,13.63,13.7,13.28,13.42,13.9,-0.4800000000000004,-3.4532,187598.72,252735.038
002045.SZ,20210707,13.48,13.92,13.05,13.9,13.52,0.3800000000000008,2.8107,293142.66,394152.075
002045.SZ,20210706,13.48,14.19,13.14,13.52,13.06,0.4599999999999991,3.5222,437734.85,592579.488
002045.SZ,20210705,11.96,13.06,11.68,13.06,11.87,1.1900000000000013,10.0253,334260.63,420684.51
002045.SZ,20210702,11.63,12.1,11.51,11.87,11.9,-0.030000000000001137,-0.2521,158046.0,187365.998
002045.SZ,20210701,12.59,12.69,11.74,11.9,12.44,-0.5399999999999991,-4.3408,216099.0,260875.447
002045.SZ,20210630,11.95,13.11,11.93,12.44,11.92,0.5199999999999996,4.3624,350949.09,445383.952
002045.SZ,20210629,11.86,12.13,11.77,11.92,11.89,0.02999999999999936,0.2523,157602.09,187951.773
002045.SZ,20210628,11.91,12.19,11.8,11.89,11.85,0.040000000000000924,0.3376,165436.59,197499.701
002045.SZ,20210625,12.11,12.25,11.68,11.85,12.28,-0.4299999999999997,-3.5016,213858.59,253879.392
002045.SZ,20210624,12.03,12.66,11.85,12.28,12.55,-0.27000000000000135,-2.1514,470251.36,573393.377
002045.SZ,20210623,11.25,12.55,11.03,12.55,11.41,1.1400000000000006,9.9912,528601.21,639378.487
002045.SZ,20210622,10.91,11.45,10.9,11.41,10.9,0.5099999999999998,4.6789,321247.85,360810.502
002045.SZ,20210621,10.31,11.0,10.26,10.9,10.43,0.47000000000000064,4.5062,262344.98,283093.196
002045.SZ,20210618,9.9,10.6,9.88,10.43,9.9,0.5299999999999994,5.3535,218847.74,225265.891
002045.SZ,20210617,9.6,10.05,9.6,9.9,9.85,0.05000000000000071,0.5076,111179.9,109477.2
002045.SZ,20210616,10.16,10.39,9.7,9.85,10.16,-0.3100000000000005,-3.0512,164930.91,166057.026
002045.SZ,20210615,9.72,10.48,9.71,10.16,9.72,0.4399999999999995,4.5267,164920.61,166566.953
002045.SZ,20210611,10.0,10.13,9.7,9.72,10.05,-0.33000000000000007,-3.2836,128860.07,127709.786
002045.SZ,20210610,10.0,10.2,9.96,10.05,10.1,-0.049999999999998934,-0.495,92881.01,93616.035
002045.SZ,20210609,10.18,10.27,9.99,10.1,10.2,-0.09999999999999964,-0.9804,108248.91,109437.32
002045.SZ,20210608,10.42,10.53,10.12,10.2,10.5,-0.3000000000000007,-2.8571,155367.91,159953.385
002045.SZ,20210607,10.34,10.53,10.23,10.5,10.22,0.27999999999999936,2.7397,178041.86,185141.444
002045.SZ,20210604,10.15,10.39,10.1,10.22,10.19,0.030000000000001137,0.2944,126262.26,129403.103
002045.SZ,20210603,10.1,10.41,10.05,10.19,10.1,0.08999999999999986,0.8911,237636.12,243659.048
002045.SZ,20210602,10.49,10.56,10.08,10.1,10.57,-0.47000000000000064,-4.4465,200602.62,206012.184
002045.SZ,20210601,10.29,10.8,10.15,10.57,10.28,0.2900000000000009,2.821,260990.69,273602.46
002045.SZ,20210531,10.17,10.58,10.11,10.28,10.35,-0.07000000000000028,-0.6763,285392.34,295405.98
002045.SZ,20210528,9.57,10.36,9.34,10.35,10.25,0.09999999999999964,0.9756,463059.9,459381.39
002045.SZ,20210527,10.01,10.62,10.0,10.25,9.65,0.5999999999999996,6.2176,655449.59,677393.439
002045.SZ,20210526,9.17,10.09,9.17,9.65,9.17,0.4800000000000004,5.2345,322247.57,312210.589
002045.SZ,20210525,9.37,9.42,8.88,9.17,9.39,-0.22000000000000064,-2.3429,154659.99,140983.25
002045.SZ,20210524,9.35,9.46,9.24,9.39,9.35,0.040000000000000924,0.4278,94461.31,88426.815
002045.SZ,20210521,9.41,9.47,9.25,9.35,9.54,-0.1899999999999995,-1.9916,140882.31,132095.006
002045.SZ,20210520,9.34,9.57,9.18,9.54,9.59,-0.05000000000000071,-0.5214,305671.3,285389.909
002045.SZ,20210519,8.73,9.59,8.72,9.59,8.72,0.8699999999999992,9.9771,355915.0,338088.705
002045.SZ,20210518,8.7,8.9,8.59,8.72,8.86,-0.1399999999999988,-1.5801,66766.89,57886.25
002045.SZ,20210517,9.1,9.1,8.73,8.86,8.95,-0.08999999999999986,-1.0056,73681.54,65563.119
002045.SZ,20210514,8.78,8.95,8.75,8.95,8.77,0.17999999999999972,2.0525,53540.31,47139.474
002045.SZ,20210513,9.0,9.05,8.72,8.77,9.05,-0.28000000000000114,-3.0939,56981.0,50543.135
002045.SZ,20210512,9.06,9.08,8.95,9.05,9.06,-0.009999999999999787,-0.1104,21380.0,19262.751
002045.SZ,20210511,9.16,9.16,8.98,9.06,9.16,-0.09999999999999964,-1.0917,33637.68,30436.229
002045.SZ,20210510,9.02,9.2,8.94,9.16,9.02,0.14000000000000057,1.5521,50752.73,46315.396
002045.SZ,20210507,9.05,9.13,8.94,9.02,8.95,0.07000000000000028,0.7821,70224.09,63416.103
002045.SZ,20210506,9.05,9.13,8.8,8.95,9.14,-0.19000000000000128,-2.0788,63433.63,56774.659
002045.SZ,20210430,9.31,9.31,8.86,9.14,9.29,-0.14999999999999858,-1.6146,63303.59,57469.642
002045.SZ,20210429,9.2,9.44,9.2,9.29,9.21,0.0799999999999983,0.8686,47061.56,43929.733
002045.SZ,20210428,9.2,9.37,9.07,9.21,9.23,-0.019999999999999574,-0.2167,40125.96,36920.567
002045.SZ,20210427,9.27,9.38,9.1,9.23,9.32,-0.08999999999999986,-0.9657,53793.16,49550.14
002045.SZ,20210426,9.62,9.65,9.28,9.32,9.58,-0.2599999999999998,-2.714,86368.4,81061.2
002045.SZ,20210423,9.72,9.72,9.5,9.58,9.79,-0.20999999999999908,-2.145,62196.12,59664.935
002045.SZ,20210422,9.51,10.0,9.51,9.79,9.5,0.28999999999999915,3.0526,107321.28,104954.8
002045.SZ,20210421,9.7,9.71,9.43,9.5,9.67,-0.16999999999999993,-1.758,66145.37,63005.53
002045.SZ,20210420,9.75,9.86,9.64,9.67,9.77,-0.09999999999999964,-1.0235,74917.47,72995.874
002045.SZ,20210419,9.6,9.79,9.5,9.77,9.64,0.129999999999999,1.3485,76685.01,74461.071
002045.SZ,20210416,9.37,9.7,9.37,9.64,9.42,0.22000000000000064,2.3355,64480.26,61627.057
002045.SZ,20210415,9.31,9.46,9.3,9.42,9.39,0.02999999999999936,0.3195,40250.44,37833.9
002045.SZ,20210414,9.31,9.48,9.28,9.39,9.32,0.07000000000000028,0.7511,58341.15,54867.976
002045.SZ,20210413,9.32,9.4,9.16,9.32,9.32,0.0,0.0,71499.19,66333.478
002045.SZ,20210412,9.17,9.4,9.11,9.32,9.16,0.16000000000000014,1.7467,113723.74,105741.239
002045.SZ,20210409,9.1,9.24,9.09,9.16,9.13,0.02999999999999936,0.3286,49084.27,45059.361
002045.SZ,20210408,9.32,9.32,9.12,9.13,9.31,-0.17999999999999972,-1.9334,59583.0,54786.42
002045.SZ,20210407,9.26,9.36,9.21,9.31,9.27,0.040000000000000924,0.4315,41883.74,38894.235
002045.SZ,20210406,9.35,9.45,9.18,9.27,9.31,-0.040000000000000924,-0.4296,73869.23,68669.686
002045.SZ,20210402,9.2,9.34,9.17,9.31,9.2,0.11000000000000121,1.1957,45970.0,42628.294
002045.SZ,20210401,9.36,9.38,9.13,9.2,9.39,-0.19000000000000128,-2.0234,90140.28,83115.441
002045.SZ,20210331,9.38,9.51,9.27,9.39,9.37,0.02000000000000135,0.2134,55317.0,51927.374
002045.SZ,20210330,9.59,9.63,9.32,9.37,9.63,-0.26000000000000156,-2.6999,83241.0,78454.475
002045.SZ,20210329,9.76,9.8,9.52,9.63,9.75,-0.11999999999999922,-1.2308,53786.16,51786.486
002045.SZ,20210326,9.54,9.85,9.53,9.75,9.58,0.16999999999999993,1.7745,61367.34,59697.302
002045.SZ,20210325,9.58,9.73,9.55,9.58,9.6,-0.019999999999999574,-0.2083,46807.88,45052.848
002045.SZ,20210324,9.8,9.82,9.58,9.6,9.83,-0.23000000000000043,-2.3398,63869.88,61662.027
002045.SZ,20210323,9.95,9.98,9.72,9.83,10.05,-0.22000000000000064,-2.1891,105333.0,103533.325
002045.SZ,20210322,10.02,10.2,9.9,10.05,9.98,0.07000000000000028,0.7014,98674.46,99205.21
002045.SZ,20210319,9.99,10.35,9.93,9.98,10.18,-0.1999999999999993,-1.9646,126515.27,127888.132
002045.SZ,20210318,10.26,10.44,9.92,10.18,10.18,0.0,0.0,137540.01,139659.818
002045.SZ,20210317,10.78,10.78,10.12,10.18,9.8,0.379999999999999,3.8776,227039.0,236567.941
002045.SZ,20210316,9.33,10.01,9.33,9.8,9.33,0.47000000000000064,5.0375,89731.74,88036.477
002045.SZ,20210315,9.53,9.59,9.26,9.33,9.52,-0.1899999999999995,-1.9958,58737.08,55175.722
002045.SZ,20210312,9.62,9.74,9.48,9.52,9.62,-0.09999999999999964,-1.0395,43991.5,42030.813
002045.SZ,20210311,9.53,9.71,9.42,9.62,9.55,0.06999999999999851,0.733,57506.08,55112.747
002045.SZ,20210310,9.7,9.81,9.36,9.55,9.61,-0.05999999999999872,-0.6243,77529.68,74130.011
002045.SZ,20210309,10.46,10.49,9.6,9.61,10.36,-0.75,-7.2394,135850.0,135361.186
002045.SZ,20210308,10.9,10.93,10.34,10.36,10.73,-0.370000000000001,-3.4483,113760.31,120869.488
002045.SZ,20210305,10.47,10.97,10.41,10.73,10.55,0.17999999999999972,1.7062,103674.77,111559.421
002045.SZ,20210304,10.62,11.09,10.5,10.55,10.81,-0.2599999999999998,-2.4052,183353.53,197746.96
002045.SZ,20210303,9.91,10.86,9.8,10.81,9.93,0.8800000000000008,8.862,210575.19,221762.348
002045.SZ,20210302,9.89,10.09,9.75,9.93,9.9,0.02999999999999936,0.303,114451.01,113147.356
002045.SZ,20210301,8.98,9.9,8.96,9.9,9.0,0.9000000000000004,10.0,135717.56,132429.212
002045.SZ,20210226,8.82,9.01,8.71,9.0,8.86,0.14000000000000057,1.5801,28171.77,25077.709
002045.SZ,20210225,9.01,9.09,8.85,8.86,9.0,-0.14000000000000057,-1.5556,31766.01,28481.923
002045.SZ,20210224,9.01,9.17,8.94,9.0,9.02,-0.019999999999999574,-0.2217,31806.33,28792.93
002045.SZ,20210223,9.08,9.14,8.9,9.02,9.07,-0.05000000000000071,-0.5513,30524.17,27619.85
002045.SZ,20210222,9.14,9.28,9.06,9.07,9.14,-0.07000000000000028,-0.7659,46473.67,42614.937
002045.SZ,20210219,9.05,9.14,8.93,9.14,9.05,0.08999999999999986,0.9945,35828.59,32419.126
002045.SZ,20210218,9.05,9.17,8.91,9.05,8.86,0.19000000000000128,2.1445,48963.18,44358.513
002045.SZ,20210210,8.58,8.89,8.55,8.86,8.58,0.27999999999999936,3.2634,39074.0,34310.042
002045.SZ,20210209,8.29,8.74,8.29,8.58,8.35,0.23000000000000043,2.7545,39973.52,34009.119
002045.SZ,20210208,8.4,8.58,8.29,8.35,8.43,-0.08000000000000007,-0.949,30939.38,26004.299
002045.SZ,20210205,8.69,8.74,8.4,8.43,8.63,-0.20000000000000107,-2.3175,44100.0,37568.49
002045.SZ,20210204,8.88,8.92,8.52,8.63,9.01,-0.379999999999999,-4.2175,59462.28,51661.028
002045.SZ,20210203,9.09,9.21,8.91,9.01,9.2,-0.1899999999999995,-2.0652,56664.5,51227.17
002045.SZ,20210202,9.39,9.39,8.98,9.2,9.27,-0.07000000000000028,-0.7551,83260.0,76244.495
002045.SZ,20210201,9.26,9.45,9.12,9.27,9.22,0.049999999999998934,0.5423,65445.7,60752.327
002045.SZ,20210129,9.49,9.87,9.21,9.22,9.41,-0.1899999999999995,-2.0191,100768.77,95599.982
002045.SZ,20210128,9.79,9.95,9.31,9.41,9.89,-0.4800000000000004,-4.8534,99580.0,96370.977
002045.SZ,20210127,10.06,10.23,9.7,9.89,10.19,-0.29999999999999893,-2.9441,138677.7,137145.813
002045.SZ,20210126,10.2,10.46,9.89,10.19,10.55,-0.3600000000000012,-3.4123,164804.77,167326.076
002045.SZ,20210125,11.27,11.56,10.5,10.55,10.8,-0.25,-2.3148,214621.77,234678.347
002045.SZ,20210122,10.73,10.92,10.34,10.8,10.85,-0.049999999999998934,-0.4608,220582.16,234419.108
002045.SZ,20210121,10.92,11.48,10.41,10.85,11.01,-0.16000000000000014,-1.4532,401373.88,435987.601
002045.SZ,20210120,10.01,11.01,9.8,11.01,10.01,1.0,9.99,351926.13,367633.79
002045.SZ,20210119,10.38,11.0,9.95,10.01,10.01,0.0,0.0,392305.87,410626.441
002045.SZ,20210118,8.98,10.01,8.9,10.01,9.1,0.9100000000000001,10.0,202443.34,198123.805
002045.SZ,20210115,9.15,9.38,8.99,9.1,9.26,-0.16000000000000014,-1.7279,52853.0,48403.511
002045.SZ,20210114,8.71,9.26,8.69,9.26,8.75,0.5099999999999998,5.8286,76719.63,69470.474
002045.SZ,20210113,9.05,9.13,8.7,8.75,9.1,-0.34999999999999964,-3.8462,72882.0,64529.244
002045.SZ,20210112,9.12,9.48,9.0,9.1,9.12,-0.019999999999999574,-0.2193,105397.38,97801.356
002045.SZ,20210111,8.83,9.17,8.65,9.12,8.76,0.35999999999999943,4.1096,91582.47,81666.267
002045.SZ,20210108,8.5,8.8,8.33,8.76,8.5,0.2599999999999998,3.0588,44286.38,38280.293
002045.SZ,20210107,8.73,8.73,8.41,8.5,8.7,-0.1999999999999993,-2.2989,40750.36,34695.119
002045.SZ,20210106,8.79,8.86,8.6,8.7,8.8,-0.10000000000000142,-1.1364,31764.18,27625.509
002045.SZ,20210105,8.75,8.94,8.63,8.8,8.71,0.08999999999999986,1.0333,47460.79,41708.638
002045.SZ,20210104,8.83,8.89,8.63,8.71,8.72,-0.009999999999999787,-0.1147,49356.84,43195.994
002045.SZ,20201231,8.53,8.82,8.52,8.72,8.58,0.14000000000000057,1.6317,66866.63,58246.008
002045.SZ,20201230,8.38,8.63,8.31,8.58,8.39,0.1899999999999995,2.2646,59745.89,50682.252
002045.SZ,20201229,8.08,8.48,8.07,8.39,8.1,0.2900000000000009,3.5802,59827.15,50161.248
002045.SZ,20201228,8.28,8.29,8.09,8.1,8.28,-0.17999999999999972,-2.1739,31026.0,25273.298
002045.SZ,20201225,8.3,8.46,8.28,8.28,8.29,-0.009999999999999787,-0.1206,36909.2,30772.017
002045.SZ,20201224,8.3,8.37,8.16,8.29,8.29,0.0,0.0,46885.51,38726.884
002045.SZ,20201223,8.22,8.37,8.08,8.29,8.22,0.06999999999999851,0.8516,61945.0,51093.641
002045.SZ,20201222,7.99,8.67,7.9,8.22,8.04,0.1800000000000015,2.2388,81076.05,66806.933
002045.SZ,20201221,7.7,8.12,7.7,8.04,7.75,0.28999999999999915,3.7419,52052.39,41410.801
002045.SZ,20201218,7.9,7.92,7.73,7.75,7.85,-0.09999999999999964,-1.2739,25034.01,19536.923
002045.SZ,20201217,7.81,7.89,7.6,7.85,7.83,0.019999999999999574,0.2554,33496.0,25969.468
002045.SZ,20201216,7.98,8.0,7.74,7.83,8.0,-0.16999999999999993,-2.125,40201.14,31441.283
002045.SZ,20201215,8.16,8.16,8.0,8.0,8.16,-0.16000000000000014,-1.9608,33015.31,26557.725
002045.SZ,20201214,8.05,8.19,7.98,8.16,8.05,0.10999999999999943,1.3665,22076.3,17840.331
002045.SZ,20201211,8.32,8.37,8.01,8.05,8.32,-0.2699999999999996,-3.2452,40493.42,32904.686
002045.SZ,20201210,8.28,8.42,8.22,8.32,8.3,0.019999999999999574,0.241,21944.0,18253.155
002045.SZ,20201209,8.51,8.58,8.29,8.3,8.51,-0.20999999999999908,-2.4677,36832.0,31095.666
002045.SZ,20201208,8.58,8.63,8.49,8.51,8.58,-0.07000000000000028,-0.8159,20777.01,17731.993
002045.SZ,20201207,8.76,8.77,8.58,8.58,8.76,-0.17999999999999972,-2.0548,38542.02,33341.426
002045.SZ,20201204,8.71,8.78,8.68,8.76,8.73,0.02999999999999936,0.3436,19865.0,17349.231
002045.SZ,20201203,8.8,8.81,8.68,8.73,8.81,-0.08000000000000007,-0.9081,31096.0,27172.696
002045.SZ,20201202,8.79,8.85,8.73,8.81,8.73,0.08000000000000007,0.9164,39388.3,34648.524
002045.SZ,20201201,8.68,8.76,8.62,8.73,8.63,0.09999999999999964,1.1587,23304.0,20282.896
002045.SZ,20201130,8.64,8.71,8.62,8.63,8.66,-0.02999999999999936,-0.3464,21733.15,18832.076
002045.SZ,20201127,8.7,8.74,8.62,8.66,8.72,-0.0600000000000005,-0.6881,27372.0,23708.573
002045.SZ,20201126,8.77,8.86,8.67,8.72,8.73,-0.009999999999999787,-0.1145,26524.01,23185.019
002045.SZ,20201125,8.74,8.85,8.68,8.73,8.74,-0.009999999999999787,-0.1144,28792.0,25195.139
002045.SZ,20201124,8.75,8.78,8.68,8.74,8.73,0.009999999999999787,0.1145,32346.0,28255.835
002045.SZ,20201123,8.85,8.87,8.67,8.73,8.85,-0.11999999999999922,-1.3559,54328.91,47499.541
002045.SZ,20201120,8.85,8.9,8.78,8.85,8.86,-0.009999999999999787,-0.1129,23829.26,21025.567
002045.SZ,20201119,8.8,8.89,8.78,8.86,8.83,0.02999999999999936,0.3398,20865.76,18479.306
002045.SZ,20201118,8.79,8.9,8.78,8.83,8.8,0.02999999999999936,0.3409,24033.0,21265.402
002045.SZ,20201117,9.04,9.04,8.74,8.8,8.97,-0.16999999999999993,-1.8952,50709.26,44683.974
002045.SZ,20201116,9.07,9.08,8.93,8.97,9.01,-0.03999999999999915,-0.444,30897.0,27717.147
002045.SZ,20201113,9.13,9.13,8.9,9.01,9.16,-0.15000000000000036,-1.6376,49137.0,44134.859
002045.SZ,20201112,9.12,9.19,9.05,9.16,9.12,0.040000000000000924,0.4386,43142.0,39386.588
002045.SZ,20201111,9.37,9.4,9.11,9.12,9.37,-0.25,-2.6681,34176.0,31467.05
002045.SZ,20201110,9.35,9.43,9.13,9.37,9.37,0.0,0.0,56204.0,52056.699
002045.SZ,20201109,9.4,9.5,9.31,9.37,9.31,0.05999999999999872,0.6445,60698.38,57140.233
002045.SZ,20201106,9.3,9.35,9.21,9.31,9.3,0.009999999999999787,0.1075,33411.02,30988.114
002045.SZ,20201105,9.21,9.35,9.15,9.3,9.19,0.11000000000000121,1.197,52505.5,48624.138
002045.SZ,20201104,9.18,9.25,9.08,9.19,9.18,0.009999999999999787,0.1089,27571.03,25232.591
002045.SZ,20201103,8.97,9.2,8.97,9.18,8.97,0.20999999999999908,2.3411,33233.0,30323.993
002045.SZ,20201102,9.19,9.26,8.9,8.97,9.18,-0.20999999999999908,-2.2876,63114.86,56874.233
002045.SZ,20201030,9.62,9.69,9.12,9.18,9.62,-0.4399999999999995,-4.5738,63704.41,59540.881
002045.SZ,20201029,9.57,9.73,9.51,9.62,9.66,-0.040000000000000924,-0.4141,42837.0,41191.792
002045.SZ,20201028,9.44,9.73,9.3,9.66,9.4,0.2599999999999998,2.766,71685.21,68636.46
002045.SZ,20201027,9.15,9.46,9.15,9.4,9.24,0.16000000000000014,1.7316,36871.0,34496.588
002045.SZ,20201026,9.16,9.26,9.02,9.24,9.2,0.040000000000000924,0.4348,25355.59,23253.493
002045.SZ,20201023,9.37,9.49,9.17,9.2,9.39,-0.19000000000000128,-2.0234,36262.6,33723.57
002045.SZ,20201022,9.28,9.47,9.17,9.39,9.3,0.08999999999999986,0.9677,35368.0,33177.994
002045.SZ,20201021,9.48,9.49,9.25,9.3,9.45,-0.14999999999999858,-1.5873,40190.0,37502.595
002045.SZ,20201020,9.65,9.69,9.35,9.45,9.66,-0.21000000000000085,-2.1739,59246.82,56161.064
002045.SZ,20201019,9.63,9.81,9.55,9.66,9.57,0.08999999999999986,0.9404,43989.0,42526.756
002045.SZ,20201016,9.66,9.73,9.55,9.57,9.65,-0.08000000000000007,-0.829,51466.0,49468.7
002045.SZ,20201015,9.71,9.95,9.59,9.65,9.62,0.030000000000001137,0.3119,117638.41,115112.685
002045.SZ,20201014,9.8,9.8,9.55,9.62,9.8,-0.1800000000000015,-1.8367,70717.5,68348.048
002045.SZ,20201013,9.93,10.09,9.76,9.8,9.99,-0.1899999999999995,-1.9019,111436.0,110008.882
002045.SZ,20201012,9.76,10.06,9.7,9.99,9.8,0.1899999999999995,1.9388,142095.68,141504.479
002045.SZ,20201009,9.51,9.86,9.34,9.8,9.3,0.5,5.3763,172144.89,165653.163
002045.SZ,20200930,9.36,9.45,9.2,9.3,9.42,-0.11999999999999922,-1.2739,61024.5,56761.473
002045.SZ,20200929,8.91,9.5,8.91,9.42,8.97,0.4499999999999993,5.0167,125064.38,116629.163
002045.SZ,20200928,8.83,8.97,8.78,8.97,8.87,0.10000000000000142,1.1274,30162.0,26832.731
002045.SZ,20200925,9.06,9.09,8.8,8.87,9.0,-0.13000000000000078,-1.4444,31492.99,28038.194
002045.SZ,20200924,8.99,9.1,8.92,9.0,9.14,-0.14000000000000057,-1.5317,42165.0,37963.981
002045.SZ,20200923,9.04,9.16,8.99,9.14,9.01,0.13000000000000078,1.4428,43016.01,39144.111
002045.SZ,20200922,9.07,9.19,8.92,9.01,9.08,-0.07000000000000028,-0.7709,49680.14,45103.677
002045.SZ,20200921,8.99,9.26,8.95,9.08,8.99,0.08999999999999986,1.0011,69769.1,63692.373
002045.SZ,20200918,8.7,9.07,8.68,8.99,8.7,0.2900000000000009,3.3333,67225.63,59662.23
002045.SZ,20200917,8.72,8.77,8.6,8.7,8.71,-0.010000000000001563,-0.1148,32956.0,28609.357
002045.SZ,20200916,8.83,8.86,8.61,8.71,8.82,-0.10999999999999943,-1.2472,37209.0,32313.519
002045.SZ,20200915,9.01,9.02,8.62,8.82,9.01,-0.1899999999999995,-2.1088,82143.9,71887.112
002045.SZ,20200914,9.14,9.22,8.95,9.01,9.21,-0.20000000000000107,-2.1716,97874.0,88531.531
002045.SZ,20200911,9.09,9.28,9.02,9.21,9.21,0.0,0.0,88484.7,81249.866
002045.SZ,20200910,8.92,9.24,8.87,9.21,8.91,0.3000000000000007,3.367,157975.44,144335.359
002045.SZ,20200909,8.8,9.03,8.73,8.91,8.86,0.05000000000000071,0.5643,74079.24,65845.989
002045.SZ,20200908,8.82,8.92,8.75,8.86,8.88,-0.02000000000000135,-0.2252,49082.01,43262.045
002045.SZ,20200907,8.55,9.09,8.55,8.88,8.55,0.33000000000000007,3.8596,155650.26,138782.452
002045.SZ,20200904,8.44,8.59,8.33,8.55,8.53,0.02000000000000135,0.2345,40842.31,34766.021
002045.SZ,20200903,8.64,8.67,8.5,8.53,8.67,-0.14000000000000057,-1.6148,42048.0,36007.631
002045.SZ,20200902,8.63,8.74,8.54,8.67,8.62,0.05000000000000071,0.58,51845.01,44712.771
002045.SZ,20200901,8.79,8.83,8.55,8.62,8.79,-0.16999999999999993,-1.934,60946.0,52709.756
002045.SZ,20200831,8.78,8.9,8.74,8.79,8.78,0.009999999999999787,0.1139,50657.0,44810.538
002045.SZ,20200828,8.86,8.86,8.65,8.78,8.85,-0.07000000000000028,-0.791,56482.0,49370.198
002045.SZ,20200827,8.95,8.99,8.7,8.85,8.95,-0.09999999999999964,-1.1173,60380.29,53157.556
002045.SZ,20200826,9.19,9.2,8.92,8.95,9.17,-0.22000000000000064,-2.3991,57667.26,51947.499
002045.SZ,20200825,9.15,9.35,9.14,9.17,9.24,-0.07000000000000028,-0.7576,58721.1,54215.339
002045.SZ,20200824,9.11,9.31,9.02,9.24,9.11,0.13000000000000078,1.427,69525.82,63768.173
002045.SZ,20200821,9.13,9.24,9.08,9.11,9.08,0.02999999999999936,0.3304,42937.0,39336.509
002045.SZ,20200820,9.11,9.14,8.93,9.08,9.1,-0.019999999999999574,-0.2198,32927.0,29858.001
002045.SZ,20200819,9.28,9.28,9.08,9.1,9.29,-0.1899999999999995,-2.0452,64293.0,58865.86
002045.SZ,20200818,9.25,9.36,9.17,9.29,9.24,0.049999999999998934,0.5411,84086.31,77790.356
002045.SZ,20200817,9.09,9.25,9.03,9.24,9.09,0.15000000000000036,1.6502,60016.0,55107.02
002045.SZ,20200814,9.1,9.14,8.98,9.09,9.08,0.009999999999999787,0.1101,39159.0,35475.655
002045.SZ,20200813,9.05,9.16,9.05,9.08,9.05,0.02999999999999936,0.3315,41735.3,37984.333
002045.SZ,20200812,9.06,9.13,8.88,9.05,9.11,-0.05999999999999872,-0.6586,61299.68,54975.226
002045.SZ,20200811,9.36,9.38,9.08,9.11,9.34,-0.23000000000000043,-2.4625,63130.01,58339.59
002045.SZ,20200810,9.31,9.39,9.25,9.34,9.3,0.03999999999999915,0.4301,53578.49,50004.964
002045.SZ,20200807,9.59,9.59,9.25,9.3,9.56,-0.2599999999999998,-2.7197,83981.7,78488.547
002045.SZ,20200806,9.42,9.63,9.23,9.56,9.46,0.09999999999999964,1.0571,133696.5,126230.65
002045.SZ,20200805,9.5,9.64,9.35,9.46,9.49,-0.02999999999999936,-0.3161,90677.0,85760.379
002045.SZ,20200804,9.75,9.86,9.47,9.49,9.83,-0.33999999999999986,-3.4588,166050.0,159390.221
002045.SZ,20200803,9.82,9.89,9.45,9.83,9.15,0.6799999999999997,7.4317,258571.19,251732.593
002045.SZ,20200731,8.91,9.23,8.88,9.15,8.93,0.22000000000000064,2.4636,144002.17,131383.614
002045.SZ,20200730,9.09,9.12,8.88,8.93,9.09,-0.16000000000000014,-1.7602,99490.48,89085.788
002045.SZ,20200729,8.89,9.13,8.79,9.09,8.95,0.14000000000000057,1.5642,101598.75,91362.932
002045.SZ,20200728,9.13,9.14,8.87,8.95,8.97,-0.02000000000000135,-0.223,83071.09,74561.107
002045.SZ,20200727,9.43,9.43,8.91,8.97,9.34,-0.3699999999999992,-3.9615,121127.0,109839.062
002045.SZ,20200724,9.54,9.78,9.2,9.34,9.58,-0.2400000000000002,-2.5052,144365.01,137450.841
002045.SZ,20200723,9.61,9.81,9.43,9.58,9.73,-0.15000000000000036,-1.5416,107124.01,102771.958
002045.SZ,20200722,9.66,9.83,9.57,9.73,9.7,0.030000000000001137,0.3093,124326.0,120547.952
002045.SZ,20200721,9.96,9.96,9.61,9.7,9.98,-0.28000000000000114,-2.8056,130937.31,127456.315
002045.SZ,20200720,9.83,10.09,9.66,9.98,9.86,0.120000000000001,1.217,136054.54,134191.02
002045.SZ,20200717,9.4,9.9,9.23,9.86,9.35,0.5099999999999998,5.4545,169809.58,162533.139
002045.SZ,20200716,10.02,10.15,9.33,9.35,10.0,-0.6500000000000004,-6.5,196913.89,191264.125
002045.SZ,20200715,10.68,10.68,10.0,10.0,10.94,-0.9399999999999995,-8.5923,337252.52,346766.022
002045.SZ,20200714,11.29,11.29,10.55,10.94,10.26,0.6799999999999997,6.6277,543432.05,595172.06
002045.SZ,20200706,9.48,10.35,9.36,10.26,9.49,0.7699999999999996,8.1138,450448.43,453865.207
002045.SZ,20200703,9.76,9.78,9.23,9.49,9.86,-0.3699999999999992,-3.7525,306557.12,290347.616
002045.SZ,20200702,9.63,9.88,9.46,9.86,9.64,0.21999999999999886,2.2822,182212.74,177867.143
002045.SZ,20200701,9.76,9.83,9.5,9.64,9.76,-0.11999999999999922,-1.2295,146007.12,141040.189
002045.SZ,20200630,9.83,9.98,9.66,9.76,9.73,0.02999999999999936,0.3083,180318.12,176584.743
002045.SZ,20200629,10.0,10.0,9.7,9.73,10.02,-0.28999999999999915,-2.8942,128783.94,126364.85
002045.SZ,20200624,9.95,10.25,9.86,10.02,10.06,-0.040000000000000924,-0.3976,248398.85,249140.983
002045.SZ,20200623,9.59,10.07,9.43,10.06,9.65,0.41000000000000014,4.2487,211705.48,205150.399
002045.SZ,20200622,9.65,9.74,9.46,9.65,9.6,0.05000000000000071,0.5208,197519.49,189611.947
002045.SZ,20200619,9.28,9.88,9.27,9.6,9.19,0.41000000000000014,4.4614,275430.6,265911.88
002045.SZ,20200618,9.1005,9.2096,9.0312,9.1898,9.1204,0.0693999999999999,0.7609,84372.99,77876.145
002045.SZ,20200617,9.2195,9.2592,8.9915,9.1204,9.16,-0.03960000000000008,-0.4323,93369.64,85445.166
002045.SZ,20200616,9.0708,9.3484,9.0609,9.16,8.9717,0.1882999999999999,2.0988,128816.9,119522.406
002045.SZ,20200615,9.1303,9.279,8.9618,8.9717,9.2096,-0.23789999999999978,-2.5832,107153.0,98681.394
002045.SZ,20200612,9.051,9.279,9.0113,9.2096,9.3484,-0.1387999999999998,-1.4847,107086.89,99075.423
002045.SZ,20200611,9.616,9.7152,9.3484,9.3484,9.6656,-0.3171999999999997,-3.2817,137225.0,131357.538
002045.SZ,20200610,9.6359,9.735,9.3583,9.6656,9.5962,0.0693999999999999,0.7232,134662.39,129757.061
002045.SZ,20200609,9.7251,9.7747,9.5169,9.5962,9.7251,-0.1288999999999998,-1.3254,113869.01,110337.205
002045.SZ,20200608,9.9928,10.191,9.6359,9.7251,9.854,-0.1288999999999998,-1.3081,162300.53,161535.436
002045.SZ,20200605,9.9134,10.0324,9.6359,9.854,9.8738,-0.01980000000000004,-0.2005,153701.63,152429.437
002045.SZ,20200604,10.0622,10.1216,9.8143,9.8738,9.963,-0.08919999999999995,-0.8953,203821.42,204356.549
002045.SZ,20200603,9.8837,10.2902,9.7747,9.963,9.8837,0.07929999999999993,0.8023,332609.22,337821.584
002045.SZ,20200602,9.5367,10.0721,9.4872,9.8837,9.5367,0.34699999999999953,3.6386,397008.06,392238.697
002045.SZ,20200601,8.9221,9.6458,8.8329,9.5367,8.8131,0.7235999999999994,8.2105,345732.27,326751.135
002045.SZ,20200529,9.0113,9.2294,8.8131,8.8131,9.0609,-0.2477999999999998,-2.7348,195623.0,176371.373
002045.SZ,20200528,9.2096,9.3583,8.8924,9.0609,9.1204,-0.059499999999999886,-0.6524,242526.21,222372.707
002045.SZ,20200527,8.9915,9.1997,8.7635,9.1204,8.8626,0.2577999999999996,2.9089,404909.57,369719.28
002045.SZ,20200526,8.0596,8.8626,8.0596,8.8626,8.0596,0.8030000000000008,9.9633,288236.23,252899.589
002045.SZ,20200525,8.3471,8.3967,7.9902,8.0596,8.4463,-0.38670000000000115,-4.5783,108318.51,88881.413
002045.SZ,20200522,8.9221,8.9518,8.4066,8.4463,8.9717,-0.5253999999999994,-5.8562,206766.0,179539.527
002045.SZ,20200521,8.6842,9.1501,8.6743,8.9717,8.7139,0.2577999999999996,2.9585,293586.93,265706.086
002045.SZ,20200520,8.5751,8.9122,8.4562,8.7139,8.6049,0.10899999999999999,1.2667,179931.4,157928.817
002045.SZ,20200519,8.5652,8.7337,8.5553,8.6049,8.6049,0.0,0.0,99051.17,86301.372
002045.SZ,20200518,8.9221,8.9717,8.4066,8.6049,9.0708,-0.46589999999999954,-5.1363,216121.06,188616.66
002045.SZ,20200515,8.8329,9.1699,8.7932,9.0708,8.8428,0.22799999999999976,2.5784,193390.0,175532.076
002045.SZ,20200514,8.7734,9.0014,8.6941,8.8428,8.8131,0.02970000000000006,0.337,105244.64,93891.798
002045.SZ,20200513,8.8626,8.8924,8.7238,8.8131,8.8329,-0.01980000000000004,-0.2242,74386.25,65996.872
002045.SZ,20200512,8.9023,8.9717,8.6544,8.8329,8.9618,-0.1288999999999998,-1.4383,121893.27,108245.951
002045.SZ,20200511,8.8527,9.051,8.7734,8.9618,8.7734,0.18839999999999968,2.1474,182796.13,164352.89
002045.SZ,20200508,8.5057,8.9816,8.476,8.7734,8.4363,0.3371000000000013,3.9958,204085.0,181140.317
002045.SZ,20200507,8.6148,8.8031,8.4066,8.4363,8.585,-0.1487000000000016,-1.7321,109814.13,94691.003
002045.SZ,20200506,8.2678,8.6247,8.2579,8.585,8.3769,0.20810000000000173,2.4842,118206.78,101601.535
002045.SZ,20200430,8.248,8.4859,8.1786,8.3769,8.1389,0.23799999999999955,2.9242,143144.1,120841.176
002045.SZ,20200429,7.8217,8.3372,7.7127,8.1389,7.8217,0.3171999999999997,4.0554,158387.63,129840.635
002045.SZ,20200428,8.1786,8.1786,7.4153,7.8217,8.129,-0.3072999999999997,-3.7803,152709.0,120278.451
002045.SZ,20200427,8.4066,8.476,8.0894,8.129,8.4958,-0.36679999999999957,-4.3174,129352.12,107635.307
002045.SZ,20200424,8.7238,8.8031,8.4463,8.4958,8.7536,-0.25780000000000136,-2.9451,101614.08,87897.124
002045.SZ,20200423,8.9717,9.0411,8.7437,8.7536,9.0212,-0.26759999999999984,-2.9663,114378.87,101882.58
002045.SZ,20200422,8.7635,9.0312,8.704,9.0212,8.823,0.19819999999999993,2.2464,102115.0,91876.038
002045.SZ,20200421,9.0312,9.0708,8.6941,8.823,9.0113,-0.1882999999999999,-2.0896,104131.53,93060.637
002045.SZ,20200420,8.9915,9.0708,8.8725,9.0113,9.0411,-0.029799999999999827,-0.3296,90147.0,81506.262
002045.SZ,20200417,9.0212,9.2691,9.0113,9.0411,8.9915,0.049599999999999866,0.5516,136471.57,125483.047
002045.SZ,20200416,8.9618,9.0014,8.7734,8.9915,9.0212,-0.02970000000000006,-0.3292,96116.0,86257.106
002045.SZ,20200415,9.0312,9.1699,8.9023,9.0212,9.0014,0.01980000000000004,0.22,101134.0,92373.458
002045.SZ,20200414,9.0212,9.051,8.8626,9.0014,8.8329,0.16849999999999987,1.9076,80209.0,72541.838
002045.SZ,20200413,8.9518,8.9618,8.7734,8.8329,9.0113,-0.1783999999999999,-1.9797,63728.0,56846.227
002045.SZ,20200410,9.2988,9.2988,8.932,9.0113,9.279,-0.2676999999999996,-2.885,120470.01,109904.234
002045.SZ,20200409,9.2988,9.3682,9.1997,9.279,9.2691,0.00990000000000002,0.1068,102812.5,96111.582
002045.SZ,20200408,9.1699,9.3087,9.1105,9.2691,9.2096,0.059499999999999886,0.6461,123995.6,115487.347
002045.SZ,20200407,9.0312,9.2988,8.9618,9.2096,8.8131,0.39649999999999963,4.499,180967.38,166984.749
002045.SZ,20200403,8.823,8.9816,8.7536,8.8131,8.8527,-0.03960000000000008,-0.4473,137786.34,122967.3
002045.SZ,20200402,8.4661,8.8725,8.4066,8.8527,8.4661,0.3865999999999996,4.5664,176956.86,154788.517
002045.SZ,20200401,8.3868,8.6842,8.3471,8.4661,8.4463,0.01980000000000004,0.2344,147633.35,127141.766
002045.SZ,20200331,8.8329,8.8825,8.4264,8.4463,8.704,-0.2576999999999998,-2.9607,172575.01,150063.078
002045.SZ,20200330,9.0113,9.0113,8.6148,8.704,9.5764,-0.872399999999999,-9.1099,292530.56,257614.336
002045.SZ,20200327,9.626,10.0622,9.5268,9.5764,9.7152,-0.1387999999999998,-1.4287,300768.35,297007.62
002045.SZ,20200326,10.3695,10.3695,9.6656,9.7152,10.3397,-0.6245000000000012,-6.0398,555691.14,560359.576
002045.SZ,20200325,9.6359,10.3397,9.4673,10.3397,9.398,0.9417000000000009,10.0202,224006.94,224153.642
002045.SZ,20200324,9.507,9.5268,9.1303,9.398,9.3087,0.08929999999999971,0.9593,103724.97,97863.945
002045.SZ,20200323,9.5467,9.6954,9.2195,9.3087,9.8341,-0.5253999999999994,-5.3426,120195.51,115345.392
002045.SZ,20200320,9.5863,9.8341,9.3186,9.8341,9.388,0.4460999999999995,4.7518,212750.49,205874.019
002045.SZ,20200319,9.3087,9.4574,9.051,9.388,9.2393,0.14869999999999983,1.6094,131338.24,123140.956
002045.SZ,20200318,9.5764,9.735,9.2393,9.2393,9.4574,-0.21809999999999974,-2.3061,135410.1,129768.279
002045.SZ,20200317,9.7152,9.7747,8.7833,9.4574,9.5665,-0.10909999999999975,-1.1404,155849.72,146385.613
002045.SZ,20200316,10.2902,10.4587,9.5367,9.5665,10.1216,-0.5551000000000013,-5.4843,159848.52,161806.315
002045.SZ,20200313,10.0027,10.2505,9.8143,10.1216,10.5876,-0.4659999999999993,-4.4014,184591.75,186284.093
002045.SZ,20200312,10.8057,10.8453,10.4289,10.5876,10.9544,-0.36679999999999957,-3.3484,127099.95,136587.823
002045.SZ,20200311,11.3013,11.3806,10.9246,10.9544,11.2319,-0.27749999999999986,-2.4706,103435.01,116271.397
002045.SZ,20200310,10.6074,11.2319,10.5876,11.2319,10.994,0.23789999999999978,2.1639,138868.45,153176.237
002045.SZ,20200309,11.4005,11.4599,10.9444,10.994,11.6681,-0.674100000000001,-5.7773,174360.91,196167.327
002045.SZ,20200306,11.6384,11.8069,11.5293,11.6681,11.8069,-0.1387999999999998,-1.1756,99032.01,116543.631
002045.SZ,20200305,11.8466,11.9457,11.6186,11.8069,11.6979,0.10899999999999999,0.9318,127580.27,151369.634
002045.SZ,20200304,11.569,11.7375,11.3013,11.6979,11.688,0.00990000000000002,0.0847,125629.95,146715.757
002045.SZ,20200303,11.7474,12.0448,11.5194,11.688,11.5095,0.17850000000000144,1.5509,152211.85,181513.396
002045.SZ,20200302,11.1625,11.6384,11.1625,11.5095,11.1526,0.35689999999999955,3.2002,126171.27,145568.497
002045.SZ,20200228,11.45,11.9754,11.0832,11.1526,12.3125,-1.1599000000000004,-9.4205,210815.4,243815.146
002045.SZ,20200227,12.2927,12.5603,12.0944,12.3125,12.3125,0.0,0.0,133078.31,165583.581
002045.SZ,20200226,12.6,12.8776,12.2134,12.3125,13.0461,-0.7335999999999991,-5.6231,222895.12,282676.787
002045.SZ,20200225,13.1551,13.5814,12.3026,13.0461,13.5814,-0.5353000000000012,-3.9414,356964.4,467345.252
002045.SZ,20200224,13.1651,13.7599,12.9371,13.5814,13.1651,0.41629999999999967,3.1621,376506.34,507757.74
002045.SZ,20200221,12.947,13.3336,12.8082,13.1651,12.9668,0.19830000000000148,1.5293,322685.9,425886.949
002045.SZ,20200220,12.7388,12.9668,12.5703,12.9668,12.7388,0.22799999999999976,1.7898,224182.41,290004.222
002045.SZ,20200219,13.0362,13.1155,12.7388,12.7388,13.0758,-0.33699999999999974,-2.5773,229144.79,297732.622
002045.SZ,20200218,13.3534,13.3534,12.7388,13.0758,13.1849,-0.10910000000000153,-0.8275,325413.73,426739.431
002045.SZ,20200217,12.9073,13.2345,12.7983,13.1849,12.9172,0.2677000000000014,2.0724,290962.01,382843.923
002045.SZ,20200214,12.6396,13.1948,12.6396,12.9172,12.7784,0.1387999999999998,1.0862,304532.98,398163.197
002045.SZ,20200213,12.1539,13.3435,11.9655,12.7784,12.2927,0.4856999999999996,3.9511,432084.93,546913.5
002045.SZ,20200212,11.8961,12.5703,11.7871,12.2927,12.2729,0.01980000000000004,0.1613,435723.05,535055.761
002045.SZ,20200211,11.2022,12.2729,11.1229,12.2729,11.1526,1.1203000000000003,10.0452,450346.01,543164.149
002045.SZ,20200210,11.1625,11.1725,10.9246,11.1526,11.2716,-0.11899999999999977,-1.0558,182497.0,203561.426
002045.SZ,20200207,10.8651,11.3906,10.8156,11.2716,10.9048,0.36679999999999957,3.3637,240354.67,270506.625
002045.SZ,20200206,10.766,11.0535,10.6173,10.9048,10.8949,0.00990000000000002,0.0909,236576.49,259663.896
002045.SZ,20200205,10.8651,11.4005,10.7858,10.8949,10.9841,-0.08919999999999995,-0.8121,257456.77,287243.048
002045.SZ,20200204,10.2902,11.1427,10.2902,10.9841,11.4302,-0.4460999999999995,-3.9028,411907.47,441856.84
002045.SZ,20200203,11.4302,11.4302,11.4302,11.4302,12.6991,-1.2689000000000004,-9.992,7722.0,8903.466
002045.SZ,20200123,12.9668,13.3732,12.1539,12.6991,13.1254,-0.42630000000000123,-3.2479,236921.72,305856.387
002045.SZ,20200122,13.631,13.631,12.5405,13.1254,13.5319,-0.4064999999999994,-3.004,272648.46,358841.93
002045.SZ,20200121,13.8293,13.8293,13.3931,13.5319,13.8788,-0.34689999999999976,-2.4995,213808.67,293383.204
002045.SZ,20200120,13.631,13.9581,13.2444,13.8788,13.6607,0.21809999999999974,1.5966,317475.94,438904.732
002045.SZ,20200117,13.5715,14.0077,13.3931,13.6607,13.631,0.02970000000000006,0.2179,390701.72,540569.885
002045.SZ,20200116,12.6496,13.9086,12.6297,13.631,12.6991,0.9319000000000006,7.3383,538686.26,727538.4
002045.SZ,20200115,12.5405,12.7487,12.2431,12.6991,12.6595,0.03960000000000008,0.3128,209255.73,263457.888
002045.SZ,20200114,13.0758,13.0957,12.6396,12.6595,12.8677,-0.20819999999999972,-1.618,253927.86,328428.378
002045.SZ,20200113,12.7289,12.9371,12.6297,12.8677,12.6694,0.1982999999999997,1.5652,246505.07,318545.334
002045.SZ,20200110,12.6694,12.947,12.4909,12.6694,12.6297,0.039699999999999847,0.3143,265208.89,340765.038
002045.SZ,20200109,12.5901,12.8677,12.4414,12.6297,12.3918,0.23789999999999978,1.9198,240090.87,306839.432
002045.SZ,20200108,12.6297,12.719,12.3918,12.3918,12.6694,-0.2775999999999996,-2.1911,202644.1,255753.111
002045.SZ,20200107,12.7784,12.7884,12.5405,12.6694,12.6991,-0.02970000000000006,-0.2339,181978.18,232070.2
002045.SZ,20200106,12.5108,12.9172,12.3522,12.6991,12.7388,-0.039699999999999847,-0.3116,249919.84,319513.188
002045.SZ,20200103,12.6099,12.9965,12.2927,12.7388,12.5405,0.1982999999999997,1.5813,343660.37,438426.667
002045.SZ,20200102,12.2828,12.719,12.1935,12.5405,12.0845,0.4559999999999995,3.7734,300101.94,377979.276
002045.SZ,20191231,12.1539,12.6099,12.025,12.0845,12.144,-0.059499999999999886,-0.49,235978.23,291780.669
002045.SZ,20191230,12.947,12.947,11.6582,12.144,12.9569,-0.8128999999999991,-6.2739,346828.07,422037.011
002045.SZ,20191227,13.3732,13.5418,12.9371,12.9569,13.4327,-0.47580000000000133,-3.5421,277524.54,369583.598
002045.SZ,20191226,13.1155,13.5418,12.9866,13.4327,13.0858,0.34689999999999976,2.651,333349.71,449831.632
002045.SZ,20191225,13.1849,13.3237,12.947,13.0858,13.2345,-0.14869999999999983,-1.1236,234293.33,310704.556
002045.SZ,20191224,12.7289,13.2939,12.6297,13.2345,12.719,0.5155000000000012,4.053,267922.5,351077.482
002045.SZ,20191223,13.2345,13.5616,12.5207,12.719,13.3832,-0.664200000000001,-4.9629,348885.62,457424.214
002045.SZ,20191220,13.9284,13.9284,13.3336,13.3832,13.9284,-0.5451999999999995,-3.9143,268564.0,368687.176
002045.SZ,20191219,13.4823,13.9482,13.0758,13.9284,13.7301,0.1982999999999997,1.4443,459761.46,623560.77
002045.SZ,20191218,13.8788,14.4439,13.6508,13.7301,13.9581,-0.22799999999999976,-1.6335,564494.16,801356.211
002045.SZ,20191217,14.1762,14.4142,13.7301,13.9581,14.1762,-0.21809999999999974,-1.5385,506151.83,712423.567
002045.SZ,20191216,13.3732,14.3547,13.284,14.1762,13.3633,0.8128999999999991,6.0831,587137.0,822597.393
002045.SZ,20191213,13.4526,13.5517,12.947,13.3633,13.403,-0.039699999999999847,-0.2962,355778.58,475428.593
002045.SZ,20191212,13.3138,13.7301,13.3138,13.403,13.5319,-0.1288999999999998,-0.9526,330017.65,449157.919
002045.SZ,20191211,14.0176,14.1267,13.2939,13.5319,14.315,-0.7830999999999992,-5.4705,615192.93,847234.412
002045.SZ,20191210,13.5418,14.3547,13.2245,14.315,13.6112,0.7037999999999993,5.1707,691080.98,960663.517
002045.SZ,20191209,13.9086,14.5728,13.4625,13.6112,14.0275,-0.41629999999999967,-2.9677,744210.92,1045768.615
002045.SZ,20191206,13.6806,14.4439,13.3435,14.0275,13.5517,0.47579999999999956,3.511,773006.48,1080689.088
002045.SZ,20191205,12.7983,14.0374,12.7983,13.5517,12.9371,0.6146000000000011,4.7507,758839.42,1029198.668
002045.SZ,20191204,12.0944,13.1651,11.797,12.9371,12.2332,0.7038999999999991,5.754,686047.62,862775.24
002045.SZ,20191203,12.025,12.6496,11.9953,12.2332,12.0944,0.1387999999999998,1.1476,475110.16,588712.267
002045.SZ,20191202,12.6595,13.0263,12.0647,12.0944,12.6,-0.5055999999999994,-4.0127,673933.69,851078.934
002045.SZ,20191129,12.4116,13.1849,12.2431,12.6,12.3819,0.21809999999999974,1.7614,632768.25,810420.823
002045.SZ,20191128,12.144,12.8677,12.025,12.3819,12.1043,0.2775999999999996,2.2934,735677.93,923788.38
002045.SZ,20191127,10.9841,12.1043,10.7561,12.1043,11.0039,1.1004000000000005,10.0001,629815.85,744670.957
002045.SZ,20191126,10.9841,11.1625,10.8255,11.0039,10.8751,0.12880000000000003,1.1844,308124.91,341207.161
002045.SZ,20191125,11.3212,11.5789,10.7264,10.8751,11.341,-0.46589999999999954,-4.1081,356270.04,396343.953
002045.SZ,20191122,12.0746,12.5108,11.1824,11.341,12.2729,-0.9319000000000006,-7.5932,555119.36,658755.034
002045.SZ,20191121,12.3125,12.719,12.0548,12.2729,12.7685,-0.4955999999999996,-3.8814,507532.86,629517.769
002045.SZ,20191120,11.8069,12.8478,11.5888,12.7685,11.7772,0.991299999999999,8.4171,739181.38,901931.231
002045.SZ,20191119,12.2729,12.5703,11.5293,11.7772,11.8664,-0.08919999999999995,-0.7517,755825.21,912304.075
002045.SZ,20191118,10.8057,11.8664,10.6371,11.8664,10.7858,1.0806000000000004,10.0187,577695.15,661003.199
002045.SZ,20191115,9.8738,11.1427,9.8341,10.7858,10.1315,0.6542999999999992,6.4581,743200.3,795711.929
002045.SZ,20191114,9.6656,10.2406,9.616,10.1315,9.7846,0.34690000000000154,3.5454,453527.05,455512.419
002045.SZ,20191113,9.4673,9.9432,9.2988,9.7846,9.4872,0.29739999999999966,3.1347,398014.49,388077.08
002045.SZ,20191112,9.5665,9.7548,9.1997,9.4872,9.7647,-0.27749999999999986,-2.8419,368786.11,351540.034
002045.SZ,20191111,9.7152,10.1613,9.5268,9.7647,9.9234,-0.1587000000000014,-1.5993,322639.94,321720.9
002045.SZ,20191108,10.1315,10.3893,9.8738,9.9234,10.1018,-0.1783999999999999,-1.766,380678.94,388899.084
002045.SZ,20191107,9.6359,10.1712,9.5962,10.1018,9.6854,0.4164000000000012,4.2993,383147.86,383419.621
002045.SZ,20191106,9.7251,10.0522,9.4673,9.6854,9.854,-0.16859999999999964,-1.711,320517.91,313939.274
002045.SZ,20191105,9.9828,10.2109,9.6954,9.854,10.1117,-0.2577000000000016,-2.5485,374086.8,373626.753
002045.SZ,20191104,9.5764,10.1613,9.5764,10.1117,9.5665,0.5452000000000012,5.6991,535241.8,535439.337
002045.SZ,20191101,8.7635,9.6458,8.7635,9.5665,9.0906,0.4758999999999993,5.2351,375564.63,352056.446
002045.SZ,20191031,9.8143,9.8936,9.0708,9.0906,9.8936,-0.802999999999999,-8.1164,434425.11,417334.824
002045.SZ,20191030,9.1699,10.0027,9.1204,9.8936,9.3087,0.5848999999999993,6.2834,517331.13,503753.048
002045.SZ,20191029,9.1105,9.6557,8.9717,9.3087,9.16,0.14869999999999983,1.6234,423833.96,398632.902
002045.SZ,20191028,8.5256,9.4872,8.3769,9.16,8.6445,0.5154999999999994,5.9633,469000.91,427323.394
002045.SZ,20191025,8.6247,8.7833,8.3174,8.6445,8.7635,-0.11899999999999977,-1.3579,288410.95,248372.359
002045.SZ,20191024,8.6049,8.932,8.5355,8.7635,8.6247,0.1387999999999998,1.6093,296750.33,261633.831
002045.SZ,20191023,9.0113,9.0411,8.6049,8.6247,8.9122,-0.28749999999999964,-3.2259,319786.68,282938.246
002045.SZ,20191022,8.4264,9.0807,8.3868,8.9122,8.3769,0.5353000000000012,6.3902,446449.57,397246.564
002045.SZ,20191021,8.4463,8.4463,8.0695,8.3769,8.248,0.1288999999999998,1.5628,287825.12,239849.936
002045.SZ,20191018,8.4661,8.6941,8.2282,8.248,8.5553,-0.30730000000000146,-3.5919,411687.56,348574.027
002045.SZ,20191017,8.9023,9.0708,8.5057,8.5553,8.932,-0.3766999999999996,-4.2174,485188.11,428653.264
002045.SZ,20191016,8.7238,9.2393,8.3273,8.932,8.7139,0.21809999999999974,2.5029,759762.52,669975.156
002045.SZ,20191015,7.9308,8.7139,7.7028,8.7139,7.9208,0.7931000000000008,10.0129,520490.92,429248.824
002045.SZ,20191014,7.4946,8.1885,7.4549,7.9208,7.564,0.3567999999999998,4.7171,562305.54,445551.761
002045.SZ,20191011,7.5838,7.8316,7.3657,7.564,7.3062,0.2578000000000005,3.5285,683233.14,520551.967
002045.SZ,20191010,6.6222,7.3062,6.5528,7.3062,6.642,0.6641999999999992,10.0,521507.77,372472.774
002045.SZ,20191009,6.87,6.8898,6.5131,6.642,6.9592,-0.3171999999999997,-4.558,238738.99,160730.207
002045.SZ,20191008,6.8105,6.989,6.7015,6.9592,6.7907,0.16849999999999987,2.4813,209987.71,145443.969
002045.SZ,20190930,6.6817,6.9493,6.5924,6.7907,6.7312,0.059499999999999886,0.8839,194179.71,132751.746
002045.SZ,20190927,6.3644,6.9692,6.3545,6.7312,6.3545,0.3767000000000005,5.9281,240185.0,162385.685
002045.SZ,20190926,6.5825,6.6618,6.295,6.3545,6.5032,-0.14869999999999983,-2.2866,147788.0,96578.496
002045.SZ,20190925,6.7907,6.7907,6.4834,6.5032,6.87,-0.36680000000000046,-5.3392,200540.16,133769.208
002045.SZ,20190924,6.989,6.9989,6.8502,6.87,6.989,-0.11899999999999977,-1.7027,144629.0,100778.342
002045.SZ,20190923,6.9592,7.0782,6.7709,6.989,6.9394,0.049599999999999866,0.7148,170897.35,119369.103
002045.SZ,20190920,6.7907,7.1476,6.7709,6.9394,6.8205,0.1189,1.7433,239107.29,168858.673
002045.SZ,20190919,6.7213,6.8205,6.6817,6.8205,6.7709,0.049599999999999866,0.7325,120096.0,81941.024
002045.SZ,20190918,6.7411,6.87,6.5924,6.7709,6.761,0.00990000000000002,0.1464,166616.2,113187.119
002045.SZ,20190917,7.0187,7.0683,6.7411,6.761,7.0683,-0.3072999999999997,-4.3476,204464.0,141578.752
002045.SZ,20190916,6.8403,7.1674,6.7907,7.0683,6.8205,0.2477999999999998,3.6332,280328.0,199085.805
002045.SZ,20190912,6.7411,6.8998,6.6519,6.8205,6.7015,0.11899999999999977,1.7757,144490.3,99428.893
002045.SZ,20190911,6.8601,6.9196,6.6718,6.7015,6.8898,-0.1882999999999999,-2.733,175805.0,120458.16
002045.SZ,20190910,6.8403,6.9592,6.7213,6.8898,6.9097,-0.019899999999999807,-0.288,236731.21,163146.185
002045.SZ,20190909,6.9493,6.989,6.6817,6.9097,6.87,0.039699999999999847,0.5779,387036.34,266620.504
002045.SZ,20190906,6.3644,6.9394,6.3545,6.87,6.3644,0.5056000000000003,7.9442,496276.94,333745.279
002045.SZ,20190905,6.3743,6.5231,6.3248,6.3644,6.3743,-0.00990000000000002,-0.1553,269621.2,174332.834
002045.SZ,20190904,6.4041,6.4537,6.2554,6.3743,6.4041,-0.029799999999999827,-0.4653,199293.01,127495.959
002045.SZ,20190903,6.2851,6.4735,6.2058,6.4041,6.2554,0.14869999999999983,2.3771,235952.02,151660.071
002045.SZ,20190902,5.9877,6.3248,5.9877,6.2554,5.9976,0.2577999999999996,4.2984,260989.95,163922.325
002045.SZ,20190830,6.2256,6.305,5.9778,5.9976,6.186,-0.18839999999999968,-3.0456,215047.2,132991.083
002045.SZ,20190829,6.4239,6.4437,6.1761,6.186,6.295,-0.10899999999999999,-1.7315,220207.71,139507.98
002045.SZ,20190828,6.295,6.6817,6.295,6.295,6.2058,0.08919999999999995,1.4374,402633.92,261210.566
002045.SZ,20190827,6.0472,6.2653,6.0175,6.2058,6.0373,0.16849999999999987,2.791,276153.99,171576.127
002045.SZ,20190826,5.9877,6.067,5.9183,6.0373,6.1265,-0.08919999999999995,-1.456,216998.24,131377.764
002045.SZ,20190823,6.2157,6.2455,6.1067,6.1265,6.2058,-0.07929999999999993,-1.2778,233567.39,145159.325
002045.SZ,20190822,6.3545,6.4041,6.1463,6.2058,6.4636,-0.2577999999999996,-3.9885,474643.03,300065.59
002045.SZ,20190821,5.8588,6.4636,5.7597,6.4636,5.8787,0.5848999999999993,9.9495,719221.31,457346.996
002045.SZ,20190820,5.8489,6.0472,5.7795,5.8787,5.73,0.14869999999999983,2.5951,329123.23,196207.999
002045.SZ,20190819,5.6804,5.7696,5.611,5.73,5.5813,0.14870000000000072,2.6643,189543.0,109297.804
002045.SZ,20190816,5.6507,5.7101,5.5515,5.5813,5.6705,-0.08919999999999995,-1.5731,190064.29,107743.097
002045.SZ,20190815,5.4227,5.6903,5.3929,5.6705,5.5714,0.09909999999999997,1.7787,224063.01,125342.226
002045.SZ,20190814,5.4524,5.6011,5.4028,5.5714,5.3533,0.21809999999999974,4.0741,261120.79,145539.805
002045.SZ,20190813,5.2145,5.5416,5.2145,5.3533,5.2839,0.0693999999999999,1.3134,180242.0,98019.223
002045.SZ,20190812,5.1153,5.2839,5.0658,5.2839,5.0757,0.20819999999999972,4.1019,128535.7,67412.17
002045.SZ,20190809,5.2046,5.2938,5.0658,5.0757,5.155,-0.07929999999999993,-1.5383,128173.0,66956.828
002045.SZ,20190808,5.0162,5.1847,5.0162,5.155,4.9766,0.1783999999999999,3.5848,139576.8,72016.987
002045.SZ,20190807,5.0955,5.1352,4.9766,4.9766,5.0658,-0.08919999999999995,-1.7608,118978.01,60721.549
002045.SZ,20190806,5.1649,5.1946,4.8774,5.0658,5.3929,-0.3270999999999997,-6.0654,246073.27,125258.847
002045.SZ,20190805,5.4821,5.6011,5.2938,5.3929,5.5416,-0.14869999999999983,-2.6833,202846.61,111771.17
002045.SZ,20190802,5.4921,5.6308,5.4722,5.5416,5.6507,-0.10909999999999975,-1.9307,168413.05,94175.098
002045.SZ,20190801,5.6011,5.6507,5.4524,5.6507,5.5119,0.1387999999999998,2.5182,193486.72,108402.21
002045.SZ,20190731,5.502,5.6408,5.4921,5.5119,5.5515,-0.03960000000000008,-0.7133,147676.22,82572.006
002045.SZ,20190730,5.6804,5.7101,5.5515,5.5515,5.6408,-0.08929999999999971,-1.5831,230616.5,130696.883
002045.SZ,20190729,5.502,5.7895,5.502,5.6408,5.5912,0.049599999999999866,0.8871,317248.55,181187.555
002045.SZ,20190726,5.9481,6.0274,5.5714,5.5912,5.7895,-0.1983000000000006,-3.4252,677635.32,397988.478
002045.SZ,20190725,5.2541,5.7895,5.2244,5.7895,5.264,0.5255000000000001,9.9829,196501.1,113240.469
002045.SZ,20190724,5.264,5.3334,5.2244,5.264,5.264,0.0,0.0,173436.0,92210.662
002045.SZ,20190723,5.155,5.2938,5.1352,5.264,5.155,0.10899999999999999,2.1145,123637.16,65165.011
002045.SZ,20190722,5.3037,5.3334,5.0856,5.155,5.2541,-0.09909999999999997,-1.8861,127075.03,66548.255
002045.SZ,20190719,5.1451,5.3334,5.1253,5.2541,5.0856,0.16849999999999987,3.3133,184748.04,97723.674
002045.SZ,20190718,5.2145,5.2442,5.0856,5.0856,5.2541,-0.16849999999999987,-3.207,135172.37,70108.605
002045.SZ,20190717,5.1649,5.3235,5.1649,5.2541,5.2938,-0.039699999999999847,-0.7499,221947.56,117512.819
002045.SZ,20190716,5.1946,5.3632,5.1153,5.2938,5.1451,0.14869999999999983,2.8901,455765.19,241773.938
002045.SZ,20190715,4.9567,5.1451,4.8477,5.1451,4.6791,0.4660000000000002,9.9592,259175.04,133415.4
002045.SZ,20190712,4.6891,4.6891,4.5899,4.6791,4.6593,0.01980000000000004,0.425,48411.05,22735.636
002045.SZ,20190711,4.808,4.8378,4.6296,4.6593,4.7684,-0.10909999999999975,-2.288,88197.4,41999.028
002045.SZ,20190710,4.9369,4.9468,4.7684,4.7684,4.8873,-0.1189,-2.4328,75088.0,36621.143
002045.SZ,20190709,4.8675,4.9369,4.8576,4.8873,4.8774,0.00990000000000002,0.203,38505.04,18992.959
002045.SZ,20190708,5.1253,5.1352,4.8774,4.8774,5.1352,-0.2578000000000005,-5.0203,113835.91,56736.966
002045.SZ,20190705,5.155,5.1946,5.1153,5.1352,5.1649,-0.02970000000000006,-0.575,57842.0,30048.219
002045.SZ,20190704,5.2938,5.3037,5.1352,5.1649,5.264,-0.09909999999999997,-1.8826,72967.48,38278.072
002045.SZ,20190703,5.383,5.3929,5.2442,5.264,5.383,-0.11899999999999977,-2.2107,71699.6,38211.649
002045.SZ,20190702,5.4227,5.4524,5.2938,5.383,5.4524,-0.0693999999999999,-1.2728,120251.01,64935.186
002045.SZ,20190701,5.4524,5.5317,5.4127,5.4524,5.383,0.0693999999999999,1.2892,145410.69,80153.804
002045.SZ,20190628,5.2442,5.4425,5.2046,5.383,5.274,0.10899999999999999,2.0667,116540.74,62424.618
002045.SZ,20190627,5.3334,5.4722,5.2442,5.274,5.264,0.009999999999999787,0.19,113762.71,61374.013
002045.SZ,20190626,5.502,5.5119,5.2541,5.264,5.4326,-0.16859999999999964,-3.1035,124238.0,67360.11
002045.SZ,20190625,5.3334,5.4921,5.274,5.4326,5.3731,0.059499999999999886,1.1074,179884.69,98313.612
002045.SZ,20190624,5.3533,5.4425,5.2145,5.3731,5.3533,0.01980000000000004,0.3699,138959.75,74248.929
002045.SZ,20190621,5.0119,5.4711,5.0119,5.3538,4.9924,0.3613999999999997,7.239,231982.54,124463.093
002045.SZ,20190620,4.9435,5.0217,4.9044,4.9924,4.9435,0.04889999999999972,0.9892,53951.69,27447.71
002045.SZ,20190619,5.0119,5.0314,4.9337,4.9435,4.9044,0.03910000000000036,0.7972,51762.0,26367.027
002045.SZ,20190618,4.8849,4.9435,4.8653,4.9044,4.8947,0.009699999999999598,0.1982,29407.0,14780.265
002045.SZ,20190617,4.924,4.9826,4.8458,4.8947,4.9337,-0.0389999999999997,-0.7905,37980.01,19039.457
002045.SZ,20190614,5.051,5.0705,4.9337,4.9337,5.0412,-0.10749999999999993,-2.1324,55129.86,28137.805
002045.SZ,20190613,5.0119,5.0607,4.9924,5.0412,5.0119,0.029300000000000104,0.5846,43092.36,22193.411
002045.SZ,20190612,5.0803,5.1291,5.0021,5.0119,5.0901,-0.07819999999999983,-1.5363,62654.99,32451.382
002045.SZ,20190611,4.9435,5.0998,4.9435,5.0901,4.9728,0.1172999999999993,2.3588,80611.51,41691.937
002045.SZ,20190610,4.8751,5.0803,4.8653,4.9728,4.8751,0.09770000000000056,2.0041,67147.19,34102.747
002045.SZ,20190606,4.924,4.9435,4.8458,4.8751,4.8751,0.0,0.0,53418.04,26722.671
002045.SZ,20190605,4.9142,4.963,4.8556,4.8751,4.8947,-0.019600000000000506,-0.4004,41819.0,20988.904
002045.SZ,20190604,4.963,4.9826,4.8263,4.8947,4.9728,-0.07810000000000006,-1.5705,67529.0,33819.956
002045.SZ,20190603,4.9924,5.0607,4.9142,4.9728,5.0119,-0.03909999999999947,-0.7801,61438.39,31252.242
002045.SZ,20190531,5.051,5.1096,4.9924,5.0119,5.0412,-0.029300000000000104,-0.5812,58728.95,30380.583
002045.SZ,20190530,5.1487,5.178,4.963,5.0412,5.1584,-0.11720000000000041,-2.272,84952.0,43671.947
002045.SZ,20190529,5.178,5.2854,5.1487,5.1584,5.1096,0.048799999999999955,0.9551,89151.09,47395.666
002045.SZ,20190528,5.0998,5.1878,5.0803,5.1096,5.1096,0.0,0.0,80698.58,42493.659
002045.SZ,20190527,4.9924,5.1487,4.9533,5.1096,4.9826,0.12700000000000067,2.5489,63281.53,32789.925
002045.SZ,20190524,5.0021,5.051,4.9337,4.9826,5.0021,-0.01950000000000074,-0.3898,52565.0,26855.99
002045.SZ,20190523,5.0901,5.1584,4.963,5.0021,5.1584,-0.15629999999999988,-3.03,86889.09,44987.841
002045.SZ,20190522,5.2171,5.2561,5.0998,5.1584,5.178,-0.019599999999999618,-0.3785,83071.0,43999.33
002045.SZ,20190521,5.0607,5.2073,5.0412,5.178,5.1096,0.06839999999999957,1.3387,88815.0,46807.28
002045.SZ,20190520,5.0705,5.1291,4.924,5.1096,5.0119,0.09770000000000056,1.9494,103024.0,52999.311
002045.SZ,20190517,5.2854,5.3148,4.963,5.0119,5.2854,-0.2735000000000003,-5.1746,132716.29,69946.306
002045.SZ,20190516,5.2659,5.4222,5.2366,5.2854,5.2366,0.048799999999999955,0.9319,126449.3,68931.312
002045.SZ,20190515,5.1096,5.2464,5.1096,5.2366,5.0901,0.14650000000000052,2.8781,97408.0,51777.594
002045.SZ,20190514,5.0998,5.2268,5.0412,5.0901,5.2464,-0.15630000000000077,-2.9792,120163.95,62976.809
002045.SZ,20190513,5.1584,5.3441,5.1291,5.2464,5.2366,0.009800000000000253,0.1871,121140.99,65176.313
002045.SZ,20190510,5.1291,5.2366,4.924,5.2366,5.0705,0.16610000000000014,3.2758,151626.5,79959.887
002045.SZ,20190509,4.9728,5.2171,4.9728,5.0705,5.1291,-0.05860000000000021,-1.1425,89780.02,46957.961
002045.SZ,20190508,4.9044,5.5199,4.8653,5.1291,5.051,0.07810000000000006,1.5462,153112.1,81241.814
002045.SZ,20190507,5.0998,5.1878,4.924,5.051,5.051,0.0,0.0,115625.92,59933.685
002045.SZ,20190506,5.3538,5.4515,5.051,5.051,5.6079,-0.5568999999999997,-9.9306,172852.0,92560.17
002045.SZ,20190430,5.5199,5.6958,5.4808,5.6079,5.5004,0.10749999999999993,1.9544,104318.43,59840.25
002045.SZ,20190429,5.7837,5.8423,5.3734,5.5004,5.7739,-0.2735000000000003,-4.7368,219264.11,124579.404
002045.SZ,20190426,5.9009,6.0377,5.7642,5.7739,6.0963,-0.3224,-5.2885,249007.28,150187.071
002045.SZ,20190425,6.4676,6.6044,6.0768,6.0963,6.6141,-0.5177999999999994,-7.8287,419255.91,270600.843
002045.SZ,20190424,6.9268,7.2296,6.5751,6.6141,6.8388,-0.22470000000000034,-3.2857,720602.64,506384.937
002045.SZ,20190423,6.3601,6.8388,6.3601,6.8388,6.2136,0.6252000000000004,10.0618,217043.92,148982.89
002045.SZ,20190422,6.1452,6.321,6.0182,6.2136,6.1843,0.029299999999999216,0.4738,280964.81,176921.949
002045.SZ,20190419,5.9205,6.3699,5.8912,6.1843,5.8912,0.2930999999999999,4.9752,319131.9,199580.648
002045.SZ,20190418,6.028,6.1256,5.8716,5.8912,6.028,-0.13679999999999914,-2.2694,173513.0,106444.68
002045.SZ,20190417,5.8912,6.1159,5.8423,6.028,5.8619,0.16609999999999925,2.8336,242627.05,149133.963
002045.SZ,20190416,5.6958,5.8814,5.6372,5.8619,5.6762,0.18570000000000064,3.2716,130741.06,77140.131
002045.SZ,20190415,5.8814,5.9107,5.6665,5.6762,5.8228,-0.14660000000000029,-2.5177,139398.0,82885.163
002045.SZ,20190412,5.7837,5.8912,5.7544,5.8228,5.7837,0.03910000000000036,0.676,96562.11,57465.42
002045.SZ,20190411,5.9303,5.9303,5.7837,5.7837,5.9107,-0.12700000000000067,-2.1486,119318.84,71405.836
002045.SZ,20190410,5.9791,5.9791,5.8032,5.9107,6.0084,-0.09769999999999968,-1.6261,162149.35,97608.238
002045.SZ,20190409,5.9498,6.0866,5.8716,6.0084,5.9498,0.05860000000000021,0.9849,167535.72,102735.041
002045.SZ,20190408,6.1354,6.1843,5.8716,5.9498,6.1354,-0.1856,-3.0251,264493.34,162605.17
002045.SZ,20190404,6.2917,6.3504,6.0573,6.1354,6.2527,-0.11730000000000018,-1.876,235523.54,149231.929
002045.SZ,20190403,6.1843,6.3308,6.1452,6.2527,6.3015,-0.048799999999999955,-0.7744,239054.0,152505.394
002045.SZ,20190402,6.155,6.3894,5.9498,6.3015,6.1843,0.11719999999999953,1.8951,488641.09,309918.109
002045.SZ,20190401,5.7446,6.1843,5.7153,6.1843,5.8814,0.30290000000000017,5.1501,480858.82,295630.802
002045.SZ,20190329,5.9303,5.9791,5.6665,5.8814,6.0084,-0.12699999999999978,-2.1137,517821.88,309051.337
002045.SZ,20190328,5.5199,6.0084,5.432,6.0084,5.4613,0.5471000000000004,10.0178,557682.86,338988.206
002045.SZ,20190327,5.6372,5.6567,5.3636,5.4613,5.6079,-0.14660000000000029,-2.6142,154054.32,86333.322
002045.SZ,20190326,5.7837,5.8814,5.5981,5.6079,5.7349,-0.12699999999999978,-2.2145,168733.0,99591.732
002045.SZ,20190325,5.813,5.8619,5.7153,5.7349,5.9205,-0.1856,-3.1349,156891.27,92932.316
002045.SZ,20190322,5.9596,5.9596,5.7349,5.9205,5.9303,-0.009800000000000253,-0.1653,243495.84,145822.015
002045.SZ,20190321,5.9009,5.9986,5.8521,5.9303,5.8912,0.03909999999999947,0.6637,203797.32,123493.401
002045.SZ,20190320,6.028,6.028,5.7642,5.8912,6.0182,-0.12699999999999978,-2.1103,200082.13,120349.32
002045.SZ,20190319,6.0084,6.0963,5.9693,6.0182,5.9986,0.019600000000000506,0.3267,133930.38,82614.587
002045.SZ,20190318,5.8912,6.0182,5.8326,5.9986,5.8912,0.10739999999999927,1.8231,122138.23,74307.396
002045.SZ,20190315,5.9107,5.9889,5.8326,5.8912,5.8032,0.08800000000000008,1.5164,137824.39,83366.177
002045.SZ,20190314,6.155,6.155,5.686,5.8032,6.155,-0.3517999999999999,-5.7157,237586.88,142753.674
002045.SZ,20190313,6.409,6.4187,6.067,6.155,6.4481,-0.2930999999999999,-4.5455,275304.38,176146.481
002045.SZ,20190312,6.4383,6.5555,6.3601,6.4481,6.5164,-0.0682999999999998,-1.0481,408266.28,268856.532
002045.SZ,20190311,6.5458,6.5946,6.1745,6.5164,6.2624,0.25399999999999956,4.056,438393.64,288449.373
002045.SZ,20190308,6.4285,6.7216,6.0573,6.2624,6.2136,0.04880000000000084,0.7854,591365.16,391853.464
002045.SZ,20190307,6.0963,6.3015,5.9791,6.2136,6.1061,0.10749999999999993,1.7605,339609.19,213735.695
002045.SZ,20190306,6.3015,6.3113,5.9009,6.1061,6.0963,0.009799999999999365,0.1608,345513.86,215214.027
002045.SZ,20190305,5.7642,6.155,5.6762,6.0963,5.8032,0.2930999999999999,5.0507,413899.37,250865.366
002045.SZ,20190304,5.7544,5.8423,5.5981,5.8032,5.6176,0.1856,3.3039,302824.65,177221.971
002045.SZ,20190301,5.5688,5.6274,5.5102,5.6176,5.5492,0.06840000000000046,1.2326,149915.1,85511.134
002045.SZ,20190228,5.4222,5.6079,5.4125,5.5492,5.4418,0.10740000000000016,1.9736,138353.0,78251.296
002045.SZ,20190227,5.4418,5.6665,5.4027,5.4418,5.5004,-0.05860000000000021,-1.0654,208639.59,117912.302
002045.SZ,20190226,5.7153,5.7251,5.4222,5.5004,5.6958,-0.19540000000000024,-3.4306,305226.03,173521.718
002045.SZ,20190225,5.4125,5.8619,5.2854,5.6958,5.3734,0.3224,5.9999,427533.78,244512.728
002045.SZ,20190222,5.2268,5.3929,5.2268,5.3734,5.2854,0.08800000000000008,1.665,213357.0,116248.601
002045.SZ,20190221,5.305,5.4125,5.1584,5.2854,5.3831,-0.09769999999999968,-1.8149,311298.47,168199.996
002045.SZ,20190220,5.3831,5.5297,5.2757,5.3831,5.686,-0.30290000000000017,-5.3271,448296.52,247698.536
002045.SZ,20190219,5.5492,6.0475,5.4711,5.686,5.5004,0.1856,3.3743,732587.2,434071.487
002045.SZ,20190218,5.5004,5.5004,5.2171,5.5004,5.0021,0.4982999999999995,9.9618,508103.26,284162.53
002045.SZ,20190215,4.8751,5.1584,4.797,5.0021,4.836,0.16610000000000014,3.4347,234678.33,119089.646
002045.SZ,20190214,4.8067,4.8947,4.7383,4.836,4.9337,-0.09769999999999968,-1.9803,179499.0,88462.74
002045.SZ,20190213,4.5625,5.0217,4.5625,4.9337,4.5625,0.3712,8.1359,197613.82,99104.516
002045.SZ,20190212,4.4843,4.6309,4.4452,4.5625,4.4648,0.09769999999999968,2.1882,42560.44,19794.18
002045.SZ,20190211,4.3769,4.4843,4.3573,4.4648,4.3378,0.12700000000000067,2.9278,31595.46,14383.73
002045.SZ,20190201,4.2401,4.3573,4.2205,4.3378,4.201,0.13680000000000003,3.2564,30705.29,13494.267
002045.SZ,20190131,4.3476,4.3671,4.1522,4.201,4.3182,-0.11720000000000041,-2.7141,62975.0,27335.915
002045.SZ,20190130,4.3573,4.4159,4.3182,4.3182,4.4062,-0.08800000000000008,-1.9972,29853.0,13358.129
002045.SZ,20190129,4.4746,4.4941,4.1619,4.4062,4.5136,-0.10740000000000016,-2.3795,72557.01,32322.339
002045.SZ,20190128,4.582,4.6113,4.5039,4.5136,4.5429,-0.029300000000000104,-0.645,38228.0,17791.558
002045.SZ,20190125,4.6602,4.67,4.5234,4.5429,4.6504,-0.10749999999999993,-2.3116,53457.01,25087.713
002045.SZ,20190124,4.6406,4.6797,4.5723,4.6504,4.6406,0.009800000000000253,0.2112,47000.0,22284.378
002045.SZ,20190123,4.6993,4.7481,4.6016,4.6406,4.709,-0.06839999999999957,-1.4525,47502.01,22600.815
002045.SZ,20190122,4.7383,4.7774,4.6895,4.709,4.7188,-0.009800000000000253,-0.2077,43199.24,20912.876
002045.SZ,20190121,4.7188,4.8067,4.7188,4.7188,4.7383,-0.01949999999999985,-0.4115,55958.0,27219.784
002045.SZ,20190118,4.7383,4.836,4.6406,4.7383,4.8263,-0.08800000000000008,-1.8233,106513.01,51601.245
002045.SZ,20190117,4.9826,4.9826,4.7383,4.8263,4.9728,-0.14650000000000052,-2.946,122549.01,60903.333
002045.SZ,20190116,4.8751,5.0021,4.8556,4.9728,4.8751,0.09770000000000056,2.0041,121868.81,61647.431
002045.SZ,20190115,4.7677,4.9044,4.7677,4.8751,4.797,0.07810000000000006,1.6281,75646.0,37513.036
002045.SZ,20190114,4.8849,4.8849,4.7677,4.797,4.8849,-0.08790000000000031,-1.7994,63752.32,31382.528
002045.SZ,20190111,4.8165,4.9337,4.8165,4.8849,4.8849,0.0,0.0,82390.0,41116.343
002045.SZ,20190110,5.051,5.051,4.8849,4.8849,5.051,-0.16610000000000014,-3.2885,143567.46,72739.937
002045.SZ,20190109,5.0217,5.1291,4.8751,5.051,4.9435,0.10749999999999993,2.1746,195672.35,99730.404
002045.SZ,20190108,4.797,4.9728,4.7579,4.9435,4.797,0.14650000000000052,3.054,118132.28,59009.424
002045.SZ,20190107,4.7677,4.8458,4.7481,4.797,4.709,0.08800000000000008,1.8688,70344.0,34571.902
002045.SZ,20190104,4.6309,4.7579,4.5136,4.709,4.6309,0.07810000000000006,1.6865,68193.0,32633.485
002045.SZ,20190103,4.67,4.7677,4.6016,4.6309,4.6309,0.0,0.0,55429.0,26596.591
002045.SZ,20190102,4.5136,4.6797,4.5136,4.6309,4.4941,0.13679999999999914,3.044,65274.04,30767.663
002045.SZ,20181228,4.6797,4.7188,4.455,4.4941,4.67,-0.1758999999999995,-3.7666,81513.29,38483.334
002045.SZ,20181227,4.9142,4.9337,4.67,4.67,4.8067,-0.13670000000000027,-2.8439,70503.0,34645.194
002045.SZ,20181226,4.7774,4.8947,4.7677,4.8067,4.7774,0.029300000000000104,0.6133,71638.65,35340.051
002045.SZ,20181225,4.8751,4.924,4.5918,4.7774,4.9728,-0.19540000000000024,-3.9294,127968.02,62224.169
002045.SZ,20181224,4.9435,5.0021,4.9142,4.9728,4.963,0.009800000000000253,0.1975,44767.0,22744.072
002045.SZ,20181221,4.9826,5.0217,4.9044,4.963,5.0314,-0.06839999999999957,-1.3595,44346.0,22514.494
002045.SZ,20181220,4.8653,5.051,4.797,5.0314,4.8849,0.14649999999999963,2.999,85529.65,43448.055
002045.SZ,20181219,5.051,5.0803,4.8653,4.8849,5.0314,-0.14649999999999963,-2.9117,89395.64,45207.793
002045.SZ,20181218,5.0998,5.1584,4.9826,5.0314,5.1584,-0.12700000000000067,-2.462,57987.94,29981.54
002045.SZ,20181217,5.0803,5.1682,4.9826,5.1584,5.1096,0.048799999999999955,0.9551,60097.18,31256.737
002045.SZ,20181214,5.2268,5.2464,5.0803,5.1096,5.2757,-0.16609999999999925,-3.1484,84023.37,44300.666
002045.SZ,20181213,5.2073,5.2757,5.0998,5.2757,5.178,0.09769999999999968,1.8868,90990.0,48589.598
002045.SZ,20181212,5.2561,5.2952,5.1389,5.178,5.2366,-0.05860000000000021,-1.119,75331.77,40039.289
002045.SZ,20181211,5.2659,5.3538,5.1487,5.2366,5.1975,0.03910000000000036,0.7523,94770.56,50811.4
002045.SZ,20181210,5.1878,5.2854,5.0803,5.1975,5.3245,-0.12699999999999978,-2.3852,88804.41,47427.761
002045.SZ,20181207,5.4027,5.4711,5.2854,5.3245,5.3734,-0.04890000000000061,-0.91,98060.94,53770.776
002045.SZ,20181206,5.5297,5.6372,5.3636,5.3734,5.6665,-0.2930999999999999,-5.1725,199443.73,112190.397
002045.SZ,20181205,5.3148,5.7446,5.2561,5.6665,5.5688,0.09769999999999968,1.7544,312858.5,176085.378
002045.SZ,20181204,5.5688,5.7251,5.3831,5.5688,5.3734,0.19540000000000024,3.6364,473835.46,269993.266
002045.SZ,20181203,5.0901,5.3734,5.0901,5.3734,4.8849,0.48850000000000016,10.0002,132913.93,72346.476
002045.SZ,20181130,4.797,4.9337,4.7677,4.8849,4.8165,0.06840000000000046,1.4201,93423.2,46543.901
002045.SZ,20181129,5.1584,5.2171,4.7774,4.8165,5.1389,-0.3224,-6.2737,134851.13,68822.06
002045.SZ,20181128,5.0803,5.1487,4.7677,5.1389,5.0705,0.06839999999999957,1.349,122895.45,63070.33
002045.SZ,20181127,5.1975,5.2561,5.0119,5.0705,5.1389,-0.06839999999999957,-1.331,90055.87,47213.542
002045.SZ,20181126,5.0998,5.178,5.0021,5.1389,5.0705,0.06839999999999957,1.349,90036.41,47071.159
002045.SZ,20181123,5.4808,5.559,5.0412,5.0705,5.559,-0.48850000000000016,-8.7876,183001.78,98344.681
002045.SZ,20181122,5.4711,5.6762,5.3343,5.559,5.4906,0.06840000000000046,1.2458,203336.8,114749.617
002045.SZ,20181121,5.3734,5.5102,5.2464,5.4906,5.4906,0.0,0.0,202464.31,111322.951
002045.SZ,20181120,5.6958,5.7739,5.3636,5.4906,5.94,-0.4494000000000007,-7.5657,351725.71,201358.638
002045.SZ,20181119,5.8032,6.1647,5.6274,5.94,5.6469,0.2931000000000008,5.1905,592584.69,356618.653
002045.SZ,20181116,5.1487,5.6469,5.1487,5.6469,5.1291,0.5177999999999994,10.0953,309511.51,171975.363
002045.SZ,20181115,5.4906,5.6567,5.0607,5.1291,5.1389,-0.009799999999999365,-0.1907,360822.19,195322.249
002045.SZ,20181114,5.051,5.2464,4.9435,5.1389,4.9533,0.1856,3.747,261590.14,136383.947
002045.SZ,20181113,4.7383,5.1096,4.6895,4.9533,4.797,0.15629999999999988,3.2583,185430.16,93319.596
002045.SZ,20181112,4.582,4.8263,4.582,4.797,4.5723,0.22469999999999946,4.9144,130291.2,63018.122
002045.SZ,20181109,4.5625,4.6309,4.5039,4.5723,4.5625,0.009800000000000253,0.2148,69705.18,32740.828
002045.SZ,20181108,4.6602,4.6895,4.5625,4.5625,4.6406,-0.07810000000000006,-1.683,80598.0,38172.379
002045.SZ,20181107,4.8653,4.8653,4.5918,4.6406,4.8653,-0.22470000000000034,-4.6184,203402.03,98107.917
002045.SZ,20181106,4.8556,4.9826,4.6504,4.8653,4.8653,0.0,0.0,296890.08,146341.026
002045.SZ,20181105,4.4746,4.9337,4.4746,4.8653,4.4843,0.3810000000000002,8.4963,368973.13,182596.996
002045.SZ,20181102,4.328,4.5429,4.328,4.4843,4.2694,0.2149000000000001,5.0335,173702.25,79056.364
002045.SZ,20181101,4.2694,4.328,4.2108,4.2694,4.2303,0.03910000000000036,0.9243,92674.81,40602.596
002045.SZ,20181031,4.2108,4.2499,4.1717,4.2303,4.1619,0.06839999999999957,1.6435,65108.52,28119.861
002045.SZ,20181030,4.1033,4.2108,4.0349,4.1619,4.1131,0.048799999999999955,1.1865,67016.93,28465.912
002045.SZ,20181029,4.201,4.2303,4.0642,4.1131,4.1522,-0.03909999999999947,-0.9417,61717.93,26212.387
002045.SZ,20181026,4.074,4.2303,4.0251,4.1522,4.0154,0.13680000000000003,3.4069,110288.02,46777.714
002045.SZ,20181025,4.0154,4.0447,3.8786,4.0154,4.1522,-0.13680000000000003,-3.2946,117169.83,47534.788
002045.SZ,20181024,4.1424,4.2108,4.1033,4.1522,4.201,-0.048799999999999955,-1.1616,85403.77,36336.629
002045.SZ,20181023,4.2401,4.3378,4.1033,4.201,4.3964,-0.19540000000000024,-4.4445,152255.22,65973.702
002045.SZ,20181022,4.2499,4.5039,4.2401,4.3964,4.2596,0.13680000000000003,3.2116,99033.64,44529.012
002045.SZ,20181019,4.1815,4.3671,4.0545,4.2596,4.0545,0.20509999999999984,5.0586,111070.0,47945.073
002045.SZ,20181018,4.2205,4.2596,4.0154,4.0545,4.2303,-0.17579999999999973,-4.1557,62191.25,26192.194
002045.SZ,20181017,4.2792,4.328,4.1522,4.2303,4.1912,0.03909999999999947,0.9329,48284.42,20953.713
002045.SZ,20181016,4.2108,4.2987,4.1424,4.1912,4.2303,-0.03909999999999947,-0.9243,47690.4,20550.831
002045.SZ,20181015,4.2694,4.3476,4.2108,4.2303,4.201,0.029300000000000104,0.6975,52127.0,22794.999
002045.SZ,20181012,4.4355,4.4355,4.0642,4.201,4.4941,-0.2931000000000008,-6.5219,118446.6,51648.447
002045.SZ,20181011,4.836,4.836,4.4941,4.4941,4.9924,-0.4982999999999995,-9.9812,108573.87,51122.866
002045.SZ,20181010,5.0314,5.0803,4.8947,4.9924,5.0217,-0.029300000000000104,-0.5835,78509.02,40049.135
002045.SZ,20181009,5.0901,5.1389,4.9533,5.0217,5.0705,-0.048799999999999955,-0.9624,62597.0,32223.783
002045.SZ,20181008,5.0217,5.1389,5.0217,5.0705,5.2073,-0.13680000000000003,-2.6271,61204.0,31807.331
002045.SZ,20180928,5.178,5.3929,5.1389,5.2073,5.1584,0.04889999999999972,0.948,96186.0,51409.774
002045.SZ,20180927,5.3734,5.3831,5.1584,5.1584,5.3441,-0.18569999999999975,-3.4749,62909.38,33828.764
002045.SZ,20180926,5.3245,5.4418,5.305,5.3441,5.3245,0.019600000000000506,0.3681,80064.0,44084.4
002045.SZ,20180925,5.4125,5.4418,5.305,5.3245,5.4222,-0.09770000000000056,-1.8019,52988.97,29067.24
002045.SZ,20180921,5.4515,5.5199,5.3343,5.4222,5.4222,0.0,0.0,119582.27,66414.2
002045.SZ,20180920,5.1096,5.4515,5.1096,5.4222,5.3441,0.07810000000000006,1.4614,154063.56,83729.398
002045.SZ,20180919,5.2952,5.4222,5.2366,5.3441,5.305,0.03910000000000036,0.737,79807.96,43609.805
002045.SZ,20180918,5.0998,5.3441,5.0998,5.305,5.1291,0.1758999999999995,3.4295,78136.99,42039.786
002045.SZ,20180917,5.2561,5.2561,5.0901,5.1291,5.305,-0.1758999999999995,-3.3157,58435.0,30850.995
002045.SZ,20180914,5.4613,5.5102,5.2757,5.305,5.5004,-0.19540000000000024,-3.5525,103989.25,57416.873
002045.SZ,20180913,5.5492,5.6079,5.4027,5.5004,5.5199,-0.01949999999999985,-0.3533,107636.47,60434.964
002045.SZ,20180912,5.4711,5.5297,5.3929,5.5199,5.4711,0.048799999999999955,0.892,122713.08,68738.267
002045.SZ,20180911,5.4711,5.4808,5.305,5.4711,5.4515,0.019599999999999618,0.3595,107346.38,59175.439
002045.SZ,20180910,5.2952,5.7544,5.2952,5.4515,5.3148,0.13670000000000027,2.5721,154398.92,86970.329
002045.SZ,20180907,5.2561,5.5102,5.2366,5.3148,5.2561,0.058699999999999974,1.1168,129149.36,71213.959
002045.SZ,20180906,5.4418,5.5004,5.2561,5.2561,5.3831,-0.12699999999999978,-2.3592,95328.42,52395.314
002045.SZ,20180905,5.3441,5.6274,5.305,5.3831,5.4222,-0.03910000000000036,-0.7211,178705.88,100035.158
002045.SZ,20180904,5.1194,5.5297,5.0998,5.4222,5.1194,0.3028000000000004,5.9148,215769.42,118049.961
002045.SZ,20180903,5.0803,5.1389,5.0021,5.1194,5.051,0.06839999999999957,1.3542,52574.71,27242.383
002045.SZ,20180831,5.2073,5.2171,5.0217,5.051,5.2073,-0.15629999999999988,-3.0016,59348.5,31030.166
002045.SZ,20180830,5.3538,5.4222,5.1487,5.2073,5.3734,-0.16610000000000014,-3.0912,84555.76,45657.421
002045.SZ,20180829,5.4515,5.5102,5.3538,5.3734,5.4418,-0.06839999999999957,-1.2569,59529.0,33099.008
002045.SZ,20180828,5.4418,5.5688,5.4125,5.4418,5.4808,-0.03900000000000059,-0.7116,61764.0,34625.831
002045.SZ,20180827,5.3245,5.5004,5.3245,5.4808,5.3245,0.15630000000000077,2.9355,64864.78,35930.431
002045.SZ,20180824,5.4222,5.4222,5.305,5.3245,5.3929,-0.06840000000000046,-1.2683,46342.0,25430.285
002045.SZ,20180823,5.4125,5.4808,5.3831,5.3929,5.4125,-0.019599999999999618,-0.3621,44634.0,24802.083
002045.SZ,20180822,5.5688,5.5883,5.4027,5.4125,5.5688,-0.15630000000000077,-2.8067,54710.0,30660.838
002045.SZ,20180821,5.5199,5.6079,5.4808,5.5688,5.5492,0.019600000000000506,0.3532,53747.61,30598.772
002045.SZ,20180820,5.4711,5.5883,5.432,5.5492,5.4808,0.06839999999999957,1.248,44334.34,25004.689
002045.SZ,20180817,5.6958,5.7055,5.4711,5.4808,5.686,-0.2051999999999996,-3.6089,55950.61,31959.221
002045.SZ,20180816,5.5395,5.7055,5.4222,5.686,5.6079,0.07810000000000006,1.3927,69185.47,39691.516
002045.SZ,20180815,5.7642,5.8326,5.5785,5.6079,5.7642,-0.15629999999999988,-2.7116,75439.13,43837.649
002045.SZ,20180814,5.7446,6.028,5.7055,5.7642,5.7153,0.04889999999999972,0.8556,125338.83,74673.295
002045.SZ,20180813,5.6567,5.7446,5.5199,5.7153,5.6762,0.03910000000000036,0.6888,76701.4,44485.211
002045.SZ,20180810,5.6176,5.7153,5.559,5.6762,5.6079,0.0682999999999998,1.2179,71761.0,41551.808
002045.SZ,20180809,5.4125,5.6958,5.4125,5.6079,5.5199,0.08800000000000008,1.5942,92158.0,52992.052
002045.SZ,20180808,5.6469,5.6469,5.4711,5.5199,5.6469,-0.12699999999999978,-2.249,57286.0,32607.011
002045.SZ,20180807,5.5688,5.6469,5.3929,5.6469,5.5199,0.12699999999999978,2.3008,78547.0,44685.432
002045.SZ,20180806,5.8521,5.8912,5.4222,5.5199,5.8619,-0.3420000000000005,-5.8343,74354.15,43012.524
002045.SZ,20180803,5.8326,5.94,5.7739,5.8619,5.9107,-0.048799999999999955,-0.8256,37795.13,22677.077
002045.SZ,20180802,6.2038,6.2331,5.7544,5.9107,6.2624,-0.3517000000000001,-5.6161,106328.01,64885.253
002045.SZ,20180801,6.4285,6.5164,6.1843,6.2624,6.321,-0.05859999999999932,-0.9271,86926.5,56556.528
002045.SZ,20180731,6.1354,6.3406,6.0963,6.321,6.155,0.16599999999999948,2.697,86922.64,55699.185
002045.SZ,20180730,6.4578,6.5067,6.1061,6.155,6.4383,-0.28329999999999966,-4.4002,119461.65,76406.134
002045.SZ,20180727,6.5067,6.6728,6.4187,6.4383,6.5458,-0.10749999999999993,-1.6423,112997.0,75567.091
002045.SZ,20180726,6.4285,6.6239,6.4187,6.5458,6.4285,0.11730000000000018,1.8247,138045.0,92322.709
002045.SZ,20180725,6.4481,6.4969,6.3601,6.4285,6.3894,0.03909999999999947,0.612,92186.0,60616.686
002045.SZ,20180724,6.3113,6.4871,6.2233,6.3894,6.3113,0.07810000000000006,1.2375,150110.26,97769.57
002045.SZ,20180723,6.2038,6.321,6.1452,6.3113,6.2233,0.08800000000000008,1.414,63255.24,40438.25
002045.SZ,20180720,6.1843,6.2429,6.0866,6.2233,6.1843,0.0389999999999997,0.6306,66043.01,41727.8
002045.SZ,20180719,6.3308,6.3699,6.155,6.1843,6.3797,-0.19539999999999935,-3.0628,86114.0,54915.122
002045.SZ,20180718,6.3504,6.5946,6.321,6.3797,6.3504,0.029300000000000104,0.4614,93723.23,61860.933
002045.SZ,20180717,6.3504,6.3894,6.2331,6.3504,6.3504,0.0,0.0,61553.01,39728.864
002045.SZ,20180716,6.6044,6.6044,6.155,6.3504,6.6434,-0.29300000000000015,-4.4104,125835.22,81668.228
002045.SZ,20180713,6.7607,6.7802,6.5751,6.6434,6.663,-0.019600000000000506,-0.2942,73946.57,50308.582
002045.SZ,20180712,6.5653,6.7118,6.5164,6.663,6.4774,0.1856,2.8653,106878.58,72690.861
002045.SZ,20180711,6.5458,6.6532,6.321,6.4774,6.6728,-0.19539999999999935,-2.9283,99632.01,66179.993
002045.SZ,20180710,6.9072,6.9072,6.5751,6.6728,6.7802,-0.10740000000000016,-1.584,100908.57,69286.753
002045.SZ,20180709,6.663,6.917,6.663,6.7802,6.6434,0.13680000000000003,2.0592,69829.01,48433.318
002045.SZ,20180706,6.5458,6.7607,6.3992,6.6434,6.5262,0.11719999999999953,1.7958,93265.23,63244.503
002045.SZ,20180705,6.7802,6.8877,6.5164,6.5262,6.79,-0.2637999999999998,-3.8851,72723.02,49878.052
002045.SZ,20180704,7.0342,7.0929,6.7021,6.79,7.0049,-0.2149000000000001,-3.0679,94681.03,66479.815
002045.SZ,20180703,6.8388,7.0342,6.8388,7.0049,6.8095,0.19540000000000024,2.8695,96076.58,68459.913
002045.SZ,20180702,7.1808,7.2785,6.7411,6.8095,6.9854,-0.1759000000000004,-2.5181,124847.81,89112.739
002045.SZ,20180629,6.6239,7.0342,6.6044,6.9854,6.6434,0.3420000000000005,5.148,128668.72,90516.204
002045.SZ,20180628,6.7705,6.8682,6.5848,6.6434,6.7607,-0.11730000000000018,-1.735,97992.8,67352.555
002045.SZ,20180627,6.8779,6.9463,6.7118,6.7607,6.917,-0.15629999999999988,-2.2597,92347.03,64453.702
002045.SZ,20180626,6.7021,7.0147,6.5555,6.917,6.8584,0.05860000000000021,0.8544,115523.66,81527.905
002045.SZ,20180625,7.0049,7.0538,6.6728,6.8584,6.9561,-0.09770000000000056,-1.4045,166217.85,116649.021
002045.SZ,20180622,6.5067,7.1808,6.3992,6.9561,6.8682,0.08790000000000031,1.2798,249659.25,174108.127
002045.SZ,20180621,6.7802,7.171,6.7021,6.8682,6.5164,0.3517999999999999,5.3987,323464.43,233733.645
002045.SZ,20180620,6.3797,6.6337,6.2917,6.5164,6.4871,0.029300000000000104,0.4517,143710.57,95422.327
002045.SZ,20180619,7.0147,7.0147,6.4871,6.4871,7.2101,-0.7229999999999999,-10.0276,153454.0,104578.467
002045.SZ,20180615,7.3469,7.4739,6.9561,7.2101,7.3273,-0.11720000000000041,-1.5995,166237.16,123083.578
002045.SZ,20180614,8.1089,8.1578,7.3273,7.3273,8.1382,-0.8108999999999993,-9.9641,240146.74,187331.887
002045.SZ,20180613,8.6951,8.7342,8.0991,8.1382,8.6951,-0.5569000000000006,-6.4048,106324.35,90627.298
002045.SZ,20180612,8.8612,8.9393,8.6365,8.6951,8.8416,-0.14649999999999963,-1.6569,83251.39,74446.174
002045.SZ,20180611,8.998,9.0468,8.8319,8.8416,9.0468,-0.2051999999999996,-2.2682,38592.05,35205.048
002045.SZ,20180608,8.998,9.1738,8.8026,9.0468,9.1836,-0.13680000000000092,-1.4896,65848.87,60314.515
002045.SZ,20180607,9.4083,9.4181,9.1347,9.1836,9.3106,-0.12700000000000067,-1.364,42032.15,39794.677
002045.SZ,20180606,9.3204,9.4278,9.2422,9.3106,9.3106,0.0,0.0,36695.36,34998.763
002045.SZ,20180605,9.0957,9.3106,9.0957,9.3106,9.1054,0.20520000000000138,2.2536,53856.55,50932.007
002045.SZ,20180604,9.3301,9.4278,8.9882,9.1054,9.2031,-0.09769999999999968,-1.0616,34434.0,32453.769
002045.SZ,20180601,9.2617,9.3399,9.1543,9.2031,9.2715,-0.06840000000000046,-0.7377,36556.04,34598.226
002045.SZ,20180531,9.1641,9.4571,9.0566,9.2715,9.0566,0.2149000000000001,2.3729,68318.03,64706.621
002045.SZ,20180530,9.6916,9.6916,8.9393,9.0566,9.7893,-0.7327000000000012,-7.4847,119885.02,113606.417
002045.SZ,20180529,9.9261,9.9847,9.7112,9.7893,9.9652,-0.1758999999999986,-1.7651,49895.94,50118.814
002045.SZ,20180528,9.7209,10.1117,9.6916,9.9652,9.7991,0.16610000000000014,1.6951,63059.74,64152.111
002045.SZ,20180525,9.887,10.0043,9.7112,9.7991,9.9066,-0.10749999999999993,-1.0851,48954.63,49234.822
002045.SZ,20180524,9.9359,10.1703,9.8577,9.9066,9.8675,0.03909999999999947,0.3963,72367.56,73901.411
002045.SZ,20180523,10.1703,10.2876,9.8089,9.8675,10.1606,-0.2931000000000008,-2.8847,79738.03,81598.563
002045.SZ,20180522,10.2094,10.2485,10.1117,10.1606,10.2192,-0.05860000000000021,-0.5734,51790.49,53889.306
002045.SZ,20180521,9.9359,10.3169,9.9359,10.2192,9.8968,0.3224,3.2576,95370.03,99670.354
002045.SZ,20180518,9.7795,9.9456,9.7112,9.8968,9.7307,0.16610000000000014,1.707,45440.71,45889.073
002045.SZ,20180517,9.7405,9.9456,9.7112,9.7307,9.7991,-0.06839999999999868,-0.698,46951.39,47113.884
002045.SZ,20180516,9.7698,9.9066,9.6525,9.7991,9.8284,-0.029300000000000992,-0.2981,56401.76,56351.158
002045.SZ,20180515,10.0043,10.014,9.5842,9.8284,9.9652,-0.13679999999999914,-1.3728,99744.65,99641.867
002045.SZ,20180514,10.2094,10.2094,9.9652,9.9652,10.1313,-0.16610000000000014,-1.6395,46762.71,48107.953
002045.SZ,20180511,10.1025,10.1607,10.0444,10.1316,10.0735,0.05810000000000137,0.5768,33740.59,35160.854
002045.SZ,20180510,10.1801,10.2771,10.0444,10.0735,10.2092,-0.13569999999999993,-1.3292,58960.22,61627.879
002045.SZ,20180509,10.1025,10.3255,10.0347,10.2092,10.0541,0.15509999999999913,1.5427,69577.53,73275.976
002045.SZ,20180508,10.1801,10.1801,9.9959,10.0541,10.1413,-0.08719999999999928,-0.8599,63022.23,65468.499
002045.SZ,20180507,9.9862,10.2092,9.9862,10.1413,9.928,0.2132999999999985,2.1485,65298.8,67985.504
002045.SZ,20180504,10.1704,10.1704,9.9183,9.928,10.1801,-0.25209999999999866,-2.4764,48290.45,49992.994
002045.SZ,20180503,10.0153,10.1995,9.7923,10.1801,10.025,0.15509999999999913,1.5471,65317.78,67407.658
002045.SZ,20180502,9.9377,10.2674,9.8796,10.025,9.8989,0.126100000000001,1.2739,60882.6,63184.415
002045.SZ,20180427,9.7438,9.9668,9.7341,9.8989,9.6953,0.20359999999999978,2.1,74758.57,76092.274
002045.SZ,20180426,10.8491,10.8491,9.6953,9.6953,10.7618,-1.0664999999999996,-9.9101,155782.23,163438.226
002045.SZ,20180425,10.8588,11.0236,10.7424,10.7618,10.9267,-0.16490000000000116,-1.5091,57995.0,64778.995
002045.SZ,20180424,10.7327,10.9557,10.7327,10.9267,10.7327,0.19400000000000084,1.8076,47519.0,53340.494
002045.SZ,20180423,10.9848,11.0527,10.5679,10.7327,11.0042,-0.2715000000000014,-2.4672,66355.02,73849.566
002045.SZ,20180420,11.0042,11.489,10.9654,11.0042,11.169,-0.1647999999999996,-1.4755,92014.15,106410.499
002045.SZ,20180419,10.9073,11.2563,10.82,11.169,10.8297,0.3392999999999997,3.1331,98428.1,112745.685
002045.SZ,20180418,10.8394,10.9363,10.5388,10.8297,10.6843,0.14540000000000042,1.3609,77985.73,86484.07
002045.SZ,20180417,10.8976,10.9363,10.5873,10.6843,10.82,-0.13569999999999993,-1.2542,83793.93,92533.049
002045.SZ,20180416,11.3436,11.3436,10.7037,10.82,11.4599,-0.639899999999999,-5.5838,138005.63,155556.227
002045.SZ,20180413,11.6635,11.7508,11.4211,11.4599,11.5956,-0.13569999999999993,-1.1703,55654.0,66079.489
002045.SZ,20180412,11.4114,11.6441,11.3339,11.5956,11.838,-0.24239999999999995,-2.0476,98620.21,117213.307
002045.SZ,20180411,11.8283,12.0222,11.7798,11.838,11.7895,0.04849999999999888,0.4114,99622.22,122318.331
002045.SZ,20180410,11.6732,11.9059,11.5472,11.7895,11.6344,0.1551000000000009,1.3331,92363.01,111567.835
002045.SZ,20180409,11.9059,12.0513,11.4793,11.6344,12.0998,-0.4654000000000007,-3.8463,116222.11,139941.791
002045.SZ,20180404,12.1095,12.3906,12.0707,12.0998,12.158,-0.05819999999999936,-0.4787,82747.18,103960.323
002045.SZ,20180403,12.1289,12.41,12.0804,12.158,12.507,-0.3490000000000002,-2.7904,132059.46,166268.246
002045.SZ,20180402,12.4391,12.633,11.9834,12.507,12.3325,0.1745000000000001,1.415,292006.29,370600.974
002045.SZ,20180330,11.3048,12.3325,11.3048,12.3325,11.2078,1.124699999999999,10.035,242843.62,302122.341
002045.SZ,20180329,11.266,11.615,11.1399,11.2078,11.2951,-0.08729999999999905,-0.7729,107236.29,125685.913
002045.SZ,20180328,11.2951,11.4211,11.1496,11.2951,11.5278,-0.23269999999999946,-2.0186,93716.61,109194.802
002045.SZ,20180327,11.2854,11.5472,11.2272,11.5278,10.9654,0.5623999999999985,5.1289,141182.72,165741.47
002045.SZ,20180326,10.6649,11.2466,10.5679,10.9654,11.1206,-0.1551999999999989,-1.3956,118471.01,132734.116
002045.SZ,20180323,11.8283,11.8768,11.1109,11.1206,12.3422,-1.2216000000000005,-9.8977,159359.19,188745.206
002045.SZ,20180322,12.4876,12.5846,12.158,12.3422,12.4779,-0.13569999999999993,-1.0875,69185.78,88196.677
002045.SZ,20180321,12.3034,12.7009,12.2258,12.4779,12.3228,0.15509999999999913,1.2586,157174.41,203457.42
002045.SZ,20180320,12.1774,12.3422,11.838,12.3228,12.2161,0.10670000000000002,0.8734,102538.44,128061.527
002045.SZ,20180319,12.5167,12.5264,12.1192,12.2161,12.5264,-0.3102999999999998,-2.4772,121729.07,154109.311
002045.SZ,20180316,12.41,12.7882,12.3228,12.5264,12.4973,0.029100000000001458,0.2329,94239.28,122772.884
002045.SZ,20180315,12.6912,12.7979,12.0319,12.4973,13.1178,-0.6205000000000016,-4.7302,243201.48,311943.323
002045.SZ,20180314,13.4765,13.4862,13.0887,13.1178,13.4862,-0.3683999999999994,-2.7317,120820.11,165234.783
002045.SZ,20180313,13.5638,13.7286,13.3311,13.4862,13.5832,-0.09699999999999953,-0.7141,122102.77,170430.806
002045.SZ,20180312,13.3893,13.7965,13.3893,13.5832,13.3602,0.22299999999999898,1.6691,226500.5,317927.762
002045.SZ,20180309,12.8657,13.4668,12.8657,13.3602,12.8366,0.5236000000000001,4.079,167471.02,228499.532
002045.SZ,20180308,12.8366,13.0112,12.7494,12.8366,12.8754,-0.03880000000000017,-0.3013,93603.21,124246.196
002045.SZ,20180307,13.1275,13.1469,12.8269,12.8754,13.1663,-0.2908999999999988,-2.2094,91091.0,122110.274
002045.SZ,20180306,13.0887,13.3311,13.0402,13.1663,13.079,0.08729999999999905,0.6675,111672.2,151791.011
002045.SZ,20180305,13.2148,13.3408,13.0015,13.079,13.2148,-0.1357999999999997,-1.0276,93666.53,126562.214
002045.SZ,20180302,13.1857,13.5541,13.0887,13.2148,13.3699,-0.15509999999999913,-1.1601,114101.29,156493.025
002045.SZ,20180301,13.399,13.4765,13.0208,13.3699,13.5735,-0.20359999999999978,-1.5,199465.34,272803.483
002045.SZ,20180228,12.9918,13.651,12.8657,13.5735,12.9918,0.5816999999999997,4.4774,199875.94,275229.366
002045.SZ,20180227,13.2148,13.7674,12.8075,12.9918,13.1857,-0.19390000000000107,-1.4705,318164.72,438293.493
002045.SZ,20180226,12.8657,13.525,12.633,13.1857,12.7397,0.4460000000000015,3.5009,201316.97,273739.753
002045.SZ,20180223,12.8948,12.9918,12.6233,12.7397,12.953,-0.21330000000000027,-1.6467,91520.0,120513.138
002045.SZ,20180222,12.6621,12.9724,12.3131,12.953,12.5749,0.3780999999999999,3.0068,112524.93,146915.587
002045.SZ,20180214,12.0901,12.7882,12.0416,12.5749,12.0319,0.5429999999999993,4.513,116282.47,149406.237
002045.SZ,20180213,12.4294,12.5652,11.9253,12.0319,12.3713,-0.3393999999999995,-2.7434,90240.88,113600.218
002045.SZ,20180212,12.1677,12.4585,12.0416,12.3713,12.0998,0.27149999999999963,2.2438,97158.04,122671.353
002045.SZ,20180209,12.1967,12.507,11.7895,12.0998,12.6039,-0.5040999999999993,-3.9996,93624.25,117218.405
002045.SZ,20180208,12.3616,12.9142,12.3228,12.6039,12.5264,0.07749999999999879,0.6187,89069.66,116886.108
002045.SZ,20180207,12.633,12.8463,11.3629,12.5264,12.2452,0.2812000000000001,2.2964,189911.3,238050.05
002045.SZ,20180206,13.0887,13.2826,12.2161,12.2452,13.4765,-1.2312999999999992,-9.1366,121242.17,159120.09
002045.SZ,20180205,13.3311,13.6704,13.0112,13.4765,13.7189,-0.24239999999999995,-1.7669,130910.81,179972.961
002045.SZ,20180202,12.8269,13.8546,12.2161,13.7189,13.2051,0.5137999999999998,3.8909,208133.1,280908.612
002045.SZ,20180201,14.2522,14.2522,12.7009,13.2051,14.1164,-0.9113000000000007,-6.4556,334197.2,450627.83
002045.SZ,20180131,15.5125,15.6871,14.1164,14.1164,15.6871,-1.5706999999999987,-10.0127,198256.93,298149.19
002045.SZ,20180130,15.9585,16.0167,15.6095,15.6871,15.9488,-0.26170000000000115,-1.6409,56351.25,91738.083
002045.SZ,20180129,16.676,16.6954,15.6095,15.9488,16.8505,-0.9017,-5.3512,168393.66,278300.098
002045.SZ,20180126,17.4031,17.4516,16.4336,16.8505,17.4322,-0.5817000000000014,-3.3369,126508.83,220150.728
002045.SZ,20180125,17.4904,17.82,17.1995,17.4322,17.6261,-0.1938999999999993,-1.1001,116970.82,211170.589
002045.SZ,20180124,17.6455,17.8491,16.8602,17.6261,17.2771,0.3490000000000002,2.02,110626.54,197953.374
002045.SZ,20180123,17.7037,17.7619,17.0056,17.2771,17.8103,-0.5332000000000008,-2.9938,113990.98,203574.961
002045.SZ,20180122,17.9364,18.2079,17.5001,17.8103,17.8007,0.009600000000002495,0.0539,94467.87,173154.628
002045.SZ,20180119,18.2176,18.2176,17.6455,17.8007,17.9655,-0.1647999999999996,-0.9173,45215.64,83476.156
002045.SZ,20180118,17.791,18.3533,17.6261,17.9655,17.7813,0.18419999999999703,1.0359,92100.03,171047.329
002045.SZ,20180117,17.3934,18.2079,17.0444,17.7813,17.4516,0.32970000000000255,1.8892,126664.96,230146.681
002045.SZ,20180116,17.9752,18.3048,17.0347,17.4516,18.2466,-0.7950000000000017,-4.357,162603.97,294704.507
002045.SZ,20180115,18.3242,19.6331,17.9364,18.2466,18.2563,-0.00969999999999871,-0.0531,261621.58,505135.739
002045.SZ,20180112,17.4516,18.5181,17.3644,18.2563,17.6552,0.6010999999999989,3.4047,164577.34,308088.112
002045.SZ,20180111,17.2674,18.0333,16.8893,17.6552,17.2189,0.43629999999999924,2.5338,62568.21,111505.293
002045.SZ,20180110,17.3644,17.5583,17.0929,17.2189,17.2092,0.009700000000002262,0.0564,62298.4,111252.91
002045.SZ,20180109,17.4904,17.6649,17.1995,17.2092,17.6649,-0.4557000000000002,-2.5797,62065.3,111521.754
002045.SZ,20180108,17.8879,17.8879,16.899,17.6649,17.8297,-0.1647999999999996,-0.9243,143656.1,257185.473
002045.SZ,20180105,17.694,17.9364,17.5098,17.8297,17.8007,0.028999999999999915,0.1629,76070.2,139403.37
002045.SZ,20180104,17.4031,17.9849,17.3547,17.8007,17.2189,0.5817999999999977,3.3788,145079.64,265133.041
002045.SZ,20180103,17.1705,17.5486,16.9669,17.2189,17.2189,0.0,0.0,119039.0,212676.562
002045.SZ,20180102,16.4821,17.3644,16.4821,17.2189,16.3076,0.9113000000000007,5.5882,233629.89,408774.712
002045.SZ,20171229,16.0943,16.3463,15.9488,16.3076,16.0943,0.21330000000000027,1.3253,38348.09,63815.514
002045.SZ,20171228,16.2882,16.356,16.0943,16.0943,16.2785,-0.18420000000000059,-1.1316,34443.0,57601.705
002045.SZ,20171227,16.1912,16.3367,16.0943,16.2785,16.2203,0.05819999999999936,0.3588,32244.86,53885.35
002045.SZ,20171226,16.2397,16.2882,15.9682,16.2203,16.2979,-0.07759999999999678,-0.4761,33960.14,56366.425
002045.SZ,20171225,16.5596,16.7245,15.9973,16.2979,16.55,-0.2521000000000022,-1.5233,59637.0,99642.207
002045.SZ,20171222,16.4433,16.5984,16.3948,16.55,16.5112,0.038800000000001944,0.235,29457.51,50143.895
002045.SZ,20171221,16.4336,16.6178,16.1234,16.5112,16.4336,0.07760000000000034,0.4722,47609.98,80712.405
002045.SZ,20171220,16.23,16.4336,16.0458,16.4336,16.2882,0.14539999999999864,0.8927,49321.05,82905.787
002045.SZ,20171219,15.8131,16.3173,15.8131,16.2882,15.8616,0.42660000000000053,2.6895,60411.28,100571.058
002045.SZ,20171218,15.9391,15.9391,15.6095,15.8616,15.9488,-0.08720000000000105,-0.5467,42961.04,69677.257
002045.SZ,20171215,16.007,16.1331,15.5901,15.9488,16.0264,-0.07759999999999856,-0.4842,50040.73,81742.551
002045.SZ,20171214,15.9973,16.2203,15.7452,16.0264,16.0167,0.00969999999999871,0.0606,52300.88,86307.03
002045.SZ,20171213,15.8034,16.3657,15.6677,16.0167,15.9391,0.07760000000000034,0.4869,74289.69,122604.265
002045.SZ,20171212,16.4627,16.55,15.881,15.9391,16.4336,-0.4944999999999986,-3.0091,68083.45,113434.572
002045.SZ,20171211,16.0943,16.5209,16.0555,16.4336,16.1137,0.31989999999999696,1.9853,71132.75,120429.907
002045.SZ,20171208,16.0361,16.2397,15.8325,16.1137,15.9294,0.18430000000000213,1.157,59130.48,98205.935
002045.SZ,20171207,15.9391,16.0749,15.8034,15.9294,15.9488,-0.019400000000000972,-0.1216,36398.64,59803.479
002045.SZ,20171206,15.7549,15.9488,15.3962,15.9488,15.6677,0.28110000000000035,1.7941,61297.98,98811.558
002045.SZ,20171205,15.9101,15.9973,15.4156,15.6677,15.9488,-0.28110000000000035,-1.7625,57047.45,92262.564
002045.SZ,20171204,15.8034,16.2106,15.7258,15.9488,15.8616,0.08720000000000105,0.5498,37080.74,61327.383
002045.SZ,20171201,15.9488,16.1912,15.784,15.8616,16.0749,-0.21330000000000027,-1.3269,42842.4,70352.3
002045.SZ,20171130,16.6275,16.6275,15.881,16.0749,16.5306,-0.4557000000000002,-2.7567,69271.99,115714.273
002045.SZ,20171129,16.1718,16.6469,15.9876,16.5306,16.2688,0.2618000000000009,1.6092,97957.48,166104.494
002045.SZ,20171128,15.7162,16.3076,15.5998,16.2688,15.7065,0.5622999999999987,3.58,81768.65,135411.526
002045.SZ,20171127,15.5998,15.9488,15.1247,15.7065,15.658,0.048500000000000654,0.3097,65644.09,106120.998
002045.SZ,20171124,15.4641,15.7162,14.7369,15.658,15.5319,0.1260999999999992,0.8119,152280.71,238904.963
002045.SZ,20171123,16.3463,16.3754,15.3477,15.5319,16.3463,-0.8143999999999991,-4.9822,107133.74,174615.356
002045.SZ,20171122,16.2494,16.6372,16.007,16.3463,16.2494,0.09689999999999799,0.5963,81991.86,138124.483
002045.SZ,20171121,16.6469,16.8117,15.9004,16.2494,16.7148,-0.4653999999999989,-2.7844,166592.62,278476.911
002045.SZ,20171120,16.8699,16.9669,16.0458,16.7148,17.4031,-0.6882999999999981,-3.955,233664.59,396908.931
002045.SZ,20171117,18.4987,18.5181,17.0638,17.4031,18.4212,-1.0181000000000004,-5.5268,167053.43,305082.043
002045.SZ,20171116,18.6635,18.7023,18.1497,18.4212,18.6635,-0.24230000000000018,-1.2983,79858.73,151157.283
002045.SZ,20171115,18.5472,18.8574,18.1303,18.6635,18.5472,0.11629999999999896,0.627,107578.65,205332.904
002045.SZ,20171114,18.4599,19.0901,17.9364,18.5472,18.3921,0.1551000000000009,0.8433,152278.86,291554.796
002045.SZ,20171113,18.6926,18.6926,18.0818,18.3921,18.6926,-0.30049999999999955,-1.6076,136982.49,258175.658
002045.SZ,20171110,18.5375,18.8671,18.2272,18.6926,18.5181,0.17449999999999832,0.9423,145964.7,279547.933
002045.SZ,20171109,17.7619,18.5957,17.4516,18.5181,17.7425,0.7756000000000007,4.3714,212005.43,398573.667
002045.SZ,20171108,17.3159,18.0624,17.1705,17.7425,17.3159,0.42660000000000053,2.4636,170032.37,310300.313
002045.SZ,20171107,16.7923,17.4322,16.7923,17.3159,16.7148,0.6010999999999989,3.5962,136556.87,242869.078
002045.SZ,20171106,16.4045,16.7632,16.2882,16.7148,16.3657,0.34909999999999997,2.1331,79213.47,135691.144
002045.SZ,20171103,16.1427,16.4142,16.1137,16.3657,16.3851,-0.019400000000000972,-0.1184,37751.11,63367.991
002045.SZ,20171102,16.55,16.55,15.9973,16.3851,16.5403,-0.15519999999999712,-0.9383,76389.61,128504.387
002045.SZ,20171101,16.9959,17.0153,16.2494,16.5403,16.9475,-0.4072000000000031,-2.4027,147926.75,251288.595
002045.SZ,20171031,16.7729,17.0929,16.6275,16.9475,17.0444,-0.09689999999999799,-0.5685,71508.94,124127.952
002045.SZ,20171030,17.2577,17.2577,16.1912,17.0444,17.2868,-0.24239999999999995,-1.4022,171172.48,294949.601
002045.SZ,20171027,17.791,17.791,17.1414,17.2868,17.7619,-0.4751000000000012,-2.6748,106108.8,190191.055
002045.SZ,20171026,17.8685,17.9364,17.568,17.7619,17.9849,-0.22299999999999898,-1.2399,87977.31,160781.637
002045.SZ,20171025,18.1303,18.2079,17.6455,17.9849,18.043,-0.058099999999999596,-0.322,87897.68,161837.421
002045.SZ,20171024,18.0139,18.3436,17.7134,18.043,18.0527,-0.009700000000002262,-0.0537,57286.57,106286.55
002045.SZ,20171023,17.9849,18.1012,17.6455,18.0527,18.0139,0.038800000000001944,0.2154,68631.23,126574.504
002045.SZ,20171020,17.5292,18.0139,17.1705,18.0139,17.5292,0.48470000000000013,2.7651,72599.12,132689.64
002045.SZ,20171019,18.3727,18.6151,17.3062,17.5292,18.3727,-0.8434999999999988,-4.5911,96665.72,179113.025
002045.SZ,20171018,18.1497,18.8768,17.8394,18.3727,18.14,0.2326999999999977,1.2828,138578.82,263966.975
002045.SZ,20171017,17.7231,18.3048,17.597,18.14,17.9073,0.23270000000000124,1.2995,67048.78,125025.823
002045.SZ,20171016,18.3048,18.3242,17.3547,17.9073,18.3242,-0.4169000000000018,-2.2751,100796.37,185787.847
002045.SZ,20171013,18.0721,18.6248,17.8007,18.3242,18.2176,0.10660000000000025,0.5851,126468.8,238238.571
002045.SZ,20171012,17.2189,18.3339,17.2189,18.2176,17.1705,1.0471000000000004,6.0982,229614.05,425252.005
002045.SZ,20171011,17.0638,17.4031,16.7729,17.1705,17.1123,0.05819999999999936,0.3401,60924.0,107428.723
002045.SZ,20171010,17.2092,17.3934,17.025,17.1123,17.2092,-0.09689999999999799,-0.5631,47761.15,84720.707
002045.SZ,20171009,17.0444,17.3838,16.676,17.2092,16.7148,0.49439999999999884,2.9579,67227.77,118108.15
002045.SZ,20170929,16.6663,16.9572,16.579,16.7148,16.6663,0.048500000000000654,0.291,37318.0,64349.246
002045.SZ,20170928,17.0541,17.0929,16.579,16.6663,17.025,-0.3586999999999989,-2.1069,50792.06,88349.759
002045.SZ,20170927,16.8505,17.0444,16.676,17.025,16.8505,0.17449999999999832,1.0356,56201.43,98131.264
002045.SZ,20170926,16.4821,16.9281,16.4045,16.8505,16.5403,0.3102000000000018,1.8754,51378.36,88827.4
002045.SZ,20170925,17.0541,17.0541,16.3754,16.5403,17.1026,-0.5623000000000005,-3.2878,70919.2,121555.553
002045.SZ,20170922,17.4031,17.4031,16.4821,17.1026,17.4322,-0.3296000000000028,-1.8908,73977.91,129674.59
002045.SZ,20170921,18.0818,18.1691,17.3353,17.4322,18.0818,-0.6495999999999995,-3.5926,90531.19,165158.748
002045.SZ,20170920,18.363,18.4212,17.917,18.0818,18.5181,-0.43629999999999924,-2.3561,82381.58,153569.716
002045.SZ,20170919,18.4793,18.6151,18.1303,18.5181,18.5181,0.0,0.0,97682.53,184193.632
002045.SZ,20170918,18.2272,18.6538,17.9364,18.5181,18.3339,0.18420000000000059,1.0047,81346.39,153576.458
002045.SZ,20170915,18.809,18.9738,18.1691,18.3339,18.5181,-0.18420000000000059,-0.9947,93687.02,178084.088
002045.SZ,20170914,17.8685,18.7314,17.82,18.5181,17.9364,0.5817000000000014,3.2431,167413.58,318303.659
002045.SZ,20170913,17.7425,18.0236,17.4613,17.9364,17.8879,0.048500000000000654,0.2711,86414.65,157696.617
002045.SZ,20170912,18.1788,18.4599,17.8007,17.8879,18.3048,-0.4169000000000018,-2.2775,168141.66,313782.229
002045.SZ,20170911,17.5001,18.6151,17.4904,18.3048,17.6843,0.6204999999999998,3.5088,233737.74,439567.268
002045.SZ,20170908,17.4419,17.8394,17.2577,17.6843,17.5486,0.13569999999999993,0.7733,132511.39,240597.593
002045.SZ,20170907,17.9849,18.2369,17.5486,17.5486,18.1206,-0.5719999999999992,-3.1566,153915.06,282865.167
002045.SZ,20170906,17.7813,18.3242,17.5777,18.1206,18.2176,-0.09700000000000131,-0.5325,279780.87,519708.483
002045.SZ,20170905,16.5306,18.2176,16.5306,18.2176,16.5596,1.6580000000000013,10.0123,379755.84,692386.165
002045.SZ,20170904,16.7439,16.802,16.2106,16.5596,16.7632,-0.20360000000000156,-1.2146,149941.88,255112.915
002045.SZ,20170901,17.0929,17.248,16.3367,16.7632,17.1123,-0.34909999999999997,-2.0401,186309.07,321590.89
002045.SZ,20170831,17.2868,17.597,17.0638,17.1123,17.345,-0.2326999999999977,-1.3416,109506.13,195410.576
002045.SZ,20170830,16.9669,17.5001,16.7729,17.345,16.9184,0.42660000000000053,2.5215,100207.22,177523.49
002045.SZ,20170829,17.2092,17.5486,16.6954,16.9184,17.2868,-0.36840000000000117,-2.1311,95191.49,167969.339
002045.SZ,20170828,16.8699,17.6455,16.676,17.2868,16.8699,0.41689999999999827,2.4713,106064.67,189445.453
002045.SZ,20170825,16.9669,16.9669,16.579,16.8699,16.9669,-0.09699999999999775,-0.5717,50627.01,87569.029
002045.SZ,20170824,16.8408,17.122,16.5015,16.9669,16.802,0.16489999999999938,0.9814,63571.9,110441.357
002045.SZ,20170823,17.1317,17.1414,16.676,16.802,17.0347,-0.23270000000000124,-1.366,75744.18,131783.006
002045.SZ,20170822,17.8394,17.8588,16.9765,17.0347,17.9267,-0.8919999999999995,-4.9758,143626.64,256515.391
002045.SZ,20170821,17.1414,17.9461,17.0832,17.9267,17.1608,0.765900000000002,4.4631,176535.55,322134.842
002045.SZ,20170818,16.4821,17.3062,16.4821,17.1608,16.6954,0.4653999999999989,2.7876,125265.08,220073.538
002045.SZ,20170817,16.7729,17.025,16.5015,16.6954,17.0638,-0.36840000000000117,-2.159,99044.39,170691.002
002045.SZ,20170816,16.8699,17.1123,16.7051,17.0638,16.8214,0.24239999999999995,1.441,99834.9,174698.709
002045.SZ,20170815,16.7439,17.0347,16.6469,16.8214,16.676,0.1454000000000022,0.8719,102093.41,177111.454
002045.SZ,20170814,16.676,17.2189,16.6081,16.676,16.55,0.12599999999999767,0.7613,162877.91,284214.711
002045.SZ,20170811,16.4045,17.0638,16.2591,16.55,16.6663,-0.11629999999999896,-0.6978,137973.01,238070.062
002045.SZ,20170810,16.6469,16.9669,16.2009,16.6663,16.6372,0.02909999999999968,0.1749,139600.32,238452.723
002045.SZ,20170809,16.1427,17.0735,16.0458,16.6372,16.2688,0.36840000000000117,2.2645,204870.07,351053.965
002045.SZ,20170808,15.5222,16.3367,15.2799,16.2688,15.5998,0.6689999999999987,4.2885,194271.36,319275.381
002045.SZ,20170807,15.0278,15.784,14.9211,15.5998,14.892,0.7078000000000007,4.7529,198884.97,318774.054
002045.SZ,20170804,14.6884,15.0666,14.6884,14.892,14.7078,0.1841999999999988,1.2524,96340.37,147817.801
002045.SZ,20170803,14.5527,15.086,14.2522,14.7078,14.5721,0.13569999999999993,0.9312,79909.29,121070.941
002045.SZ,20170802,15.0278,15.338,14.5236,14.5721,14.9017,-0.3295999999999992,-2.2118,151402.41,230995.05
002045.SZ,20170801,14.8824,15.1732,14.7854,14.9017,14.9599,-0.05819999999999936,-0.389,56458.25,87348.851
002045.SZ,20170731,15.1053,15.3089,14.6691,14.9599,15.2023,-0.24239999999999995,-1.5945,109628.27,168535.251
002045.SZ,20170728,15.3186,15.7355,15.0375,15.2023,15.0569,0.14539999999999864,0.9657,118044.15,187540.647
002045.SZ,20170727,14.2812,15.3865,14.097,15.0569,14.3103,0.7466000000000008,5.2172,155678.78,239760.401
002045.SZ,20170726,14.4461,14.4751,14.0776,14.3103,14.4267,-0.1164000000000005,-0.8068,34742.65,51231.546
002045.SZ,20170725,14.417,14.5915,14.2522,14.4267,14.4073,0.019400000000000972,0.1347,42995.39,63906.259
002045.SZ,20170724,14.3491,14.6109,14.0582,14.4073,14.4364,-0.029100000000001458,-0.2016,89425.45,131574.309
002045.SZ,20170721,14.6981,14.863,14.3976,14.4364,14.7272,-0.29079999999999906,-1.9746,71969.61,108195.271
002045.SZ,20170720,13.9128,14.9987,13.8643,14.7272,14.0195,0.7076999999999991,5.048,136929.82,206091.077
002045.SZ,20170719,13.7965,14.0873,13.3408,14.0195,13.8062,0.21330000000000027,1.545,112218.45,158238.255
002045.SZ,20170718,14.0098,14.2037,13.4959,13.8062,14.0582,-0.2519999999999989,-1.7925,93029.77,132322.95
002045.SZ,20170717,15.3865,15.3865,13.845,14.0582,15.3865,-1.3283000000000005,-8.6329,137897.0,205256.29
002045.SZ,20170714,15.2023,15.4641,15.1247,15.3865,15.3671,0.019399999999999196,0.1262,42506.78,67181.849
002045.SZ,20170713,15.7258,15.8616,15.1538,15.3671,15.7549,-0.3877999999999986,-2.4615,95852.98,152731.716
002045.SZ,20170712,15.4447,15.7937,15.3283,15.7549,15.5125,0.24239999999999995,1.5626,71240.91,114651.441
002045.SZ,20170711,16.2882,16.4336,15.4059,15.5125,16.2785,-0.7660000000000018,-4.7056,130005.9,212663.512
002045.SZ,20170710,16.327,16.6663,16.1912,16.2785,16.3851,-0.10660000000000025,-0.6506,91081.0,153744.056
002045.SZ,20170707,16.7245,16.8699,16.3173,16.3851,16.7729,-0.3877999999999986,-2.3121,159712.08,273169.807
002045.SZ,20170706,15.5125,17.0832,15.4156,16.7729,15.5513,1.2216000000000005,7.8553,308587.55,516533.744
002045.SZ,20170705,15.4641,15.8228,15.338,15.5513,15.6386,-0.08730000000000082,-0.5582,106677.2,171357.027
002045.SZ,20170704,15.5804,16.2397,15.1926,15.6386,15.5901,0.048500000000000654,0.3111,144516.39,232526.292
002045.SZ,20170703,15.4253,15.7549,15.2508,15.5901,15.4059,0.1841999999999988,1.1956,90303.15,144122.189
002045.SZ,20170630,14.8242,15.4641,14.8242,15.4059,14.9308,0.4751000000000012,3.182,92750.02,145446.329
002045.SZ,20170629,15.2217,15.2314,14.8339,14.9308,15.2023,-0.27149999999999963,-1.7859,115935.47,178930.375
002045.SZ,20170628,15.5125,15.5901,14.989,15.2023,15.658,-0.4557000000000002,-2.9103,91894.54,143968.146
002045.SZ,20170627,16.1815,16.2688,15.4641,15.658,16.1912,-0.533199999999999,-3.2931,108431.84,176982.396
002045.SZ,20170626,15.8325,16.3173,15.7065,16.1912,15.8034,0.3877999999999986,2.4539,83257.37,137515.366
002045.SZ,20170623,16.1912,16.2009,15.4447,15.8034,16.2106,-0.40719999999999956,-2.5119,92660.99,151226.801
002045.SZ,20170622,16.3754,16.4627,16.0458,16.2106,16.3657,-0.1551000000000009,-0.9477,93832.52,157198.605
002045.SZ,20170621,15.4447,16.3657,15.2411,16.3657,15.4156,0.9501000000000008,6.1632,166755.52,274858.054
002045.SZ,20170620,14.9114,15.6677,14.7951,15.4156,14.863,0.5526,3.718,122093.82,191760.651
002045.SZ,20170619,15.1732,15.1829,14.6884,14.863,15.1053,-0.24230000000000018,-1.6041,110713.19,169897.78
002045.SZ,20170616,15.3574,15.7549,15.0084,15.1053,15.3574,-0.25210000000000043,-1.6416,105716.42,167508.692
002045.SZ,20170615,15.1247,15.435,15.0278,15.3574,15.1732,0.18420000000000059,1.214,55859.72,88075.689
002045.SZ,20170614,15.3186,15.4059,14.9211,15.1732,15.2702,-0.09700000000000131,-0.6352,47327.58,73635.618
002045.SZ,20170613,14.9987,15.3768,14.8339,15.2702,15.0763,0.19390000000000107,1.2861,57351.48,90083.55
002045.SZ,20170612,15.6386,15.6386,14.64,15.0763,15.6871,-0.6107999999999993,-3.8936,107542.23,167059.565
002045.SZ,20170609,16.0458,16.0458,15.4738,15.6871,16.0749,-0.38780000000000037,-2.4125,65036.66,105203.447
002045.SZ,20170608,16.2882,16.4045,16.0264,16.0749,16.0943,-0.019400000000000972,-0.1205,77816.6,129860.945
002045.SZ,20170607,15.6871,16.4142,15.6871,16.0943,15.9294,0.16490000000000116,1.0352,89208.21,148247.93
002045.SZ,20170606,17.1608,17.2092,15.0278,15.9294,16.4433,-0.5139000000000014,-3.1253,173789.82,291154.363
002045.SZ,20170605,16.1912,16.9281,16.1427,16.4433,15.9585,0.4847999999999999,3.0379,98055.57,167253.055
002045.SZ,20170602,15.9488,16.1524,15.5222,15.9585,15.9585,0.0,0.0,45137.13,73747.917
002045.SZ,20170601,15.3186,16.356,15.2217,15.9585,15.5125,0.4460000000000015,2.8751,94578.79,155079.903
002045.SZ,20170531,15.5222,15.8034,14.8436,15.5125,15.5125,0.0,0.0,133635.95,211226.524
002045.SZ,20170526,17.2383,17.2577,15.5125,15.5125,17.2383,-1.7257999999999996,-10.0114,247194.93,406623.911
002045.SZ,20170525,17.3547,17.597,17.0444,17.2383,17.4613,-0.22300000000000253,-1.2771,65508.15,116911.639
002045.SZ,20170524,17.7425,17.791,17.0153,17.4613,17.791,-0.329699999999999,-1.8532,63156.32,113502.668
002045.SZ,20170523,17.7328,18.0624,17.6455,17.791,17.6455,0.14550000000000196,0.8246,68075.69,125768.495
002045.SZ,20170522,17.6455,17.9558,17.5292,17.6455,17.8103,-0.16480000000000317,-0.9253,42920.65,78659.5
002045.SZ,20170519,17.9364,18.2079,17.3547,17.8103,18.1303,-0.31999999999999673,-1.765,77078.89,141406.721
002045.SZ,20170518,18.586,18.6151,17.4807,18.1303,18.6345,-0.5042000000000009,-2.7057,186909.15,347106.689
002045.SZ,20170517,19.0856,19.6455,18.3229,18.6318,19.0663,-0.4344999999999999,-2.2789,107927.86,212443.488
002045.SZ,20170516,17.763,19.1918,17.5023,19.0663,17.7437,1.3225999999999978,7.4539,142205.31,272666.83
002045.SZ,20170515,17.7147,18.0333,17.6665,17.7437,17.734,0.00969999999999871,0.0547,44653.15,82366.208
002045.SZ,20170512,17.7437,17.985,17.3768,17.734,17.7823,-0.04829999999999757,-0.2716,47569.48,87024.623
002045.SZ,20170511,17.4927,18.0333,16.9907,17.7823,17.6761,0.10619999999999763,0.6008,112875.74,205220.674
002045.SZ,20170510,17.1645,18.1974,17.1451,17.6761,17.1645,0.5116000000000014,2.9806,94145.01,174369.797
002045.SZ,20170509,16.7011,17.4541,16.6721,17.1645,17.0486,0.11589999999999989,0.6798,69894.08,123636.122
002045.SZ,20170508,17.9078,17.985,16.9907,17.0486,17.8788,-0.8301999999999978,-4.6435,81423.23,148471.21
002045.SZ,20170505,18.1974,18.6222,17.8788,17.8788,18.3229,-0.4441000000000024,-2.4237,69688.23,131205.259
002045.SZ,20170504,18.4388,18.7477,18.1491,18.3229,18.4581,-0.1352000000000011,-0.7325,50484.45,96225.425
002045.SZ,20170503,18.6029,18.6029,18.1974,18.4581,18.5836,-0.12549999999999883,-0.6753,48314.21,91984.234
002045.SZ,20170502,18.5063,18.6608,18.1974,18.5836,18.5063,0.07730000000000103,0.4177,64217.99,122743.744
002045.SZ,20170428,17.8402,18.9697,17.8306,18.5063,17.9175,0.5887999999999991,3.2862,129618.51,248602.307
002045.SZ,20170427,17.0679,18.3326,16.7976,17.9175,17.2031,0.7144000000000013,4.1527,144522.6,264326.975
002045.SZ,20170426,16.8266,17.3768,16.7397,17.2031,16.7976,0.40549999999999997,2.414,80630.36,143117.604
002045.SZ,20170425,17.0486,17.29,16.759,16.7976,17.0486,-0.2510000000000012,-1.4723,67257.57,118204.541
002045.SZ,20170424,17.3768,17.4927,16.4115,17.0486,17.2513,-0.2027000000000001,-1.175,96567.52,169916.037
002045.SZ,20170421,16.5177,17.8306,16.5177,17.2513,16.537,0.7143000000000015,4.3194,149847.89,268516.774
002045.SZ,20170420,16.9521,17.1258,16.4404,16.537,16.9521,-0.41510000000000247,-2.4487,99045.08,171564.213
002045.SZ,20170419,16.5177,17.1548,15.7936,16.9521,16.788,0.16410000000000124,0.9775,108875.79,185509.137
002045.SZ,20170418,17.1355,17.3768,16.7493,16.788,17.1355,-0.34750000000000014,-2.028,65309.25,115282.219
002045.SZ,20170417,17.3286,17.5892,16.6238,17.1355,17.3672,-0.23170000000000002,-1.3341,87771.78,155953.087
002045.SZ,20170414,17.5699,17.7437,17.1162,17.3672,17.6665,-0.2992999999999988,-1.6942,84537.35,152146.931
002045.SZ,20170413,16.7976,18.0236,16.6818,17.6665,16.8459,0.8205999999999989,4.8712,124092.06,225130.834
002045.SZ,20170412,16.8941,17.3286,16.7011,16.8459,17.1934,-0.34750000000000014,-2.0211,66755.44,117984.61
002045.SZ,20170411,16.9907,17.5216,16.3149,17.1934,16.9907,0.2027000000000001,1.193,151829.31,265263.461
002045.SZ,20170410,17.1548,17.512,16.788,16.9907,17.1548,-0.16410000000000124,-0.9566,175067.59,311669.394
002045.SZ,20170407,16.6045,17.3286,16.2956,17.1548,16.7204,0.4344000000000001,2.598,171855.09,298852.995
002045.SZ,20170406,16.7493,17.039,16.4115,16.7204,16.6335,0.08689999999999998,0.5224,201788.96,349801.575
002045.SZ,20170405,15.2047,16.7783,15.2047,16.6335,15.253,1.3805000000000014,9.0507,259720.34,439887.305
002045.SZ,20170331,15.7357,15.7936,14.8669,15.253,15.8419,-0.5889000000000006,-3.7174,203543.08,322695.771
002045.SZ,20170330,15.8998,15.9577,15.3495,15.8419,15.977,-0.13509999999999955,-0.8456,111666.59,180451.321
002045.SZ,20170329,15.504,16.3728,15.4557,15.977,15.6102,0.36679999999999957,2.3497,186192.01,307251.71
002045.SZ,20170328,15.7743,15.8805,15.3495,15.6102,15.5716,0.038600000000000634,0.2479,126987.55,204276.954
002045.SZ,20170327,15.8805,16.257,15.5426,15.5716,15.7357,-0.16409999999999947,-1.0429,189580.59,312937.834
002045.SZ,20170324,15.9288,16.3922,15.6198,15.7357,16.2473,-0.5115999999999996,-3.1488,237212.71,391407.038
002045.SZ,20170323,15.3013,16.2763,14.8669,16.2473,15.0792,1.168099999999999,7.7464,331691.26,537988.825
002045.SZ,20170322,14.9634,15.784,14.8862,15.0792,15.253,-0.17379999999999995,-1.1394,247859.31,392393.146
002045.SZ,20170321,14.529,15.6005,14.4904,15.253,14.7607,0.4923000000000002,3.3352,432843.19,681808.125
002045.SZ,20170320,13.6794,15.031,13.6794,14.7607,13.6601,1.1006,8.057,527695.26,805303.421
002045.SZ,20170317,14.0173,14.3262,13.5925,13.6601,13.9111,-0.25099999999999945,-1.8043,235043.57,339962.754
002045.SZ,20170316,13.1581,14.2587,13.1002,13.9111,13.1292,0.7818999999999985,5.9554,238942.36,342582.527
002045.SZ,20170315,13.0906,13.2933,12.9168,13.1292,13.1002,0.02900000000000169,0.2214,69822.16,94717.46
002045.SZ,20170314,13.3222,13.4188,13.0519,13.1002,13.3609,-0.2607000000000017,-1.9512,84276.76,115266.911
002045.SZ,20170313,13.3995,13.5539,13.2161,13.3609,13.3898,-0.02889999999999837,-0.2158,109872.25,152317.175
002045.SZ,20170310,13.2643,13.5636,13.0326,13.3898,13.2257,0.16409999999999947,1.2408,107509.77,148528.262
002045.SZ,20170309,13.2836,13.5636,13.1774,13.2257,13.3609,-0.1352000000000011,-1.0119,126513.85,175553.265
002045.SZ,20170308,13.1871,13.4671,12.994,13.3609,13.2836,0.07730000000000103,0.5819,126809.25,173536.532
002045.SZ,20170307,12.5692,13.5153,12.5499,13.2836,12.5886,0.6950000000000003,5.5209,267864.3,365290.434
002045.SZ,20170306,12.2121,12.6947,12.1734,12.5886,12.2507,0.3378999999999994,2.7582,95347.0,123369.507
002045.SZ,20170303,12.1155,12.3182,12.0769,12.2507,12.1831,0.06760000000000055,0.5549,49725.89,63007.815
002045.SZ,20170302,12.2507,12.3279,12.1155,12.1831,12.2893,-0.10620000000000118,-0.8642,94324.37,119483.638
002045.SZ,20170301,12.1445,12.3279,12.0576,12.2893,12.1155,0.17379999999999995,1.4345,67301.47,85110.34
002045.SZ,20170228,12.019,12.27,11.9611,12.1155,12.1155,0.0,0.0,39464.6,49590.357
002045.SZ,20170227,11.99,12.4051,11.8838,12.1155,11.9997,0.11580000000000013,0.965,55819.64,70266.447
002045.SZ,20170224,12.0479,12.1348,11.8549,11.9997,12.0286,-0.028900000000000148,-0.2403,37100.81,46033.476
002045.SZ,20170223,12.2024,12.2024,11.8742,12.0286,12.2217,-0.19309999999999938,-1.58,51660.24,64216.081
002045.SZ,20170222,11.8645,12.4244,11.8549,12.2217,11.8549,0.36679999999999957,3.0941,109980.81,139038.028
002045.SZ,20170221,11.8259,11.9804,11.739,11.8549,11.8549,0.0,0.0,62936.25,77547.9
002045.SZ,20170220,12.3665,12.4534,11.4784,11.8549,12.4727,-0.617799999999999,-4.9532,205040.28,252499.315
002045.SZ,20170217,12.9264,12.9264,12.4148,12.4727,12.9457,-0.47300000000000075,-3.6537,79534.73,104333.217
002045.SZ,20170216,12.9747,13.0326,12.8009,12.9457,12.9747,-0.028999999999999915,-0.2235,48476.36,64760.704
002045.SZ,20170215,12.7913,13.0616,12.7044,12.9747,12.7527,0.22199999999999953,1.7408,114495.78,152939.004
002045.SZ,20170214,12.7044,12.9651,12.6465,12.7527,12.772,-0.01929999999999943,-0.1511,50931.01,67353.294
002045.SZ,20170213,12.743,12.8782,12.6465,12.772,12.8106,-0.038600000000000634,-0.3013,67733.23,89775.249
002045.SZ,20170210,12.9554,12.9651,12.7913,12.8106,12.9168,-0.1061999999999994,-0.8222,72743.3,96725.319
002045.SZ,20170209,12.8975,13.1967,12.7527,12.9168,12.8782,0.038600000000000634,0.2997,116876.55,156395.222
002045.SZ,20170208,12.6947,13.1099,12.5596,12.8782,12.7623,0.11589999999999989,0.9081,153164.99,203902.289
002045.SZ,20170207,12.2603,12.9747,12.1445,12.7623,12.2314,0.530899999999999,4.3405,199807.36,261152.829
002045.SZ,20170206,12.2796,12.3569,12.1155,12.2314,12.2603,-0.028900000000000148,-0.2357,77275.01,97905.982
002045.SZ,20170203,12.3472,12.521,12.2314,12.2603,12.3376,-0.07729999999999926,-0.6265,59213.43,75787.013
002045.SZ,20170126,12.3086,12.3858,12.1541,12.3376,12.3569,-0.01929999999999943,-0.1562,75552.95,96075.107
002045.SZ,20170125,11.8742,12.5017,11.7583,12.3569,11.9224,0.4344999999999999,3.6444,147660.14,187415.833
002045.SZ,20170124,11.9707,11.9997,11.7004,11.9224,11.99,-0.06760000000000055,-0.5638,107837.42,132215.564
002045.SZ,20170123,11.9514,12.1155,11.8163,11.99,12.0769,-0.08689999999999998,-0.7196,130318.41,161028.027
002045.SZ,20170120,11.7969,12.5113,11.7101,12.0769,11.9321,0.14480000000000004,1.2135,163383.12,206116.268
002045.SZ,20170119,12.1059,12.1059,11.5653,11.9321,12.1831,-0.25099999999999945,-2.0602,151559.04,185973.069
002045.SZ,20170118,12.5306,12.8202,11.9707,12.1831,12.2121,-0.028999999999999915,-0.2375,371508.18,475914.974
002045.SZ,20170117,10.9088,12.2121,10.6288,12.2121,11.1019,1.110199999999999,10.0001,211031.77,261696.896
002045.SZ,20170116,12.019,12.019,10.8219,11.1019,12.019,-0.9170999999999996,-7.6304,255420.48,298866.188
002045.SZ,20161230,11.9224,12.1541,11.7873,12.019,11.9031,0.11589999999999989,0.9737,91722.04,114323.305
002045.SZ,20161229,11.8742,11.99,11.739,11.9031,11.8452,0.05790000000000006,0.4888,79243.42,97683.112
002045.SZ,20161228,11.8066,12.019,11.7101,11.8452,11.8066,0.038600000000000634,0.3269,80893.46,99429.079
002045.SZ,20161227,11.4687,12.0286,11.3239,11.8066,11.4784,0.32819999999999894,2.8593,155679.14,190305.97
002045.SZ,20161226,11.0922,11.488,10.9571,11.4784,11.0246,0.4538000000000011,4.1162,82242.44,95914.813
002045.SZ,20161223,11.2853,11.4011,11.0053,11.0246,11.3432,-0.3186,-2.8087,58986.32,68143.353
002045.SZ,20161222,11.4494,11.4591,11.1598,11.3432,11.4108,-0.06760000000000055,-0.5924,62082.88,72510.796
002045.SZ,20161221,11.4398,11.5266,11.3143,11.4108,11.3818,0.028999999999999915,0.2548,43100.31,50905.73
002045.SZ,20161220,11.1791,11.4398,11.1308,11.3818,11.2274,0.15440000000000076,1.3752,61339.76,71929.876
002045.SZ,20161219,11.3239,11.5942,11.1694,11.2274,11.3818,-0.15440000000000076,-1.3566,83998.18,98800.14
002045.SZ,20161216,10.8991,11.5266,10.8123,11.3818,10.9088,0.47300000000000075,4.3359,142468.83,166212.094
002045.SZ,20161215,10.7157,11.0053,10.6192,10.9088,10.8316,0.07719999999999949,0.7127,76070.87,85437.499
002045.SZ,20161214,11.2081,11.2081,10.7833,10.8316,11.2177,-0.3861000000000008,-3.4419,87294.55,98585.53
002045.SZ,20161213,11.1888,11.3239,10.9378,11.2177,11.1888,0.028900000000000148,0.2583,57233.64,65835.684
002045.SZ,20161212,12.0769,12.1541,11.1791,11.1888,12.1734,-0.9846000000000004,-8.0881,90961.99,109532.405
002045.SZ,20161209,12.2217,12.3279,12.1059,12.1734,12.3376,-0.16419999999999924,-1.3309,47964.74,60535.138
002045.SZ,20161208,12.3665,12.492,12.2893,12.3376,12.3376,0.0,0.0,43932.74,56382.725
002045.SZ,20161207,12.1927,12.4051,12.1927,12.3376,12.1734,0.16419999999999924,1.3488,42937.93,54781.066
002045.SZ,20161206,12.1831,12.5499,12.1348,12.1734,12.1155,0.05790000000000006,0.4779,56486.49,72412.424
002045.SZ,20161205,12.0672,12.3955,11.8549,12.1155,12.1927,-0.07719999999999949,-0.6332,51099.33,64383.275
002045.SZ,20161202,12.6272,12.6947,12.1734,12.1927,12.6368,-0.44409999999999883,-3.5143,62191.99,79986.814
002045.SZ,20161201,12.6272,12.7141,12.4534,12.6368,12.5886,0.048199999999999577,0.3829,47443.47,61703.915
002045.SZ,20161130,12.5982,12.7237,12.4244,12.5886,12.5982,-0.009600000000000719,-0.0762,46565.36,60751.853
002045.SZ,20161129,13.0133,13.1292,12.5306,12.5982,13.0133,-0.4150999999999989,-3.1898,88266.66,117151.586
002045.SZ,20161128,12.8685,13.274,12.743,13.0133,12.7623,0.25099999999999945,1.9667,116090.69,157336.268
002045.SZ,20161125,12.8106,12.9168,12.3569,12.7623,12.8396,-0.07730000000000103,-0.602,64529.26,84632.918
002045.SZ,20161124,12.9844,13.0519,12.7237,12.8396,12.9747,-0.13509999999999955,-1.0413,90002.66,120383.752
002045.SZ,20161123,13.4188,13.4477,12.9361,12.9747,13.3705,-0.3957999999999995,-2.9602,104538.72,142480.13
002045.SZ,20161122,13.3705,13.4671,13.1774,13.3705,13.4477,-0.07719999999999949,-0.5741,72045.72,99409.858
002045.SZ,20161121,13.1485,13.4767,12.9168,13.4477,13.1485,0.299199999999999,2.2755,154693.26,212849.504
002045.SZ,20161118,13.3126,13.5636,13.0809,13.1485,13.4091,-0.26060000000000016,-1.9435,106621.11,147176.052
002045.SZ,20161117,13.7953,13.8049,13.3898,13.4091,13.8146,-0.40549999999999997,-2.9353,132577.34,185434.111
002045.SZ,20161116,13.9401,13.9401,13.6987,13.8146,13.9015,-0.08689999999999998,-0.6251,122523.22,175397.202
002045.SZ,20161115,13.6698,14.0463,13.525,13.9015,13.5539,0.3475999999999999,2.5646,222621.85,318596.476
002045.SZ,20161114,13.4381,13.6215,13.4091,13.5539,13.5153,0.038600000000000634,0.2856,104440.22,146250.947
002045.SZ,20161111,13.8049,13.9497,13.4671,13.5153,13.8725,-0.35720000000000063,-2.5749,192084.94,271256.338
002045.SZ,20161110,13.718,14.0463,13.5732,13.8725,13.6408,0.23170000000000002,1.6986,169249.7,240888.486
002045.SZ,20161109,13.8435,13.9401,13.3416,13.6408,13.8435,-0.2027000000000001,-1.4642,143928.91,204120.289
002045.SZ,20161108,13.9208,14.0173,13.7374,13.8435,13.8918,-0.04829999999999934,-0.3477,148775.61,213529.849
002045.SZ,20161107,13.6987,13.9497,13.5636,13.8918,13.8242,0.06760000000000055,0.489,173882.02,247598.669
002045.SZ,20161104,14.22,14.4228,13.7953,13.8242,14.2876,-0.46340000000000003,-3.2434,258823.38,378533.2
002045.SZ,20161103,14.2297,14.3938,13.998,14.2876,14.22,0.06759999999999877,0.4754,296967.5,436684.613
002045.SZ,20161102,14.5772,14.9344,14.0945,14.22,14.3649,-0.1448999999999998,-1.0087,533957.78,798996.192
002045.SZ,20161101,13.1388,14.3649,12.9844,14.3649,13.0616,1.3033000000000001,9.9781,537221.8,777329.019
002045.SZ,20161031,13.1292,13.3802,12.9457,13.0616,13.0712,-0.009599999999998943,-0.0734,141203.83,192716.391
002045.SZ,20161028,12.6947,13.2643,12.5692,13.0712,12.9361,0.13509999999999955,1.0444,212931.41,286430.8888
002045.SZ,20161027,12.9747,13.2257,12.8202,12.9361,12.8009,0.13519999999999932,1.0562,168850.97,227521.8445
002045.SZ,20161026,12.7237,12.8009,12.4244,12.8009,12.6947,0.10620000000000118,0.8366,98940.14,129596.4147
002045.SZ,20161025,12.743,12.8396,12.6465,12.6947,12.7527,-0.058000000000001606,-0.4548,73026.22,96078.075
002045.SZ,20161024,12.8685,12.9071,12.743,12.7527,12.7913,-0.03859999999999886,-0.3018,65671.55,87232.4871
002045.SZ,20161021,12.8589,12.9747,12.5886,12.7913,12.9651,-0.17379999999999995,-1.3405,88349.52,116820.3643
002045.SZ,20161020,12.8396,13.0809,12.8106,12.9651,12.9457,0.019399999999999196,0.1499,81576.98,109593.5742
002045.SZ,20161019,13.4188,13.5829,12.8878,12.9457,13.0037,-0.05799999999999983,-0.446,162720.37,221502.0419
002045.SZ,20161018,12.6272,13.023,12.5596,13.0037,12.6561,0.3475999999999999,2.7465,110225.4,146902.8314
002045.SZ,20161017,12.9844,13.0616,12.4824,12.6561,12.9361,-0.27999999999999936,-2.1645,109362.33,144783.3335
002045.SZ,20161014,13.1195,13.1292,12.8106,12.9361,13.1195,-0.18340000000000067,-1.3979,100197.1,134087.8821
002045.SZ,20161013,12.7237,13.2064,12.6754,13.1195,12.772,0.34750000000000014,2.7208,247729.61,333712.9631
002045.SZ,20161012,12.4727,12.8299,12.3955,12.772,12.5113,0.26069999999999993,2.0837,147606.68,192774.0092
002045.SZ,20161011,12.6368,12.6851,12.4437,12.5113,12.6561,-0.14480000000000004,-1.1441,115448.44,150039.4291
002045.SZ,20161010,12.2796,12.7237,12.2603,12.6561,12.241,0.4151000000000007,3.3911,152909.47,198852.6111
002045.SZ,20160930,12.1348,12.2989,12.1348,12.241,12.1927,0.04829999999999934,0.3961,52282.85,66201.3432
002045.SZ,20160929,12.2893,12.3569,12.1155,12.1927,12.2507,-0.05799999999999983,-0.4734,87748.08,111009.2909
002045.SZ,20160928,12.3665,12.3955,12.1445,12.2507,12.3569,-0.1061999999999994,-0.8594,88095.99,111638.7706
002045.SZ,20160927,12.6465,12.7237,12.019,12.3569,12.6465,-0.2896000000000001,-2.29,208748.09,268469.3991
002045.SZ,20160926,12.1638,12.8975,12.1638,12.6465,12.1059,0.5405999999999995,4.4656,409674.58,536156.0011
002045.SZ,20160923,12.2217,12.3472,12.0866,12.1059,12.2217,-0.11580000000000013,-0.9475,113698.28,144067.559
002045.SZ,20160922,12.5306,12.5789,12.2121,12.2217,12.4341,-0.2124000000000006,-1.7082,153021.18,195443.4057
002045.SZ,20160921,12.6175,12.6175,12.4051,12.4341,12.5982,-0.16409999999999947,-1.3026,139846.16,181022.7945
002045.SZ,20160920,12.3665,12.6272,12.2024,12.5982,12.4148,0.18340000000000067,1.4773,206109.05,266185.5731
002045.SZ,20160919,12.4341,12.6368,12.241,12.4148,12.2989,0.11589999999999989,0.9424,162991.57,209324.0131
002045.SZ,20160914,12.2603,12.7141,12.1348,12.2989,12.4051,-0.1061999999999994,-0.8561,271117.47,349528.6546
002045.SZ,20160913,11.9611,12.4341,11.7873,12.4051,11.8356,0.5694999999999997,4.8118,250195.62,314280.3504
002045.SZ,20160912,11.8259,12.0576,11.739,11.8356,12.0962,-0.26060000000000016,-2.1544,172478.25,212372.6374
002045.SZ,20160909,11.9418,12.1927,11.8066,12.0962,11.9611,0.13509999999999955,1.1295,281260.03,350689.6121
002045.SZ,20160908,11.6714,11.9707,11.6714,11.9611,11.6618,0.29930000000000057,2.5665,191956.59,236284.135
002045.SZ,20160907,11.768,11.8259,11.6618,11.6618,11.768,-0.10620000000000118,-0.9024,112921.24,137400.7951
002045.SZ,20160906,11.6714,11.768,11.2949,11.768,11.6714,0.09660000000000046,0.8277,135101.91,161921.7088
002045.SZ,20160905,11.8645,11.9514,11.6135,11.6714,11.7969,-0.1255000000000006,-1.0638,127201.23,154866.1793
002045.SZ,20160902,11.6135,11.8645,11.5363,11.7969,11.6521,0.14480000000000004,1.2427,177740.2,215757.3897
002045.SZ,20160901,11.3915,11.9707,11.266,11.6521,11.3915,0.26060000000000016,2.2877,255464.63,308999.4385
002045.SZ,20160831,11.4784,11.4784,11.2756,11.3915,11.4591,-0.06759999999999877,-0.5899,84808.64,99625.4536
002045.SZ,20160830,11.4301,11.5653,11.4011,11.4591,11.4204,0.038699999999998624,0.3389,95126.76,113092.9794
002045.SZ,20160829,11.2853,11.4398,11.2467,11.4204,11.2949,0.1255000000000006,1.1111,103440.82,121702.8767
002045.SZ,20160826,11.2949,11.4784,11.1791,11.2949,11.2853,0.009600000000000719,0.0851,96892.96,113980.5924
002045.SZ,20160825,11.3915,11.4591,11.1694,11.2853,11.488,-0.2027000000000001,-1.7644,120737.28,140490.8572
002045.SZ,20160824,11.5266,11.6232,11.4398,11.488,11.5363,-0.04830000000000112,-0.4187,80924.64,96585.0908
002045.SZ,20160823,11.6232,11.7101,11.4398,11.5363,11.6135,-0.07719999999999949,-0.6647,76116.36,91252.5136
002045.SZ,20160822,11.9031,11.9611,11.6039,11.6135,11.9031,-0.2896000000000001,-2.433,78873.5,96024.4624
002045.SZ,20160819,11.8935,11.9418,11.6811,11.9031,11.9611,-0.05799999999999983,-0.4849,109959.33,134411.1431
002045.SZ,20160818,11.9611,12.1155,11.8742,11.9611,11.9707,-0.009600000000000719,-0.0802,108226.47,134260.6275
002045.SZ,20160817,11.8645,12.019,11.7776,11.9707,11.8452,0.1255000000000006,1.0595,105645.88,130267.04
002045.SZ,20160816,11.8549,12.019,11.7873,11.8452,11.8452,0.0,0.0,119005.12,146930.2702
002045.SZ,20160815,11.4977,11.99,11.4011,11.8452,11.5459,0.29930000000000057,2.5923,151270.06,184360.2627
002045.SZ,20160812,11.3722,11.6135,11.3722,11.5459,11.4398,0.10609999999999964,0.9275,77084.41,91705.3186
002045.SZ,20160811,11.6618,11.7004,11.4204,11.4398,11.7004,-0.26060000000000016,-2.2273,74796.0,89429.7823
002045.SZ,20160810,11.8838,11.9418,11.6908,11.7004,11.7969,-0.0965000000000007,-0.818,92329.15,112741.0441
002045.SZ,20160809,11.4204,11.8452,11.4204,11.7969,11.5459,0.2510000000000012,2.1739,135722.07,165099.4802
002045.SZ,20160808,11.3915,11.5459,11.1405,11.5459,11.4301,0.11580000000000013,1.0131,88234.44,104164.1622
002045.SZ,20160805,11.6039,11.6328,11.4108,11.4301,11.6521,-0.2220000000000013,-1.9052,89138.03,106091.4425
002045.SZ,20160804,11.3915,11.7487,11.2756,11.6521,11.4204,0.23170000000000002,2.0288,151479.17,181549.6836
002045.SZ,20160803,11.3336,11.4204,11.2177,11.4204,11.3336,0.08680000000000021,0.7659,112847.52,132467.3708
002045.SZ,20160802,11.3143,11.4398,11.2467,11.3336,11.3143,0.019300000000001205,0.1706,98953.99,116155.3657
002045.SZ,20160801,11.8645,11.8645,11.2081,11.3143,11.9224,-0.6081000000000003,-5.1005,163187.29,192556.4759
002045.SZ,20160729,11.8742,12.0479,11.7873,11.9224,11.8742,0.048199999999999577,0.4059,109621.06,135613.3974
002045.SZ,20160728,12.5017,12.6272,11.6811,11.8742,12.5113,-0.6371000000000002,-5.0922,209717.79,262120.7775
002045.SZ,20160727,13.3512,13.3995,12.0672,12.5113,13.3705,-0.8591999999999995,-6.4261,259030.04,343453.6153
002045.SZ,20160726,12.8975,13.4477,12.7913,13.3705,12.8396,0.530899999999999,4.1349,237515.56,324025.5364
002045.SZ,20160725,12.9361,13.1002,12.7913,12.8396,13.0037,-0.16409999999999947,-1.2619,123922.22,166241.5577
002045.SZ,20160722,13.245,13.2643,12.9457,13.0037,13.245,-0.24129999999999896,-1.8218,134402.92,182346.8527
002045.SZ,20160721,13.1774,13.3029,13.1002,13.245,13.1774,0.06759999999999877,0.513,117972.51,161495.7016
002045.SZ,20160720,13.2836,13.3512,13.1292,13.1774,13.2643,-0.08689999999999998,-0.6551,118224.91,162000.2009
002045.SZ,20160719,12.9651,13.3512,12.9651,13.2643,12.9651,0.2992000000000008,2.3077,172959.02,236646.5765
002045.SZ,20160718,13.3222,13.3416,12.9361,12.9651,13.3705,-0.4054000000000002,-3.032,177569.77,240714.516
002045.SZ,20160715,13.4091,13.5636,13.274,13.3705,13.4188,-0.04829999999999934,-0.3599,143777.78,199593.0993
002045.SZ,20160714,13.5925,13.6022,13.3512,13.4188,13.6119,-0.19310000000000116,-1.4186,190481.69,265355.871
002045.SZ,20160713,13.7084,13.7567,13.5153,13.6119,13.6312,-0.01929999999999943,-0.1416,184357.96,259895.3491
002045.SZ,20160712,13.4767,13.7277,13.0616,13.6312,13.5057,0.1255000000000006,0.9292,261071.1,361504.2567
002045.SZ,20160711,13.8532,13.9594,13.4188,13.5057,13.8918,-0.3861000000000008,-2.7793,259066.45,367467.5353
002045.SZ,20160708,13.8532,14.0945,13.6891,13.8918,13.9787,-0.08689999999999998,-0.6217,270234.27,389313.496
002045.SZ,20160707,13.8242,14.0849,13.5539,13.9787,13.9111,0.06760000000000055,0.4859,381057.69,545863.9439
002045.SZ,20160706,14.0656,14.2683,13.8532,13.9111,14.1235,-0.2124000000000006,-1.5039,331209.05,481197.9342
002045.SZ,20160705,13.9015,14.2394,13.7084,14.1235,13.8725,0.25099999999999945,1.8093,413970.69,601553.2743
002045.SZ,20160704,13.5443,14.0173,13.525,13.8725,13.7856,0.08689999999999998,0.6304,244882.13,350996.7848
002045.SZ,20160701,13.7953,14.0752,13.6505,13.7856,13.7856,0.0,0.0,261111.34,374948.8287
002045.SZ,20160630,13.9787,14.0559,13.5443,13.7856,13.9594,-0.17379999999999995,-1.245,306565.07,437095.163
002045.SZ,20160629,14.0463,14.3745,13.8918,13.9594,14.1428,-0.1833999999999989,-1.2968,421304.11,614806.0798
002045.SZ,20160628,13.5346,14.1718,13.3995,14.1428,13.7277,0.4150999999999989,3.0238,511354.69,727084.585
002045.SZ,20160627,13.3222,13.8532,13.2257,13.7277,13.5153,0.2124000000000006,1.5716,354567.49,499752.6562
002045.SZ,20160624,14.0945,14.2394,12.9651,13.5153,14.0559,-0.5405999999999995,-3.8461,430890.07,609244.183
002045.SZ,20160623,14.4324,14.4324,13.8049,14.0559,14.4228,-0.3669000000000011,-2.5439,288355.91,420091.7714
002045.SZ,20160622,14.1911,14.4614,13.9787,14.4228,14.0945,0.3283000000000005,2.3293,318625.89,469661.7245
002045.SZ,20160621,14.8282,15.0599,13.9015,14.0945,14.7027,-0.6082000000000001,-4.1367,494101.79,740694.9183
002045.SZ,20160620,14.1911,14.7027,13.8435,14.7027,14.1332,0.5694999999999997,4.0295,512226.05,766999.0793
002045.SZ,20160617,14.8669,14.973,13.6698,14.1332,14.973,-0.8398000000000003,-5.6088,676544.75,1007075.3329
002045.SZ,20160616,14.3069,15.3302,14.2394,14.973,14.5097,0.46330000000000027,3.193,798413.88,1222157.3906
002045.SZ,20160615,13.7277,14.8572,13.7277,14.5097,13.8725,0.6372,4.5933,805791.43,1201029.4557
002045.SZ,20160614,14.2007,14.249,13.6119,13.8725,14.7027,-0.8301999999999996,-5.6466,569370.6,820666.7742
002045.SZ,20160613,15.5909,15.7453,14.7027,14.7027,16.3342,-1.631499999999999,-9.9882,884273.59,1396768.4186
002045.SZ,20160608,15.4461,16.9135,15.3302,16.3342,15.3785,0.9556999999999984,6.2145,1384709.8,2287522.9042
002045.SZ,20160607,15.3785,15.3785,15.1758,15.3785,13.9787,1.3998000000000008,10.0138,749800.0,1194209.0657
002045.SZ,20160606,13.9787,13.9787,13.9787,13.9787,12.7044,1.2743000000000002,10.0304,38159.18,55254.4926
002045.SZ,20160603,12.8396,13.0133,12.5596,12.7044,12.9457,-0.24130000000000074,-1.8639,309892.33,409724.0126
002045.SZ,20160602,12.1878,13.0323,12.1398,12.9459,12.207,0.7388999999999992,6.0531,350825.68,462076.4794
002045.SZ,20160601,11.9479,12.6196,11.9383,12.207,11.9767,0.2303000000000015,1.9229,251062.28,321860.1869
002045.SZ,20160531,11.516,11.9767,11.4968,11.9767,11.5064,0.47029999999999994,4.0873,171728.37,211369.141
002045.SZ,20160530,11.2761,11.7847,11.1321,11.5064,11.4488,0.057599999999998985,0.5031,147704.93,177831.6834
002045.SZ,20160527,11.4009,11.7079,11.1897,11.4488,11.6312,-0.18239999999999945,-1.5682,175684.73,209846.3212
002045.SZ,20160526,11.8903,11.9671,11.0842,11.6312,12.0726,-0.4413999999999998,-3.6562,267797.01,319463.7781
002045.SZ,20160525,12.207,12.3605,11.7079,12.0726,12.3701,-0.2975000000000012,-2.405,279304.93,350480.048
002045.SZ,20160524,12.2837,12.8308,12.0342,12.3701,12.0342,0.33590000000000053,2.7912,314277.66,407086.557
002045.SZ,20160523,11.2857,12.0342,11.1321,12.0342,10.9402,1.0939999999999994,9.9998,194122.15,238443.5132
002045.SZ,20160520,10.7483,11.1513,10.5755,10.9402,10.8826,0.05760000000000076,0.5293,51382.06,58322.8468
002045.SZ,20160519,10.8251,11.2473,10.7291,10.8826,10.8059,0.07670000000000066,0.7098,63972.91,73368.5371
002045.SZ,20160518,11.2377,11.3049,10.6331,10.8059,11.4584,-0.6524999999999999,-5.6945,89123.81,101507.6424
002045.SZ,20160517,11.1801,11.8135,11.0938,11.4584,11.2857,0.17269999999999897,1.5303,181581.5,218955.824
002045.SZ,20160516,10.2972,11.4776,10.278,11.2857,10.4316,0.8541000000000007,8.1876,109979.75,125780.2231
002045.SZ,20160513,10.3836,10.5563,10.2876,10.4316,10.422,0.009599999999998943,0.0921,62914.48,68510.7307
002045.SZ,20160512,10.0765,10.5372,9.5871,10.422,10.2684,0.15360000000000085,1.4959,88062.07,92842.0091
002045.SZ,20160511,10.7003,10.7579,10.2684,10.2684,10.6043,-0.33590000000000053,-3.1676,81509.09,88594.3765
002045.SZ,20160510,10.6427,10.7483,10.5372,10.6043,10.6427,-0.038399999999999324,-0.3608,40238.6,44618.1747
002045.SZ,20160509,11.2857,11.2857,10.5563,10.6427,11.4009,-0.7582000000000004,-6.6504,89567.75,100336.5028
002045.SZ,20160506,12.1686,12.1686,11.4009,11.4009,12.0918,-0.6908999999999992,-5.7138,115021.53,140950.5478
002045.SZ,20160505,11.8807,12.1302,11.8231,12.0918,11.9287,0.16310000000000002,1.3673,80528.84,100657.9961
002045.SZ,20160504,12.1494,12.1494,11.8711,11.9287,12.1686,-0.23990000000000045,-1.9715,98200.68,122745.3517
002045.SZ,20160503,11.7367,12.2837,11.4776,12.1686,11.6888,0.4797999999999991,4.1048,142988.05,176502.786
002045.SZ,20160429,11.7463,11.9383,11.564,11.6888,11.7463,-0.05749999999999922,-0.4895,54875.83,67221.7522
002045.SZ,20160428,12.0054,12.0054,11.4488,11.7463,12.0054,-0.2591000000000001,-2.1582,78167.04,95263.5503
002045.SZ,20160427,11.7655,12.1974,11.7655,12.0054,11.7175,0.2879000000000005,2.457,100303.22,125917.7414
002045.SZ,20160426,11.5928,11.7175,11.4296,11.7175,11.4776,0.23989999999999867,2.0902,66127.62,79951.2729
002045.SZ,20160425,11.8039,11.8039,11.3337,11.4776,11.8327,-0.3551000000000002,-3.001,67178.25,80592.1519
002045.SZ,20160422,11.2281,11.8327,10.921,11.8327,11.5544,0.27830000000000155,2.4086,147014.8,173646.9063
002045.SZ,20160421,11.7559,11.9575,11.5064,11.5544,11.8135,-0.2591000000000001,-2.1933,86794.16,106205.878
002045.SZ,20160420,13.2338,13.2722,11.8135,11.8135,13.1283,-1.3148,-10.015,156556.42,200071.0939
002045.SZ,20160419,13.5985,13.6561,13.0035,13.1283,13.5985,-0.4702000000000002,-3.4577,111404.39,153527.8947
002045.SZ,20160418,13.4258,13.7424,13.1954,13.5985,13.5985,0.0,0.0,95675.59,134663.2478
002045.SZ,20160415,13.5505,13.6273,13.301,13.5985,13.5313,0.0671999999999997,0.4966,77619.07,109008.786
002045.SZ,20160414,13.4929,13.6945,13.205,13.5313,13.4545,0.07680000000000042,0.5708,104370.53,145796.3242
002045.SZ,20160413,13.2434,14.0687,13.2434,13.4545,13.253,0.20149999999999935,1.5204,184353.37,263883.5585
002045.SZ,20160412,13.349,13.349,12.8116,13.253,13.3682,-0.11519999999999975,-0.8617,97531.27,133102.5237
002045.SZ,20160411,12.7828,13.5217,12.6676,13.3682,12.5525,0.8156999999999996,6.4983,165381.26,228368.4129
002045.SZ,20160408,12.7156,12.8499,12.1878,12.5525,12.9363,-0.38379999999999903,-2.9668,115010.56,149974.4845
002045.SZ,20160407,13.7424,13.7616,12.9267,12.9363,13.7328,-0.7965,-5.8,129393.53,180153.1147
002045.SZ,20160406,13.1379,13.9152,12.9939,13.7328,13.1283,0.6044999999999998,4.6046,172348.7,243616.666
002045.SZ,20160405,12.562,13.301,12.4757,13.1283,12.562,0.5663,4.508,152746.45,205166.3008
002045.SZ,20160401,12.8404,12.8595,12.3989,12.562,12.7924,-0.23040000000000127,-1.8011,135467.9,178242.1923
002045.SZ,20160331,12.1878,12.9075,12.015,12.7924,12.111,0.6814,5.6263,221954.76,289525.6726
002045.SZ,20160330,11.7175,12.111,11.6504,12.111,11.516,0.5950000000000006,5.1667,90181.28,111386.8423
002045.SZ,20160329,11.9958,12.063,11.4776,11.516,11.9383,-0.4222999999999999,-3.5374,68650.97,83278.9286
002045.SZ,20160328,12.015,12.2837,11.7847,11.9383,11.8807,0.05760000000000076,0.4848,89883.02,113397.6647
002045.SZ,20160325,12.1206,12.159,11.516,11.8807,12.0534,-0.17270000000000074,-1.4328,82186.4,101559.3566
002045.SZ,20160324,12.1494,12.3605,11.9958,12.0534,12.3413,-0.2879000000000005,-2.3328,81930.62,103936.5131
002045.SZ,20160323,12.3317,12.4277,11.9958,12.3413,12.3605,-0.019199999999999662,-0.1553,110622.3,140233.7399
002045.SZ,20160322,12.4757,12.5429,12.207,12.3605,12.6292,-0.2687000000000008,-2.1276,103869.87,133863.323
002045.SZ,20160321,12.5237,12.7156,12.1878,12.6292,12.4853,0.14390000000000036,1.1526,145847.13,189364.1332
002045.SZ,20160318,12.1206,12.9459,12.111,12.4853,12.2741,0.21119999999999983,1.7207,170153.62,223524.6678
002045.SZ,20160317,11.5064,12.3509,11.3433,12.2741,11.4104,0.8637000000000015,7.5694,152000.68,187891.7728
002045.SZ,20160316,11.4968,11.7751,11.3721,11.4104,11.3913,0.019099999999999895,0.1677,130390.48,157438.5838
002045.SZ,20160315,11.3241,11.7559,11.0554,11.3913,11.42,-0.028700000000000614,-0.2513,125894.03,149761.1212
002045.SZ,20160314,10.873,11.7079,10.8634,11.42,10.7003,0.7196999999999996,6.726,142575.78,168412.1682
002045.SZ,20160311,10.2876,10.7483,10.1533,10.7003,10.5563,0.14400000000000013,1.3641,82039.03,90471.4342
002045.SZ,20160310,10.6427,10.8346,10.3548,10.5563,10.5851,-0.02880000000000038,-0.2721,114219.93,126833.425
002045.SZ,20160309,10.3356,10.9114,10.1245,10.5851,10.5276,0.057500000000000995,0.5462,188425.77,209996.3353
002045.SZ,20160308,10.0573,10.6235,9.5583,10.5276,10.2109,0.3166999999999991,3.1016,188238.56,197297.5058
002045.SZ,20160307,10.1053,10.5659,9.9901,10.2109,9.9997,0.21119999999999983,2.1121,124267.37,133045.5329
002045.SZ,20160304,10.0957,10.6043,9.5967,9.9997,10.2205,-0.22079999999999878,-2.1604,180951.63,191636.9301
002045.SZ,20160303,10.6427,10.8922,10.2205,10.2205,10.4028,-0.18229999999999968,-1.7524,173309.28,191161.5608
002045.SZ,20160302,9.4815,10.4028,9.3568,10.4028,9.4527,0.9500999999999991,10.0511,234443.0,243528.4582
002045.SZ,20160301,9.0976,9.5583,8.733,9.4527,9.0976,0.3551000000000002,3.9032,213994.47,204534.4016
002045.SZ,20160229,9.9326,10.1053,9.0976,9.0976,10.1053,-1.0076999999999998,-9.972,186124.13,180200.0555
002045.SZ,20160226,10.7195,10.9306,9.9134,10.1053,10.7195,-0.6142000000000003,-5.7297,234834.21,252033.9161
002045.SZ,20160225,12.0918,12.1398,10.7195,10.7195,11.9095,-1.1899999999999995,-9.992,159721.48,188716.0428
002045.SZ,20160224,12.2646,12.4661,11.516,11.9095,12.3797,-0.4702000000000002,-3.7982,159131.03,197585.4481
002045.SZ,20160223,12.6676,12.7444,12.1878,12.3797,12.6292,-0.24950000000000117,-1.9756,135314.42,175929.2482
002045.SZ,20160222,12.7636,12.9939,12.3701,12.6292,12.6676,-0.038399999999999324,-0.3031,174947.78,231433.2095
002045.SZ,20160219,12.5141,12.8595,12.4277,12.6676,12.6484,0.019199999999999662,0.1518,132235.63,174642.9968
002045.SZ,20160218,13.2722,13.3586,12.5525,12.6484,13.2146,-0.5662000000000003,-4.2847,209811.63,279863.2493
002045.SZ,20160217,12.4757,13.3682,12.3989,13.2146,12.3797,0.8349000000000011,6.7441,216426.94,292123.9137
002045.SZ,20160216,12.2454,12.8404,12.2454,12.3797,12.159,0.220699999999999,1.8151,179200.52,233582.1625
002045.SZ,20160215,11.5544,12.4565,11.2377,12.159,12.2837,-0.12469999999999892,-1.0152,141729.46,174063.3876
002045.SZ,20160205,11.9958,12.6196,11.9191,12.2837,11.9383,0.3453999999999997,2.8932,185882.17,238882.5119
002045.SZ,20160204,11.3529,12.1974,11.2473,11.9383,11.3529,0.5853999999999999,5.1564,188047.64,231981.9046
002045.SZ,20160203,10.8059,11.5064,10.5467,11.3529,10.9882,0.36469999999999914,3.319,191475.73,220128.7523
002045.SZ,20160202,10.5755,11.3721,10.5755,10.9882,10.6427,0.34550000000000125,3.2464,196281.01,225427.2369
002045.SZ,20160201,10.7483,11.0362,10.2684,10.6427,10.6619,-0.019199999999999662,-0.1801,205072.79,227064.4241
002045.SZ,20160129,9.5967,10.6619,9.5583,10.6619,9.6926,0.9692999999999987,10.0004,217806.48,233303.1225
002045.SZ,20160128,10.4316,10.518,9.5487,9.6926,10.6043,-0.9116999999999997,-8.5975,210051.39,220583.6026
002045.SZ,20160127,10.9402,11.1801,10.0573,10.6043,11.1705,-0.5662000000000003,-5.0687,274887.09,294976.1958
002045.SZ,20160126,12.3797,12.3797,11.1705,11.1705,12.4085,-1.2379999999999995,-9.977,138923.77,168530.4949
002045.SZ,20160125,12.9555,13.1379,12.1494,12.4085,12.8404,-0.4319000000000006,-3.3636,148462.05,196003.5226
002045.SZ,20160122,13.0803,13.2914,12.4757,12.8404,12.9939,-0.1534999999999993,-1.1813,113110.78,151679.9033
002045.SZ,20160121,13.5985,14.0879,12.6196,12.9939,13.944,-0.9501000000000008,-6.8137,134077.94,187721.2876
002045.SZ,20160120,14.5102,14.5102,13.8192,13.944,14.4718,-0.5277999999999992,-3.6471,133112.63,196234.5924
002045.SZ,20160119,13.8672,14.5869,13.7137,14.4718,13.7904,0.6814,4.9411,146301.28,216335.9777
002045.SZ,20160118,12.3317,14.347,12.3317,13.7904,13.0515,0.7388999999999992,5.6614,151332.47,213886.0095
002045.SZ,20160115,13.4353,13.9152,12.3605,13.0515,13.6561,-0.6045999999999996,-4.4273,149562.22,208281.3013
002045.SZ,20160114,11.6792,13.6753,11.6792,13.6561,12.4277,1.2284000000000006,9.8844,203873.0,274261.9224
002045.SZ,20160113,13.2434,13.2722,12.3797,12.4277,13.1858,-0.7581000000000007,-5.7494,141128.69,189255.3255
002045.SZ,20160112,13.3106,13.5697,12.1878,13.1858,13.205,-0.019199999999999662,-0.1454,218956.95,293662.6519
002045.SZ,20160111,13.9152,14.3374,13.205,13.205,14.6733,-1.4682999999999993,-10.0066,148120.49,207948.3457
002045.SZ,20160108,16.3144,16.3431,14.2223,14.6733,15.633,-0.9596999999999998,-6.1389,211271.31,333259.0189
002045.SZ,20160107,17.1876,17.1876,15.633,15.633,17.37,-1.7370000000000019,-10.0,36840.0,61801.8567
002045.SZ,20160106,16.9861,17.5715,16.7942,17.37,17.0725,0.29749999999999943,1.7426,139867.86,250899.8433
002045.SZ,20160105,15.9689,17.274,15.7385,17.0725,16.5831,0.48939999999999984,2.9512,187240.06,324156.45
002045.SZ,20160104,17.9554,18.7135,16.3623,16.5831,18.1377,-1.554599999999997,-8.5711,160398.63,300450.93
002045.SZ,20151231,18.6176,19.4333,17.6675,18.1377,18.9246,-0.7869000000000028,-4.1581,181535.61,350817.0843
002045.SZ,20151230,18.8095,19.3181,18.4736,18.9246,19.3757,-0.4510999999999967,-2.3282,190741.55,375889.1568
002045.SZ,20151229,19.6732,20.153,18.4832,19.3757,20.5369,-1.161200000000001,-5.6542,447609.21,880564.3672
002045.SZ,20151228,22.6578,23.1184,20.5369,20.5369,22.8209,-2.2840000000000025,-10.0084,245022.58,554502.7675
002045.SZ,20151225,22.9169,23.0128,21.938,22.8209,22.9169,-0.09599999999999653,-0.4189,138743.22,324156.7729
002045.SZ,20151224,22.3986,23.1088,21.5925,22.9169,22.2259,0.690999999999999,3.109,194514.25,455827.8096
002045.SZ,20151223,19.9611,22.2259,19.9611,22.2259,20.201,2.024899999999999,10.0238,294913.63,668030.6969
002045.SZ,20151222,20.3258,20.5369,19.7788,20.201,20.3066,-0.10559999999999903,-0.52,109925.71,229173.0564
002045.SZ,20151221,21.2087,21.5925,20.1434,20.3066,20.9687,-0.6620999999999988,-3.1576,186198.3,402314.8628
002045.SZ,20151218,20.3354,21.7461,19.6732,20.9687,20.153,0.8156999999999996,4.0475,210874.27,451683.4885
002045.SZ,20151217,19.9611,20.4601,19.7596,20.153,19.9323,0.22069999999999723,1.1072,146270.96,306609.7376
002045.SZ,20151216,20.153,20.4313,19.5388,19.9323,19.7692,0.16310000000000002,0.825,162337.47,339280.2696
002045.SZ,20151215,20.153,20.4985,19.4333,19.7692,20.153,-0.38379999999999725,-1.9044,162722.34,336795.6712
002045.SZ,20151214,19.6732,20.345,18.7327,20.153,19.5196,0.6333999999999982,3.2449,144732.13,291082.05
002045.SZ,20151211,21.0263,21.2278,19.3853,19.5196,21.0167,-1.4970999999999997,-7.1234,166314.31,348275.678
002045.SZ,20151210,21.5733,22.3315,21.0167,21.0167,21.8324,-0.8156999999999996,-3.7362,150404.64,337280.7749
002045.SZ,20151209,20.153,22.0724,19.9611,21.8324,20.7864,1.0459999999999994,5.0321,188139.7,416089.8497
002045.SZ,20151208,21.3814,21.4678,20.6329,20.7864,21.7077,-0.9212999999999987,-4.2441,232575.89,509868.2916
002045.SZ,20151207,20.8248,22.2643,20.4889,21.7077,21.0455,0.6621999999999986,3.1465,249552.03,560497.4926
002045.SZ,20151204,21.2087,21.5925,20.249,21.0455,20.5849,0.46059999999999945,2.2376,243596.58,532881.9477
002045.SZ,20151203,19.0014,20.5849,18.5792,20.5849,18.7135,1.8714000000000013,10.0003,233873.2,482490.152
002045.SZ,20151202,17.7347,18.9726,16.8902,18.7135,17.9938,0.7196999999999996,3.9997,293311.91,558794.0558
002045.SZ,20151201,18.2337,19.0014,17.6099,17.9938,18.0226,-0.02880000000000038,-0.1598,207808.79,397847.3272
002045.SZ,20151130,16.5063,18.1185,16.3719,18.0226,16.871,1.151600000000002,6.8259,295119.31,533760.0304
002045.SZ,20151127,17.0821,18.0322,15.5466,16.871,16.823,0.047999999999998266,0.2853,269261.82,477598.0606
002045.SZ,20151126,16.132,17.6291,15.7481,16.823,16.1224,0.7006000000000014,4.3455,235003.56,410544.735
002045.SZ,20151125,16.084,16.2952,15.5562,16.1224,15.8153,0.3070999999999984,1.9418,156959.21,259587.1001
002045.SZ,20151124,15.2587,15.9113,14.9804,15.8153,15.3259,0.48939999999999984,3.1933,167331.17,271134.9871
002045.SZ,20151123,15.7865,16.6982,14.8748,15.3259,16.084,-0.7580999999999989,-4.7134,281661.44,460396.3533
002045.SZ,20151120,15.2491,16.5255,14.9324,16.084,15.3451,0.7388999999999992,4.8152,336791.86,559844.491
002045.SZ,20151119,14.347,15.5754,14.0303,15.3451,14.395,0.9501000000000008,6.6002,284828.06,441047.7198
002045.SZ,20151118,14.491,15.0572,13.7232,14.395,15.1436,-0.7485999999999997,-4.9433,336423.16,503809.9804
002045.SZ,20151117,16.4103,16.5927,14.8077,15.1436,16.3623,-1.218700000000002,-7.4482,290711.48,474278.0777
002045.SZ,20151116,15.8921,16.7366,15.537,16.3623,16.4871,-0.12480000000000047,-0.757,165986.06,280350.7196
002045.SZ,20151113,15.7098,17.1205,15.4123,16.4871,15.6234,0.8637000000000015,5.5282,285036.8,480522.0587
002045.SZ,20151112,14.395,15.6234,14.395,15.6234,14.2031,1.420300000000001,9.9999,344839.59,553908.1715
002045.SZ,20151111,14.1167,14.395,13.7137,14.2031,14.0975,0.10559999999999903,0.7491,248772.58,362397.2061
002045.SZ,20151110,14.3374,14.8269,14.0207,14.0975,14.5869,-0.48939999999999984,-3.3551,220306.8,329112.8205
002045.SZ,20151109,14.1839,15.2683,13.8672,14.5869,14.443,0.14390000000000036,0.9963,330915.11,500178.7187
002045.SZ,20151106,13.3682,14.9324,13.1474,14.443,13.6273,0.8156999999999996,5.9858,429006.02,623166.943
002045.SZ,20151105,12.9555,14.5678,12.9555,13.6273,13.2434,0.3839000000000006,2.8988,428289.16,625740.9485
002045.SZ,20151104,13.253,13.4353,11.516,13.2434,12.6484,0.5949999999999989,4.7042,533984.28,706781.235
002045.SZ,20151103,11.4584,12.6484,11.0458,12.6484,11.4968,1.1516000000000002,10.0167,512942.03,664459.403
002045.SZ,20151102,10.7483,12.3989,10.7483,11.4968,11.9383,-0.44149999999999956,-3.6982,604999.5,711038.5543
002045.SZ,20151030,11.1225,12.2741,10.8442,11.9383,11.1609,0.7774000000000001,6.9654,602135.37,746365.4611
002045.SZ,20151029,10.7771,11.1609,10.0573,11.1609,10.1437,1.017199999999999,10.0279,446605.53,495893.2193
002045.SZ,20151028,10.1437,10.1437,10.0285,10.1437,9.2224,0.9213000000000005,9.9898,479614.95,506738.5929
002045.SZ,20151027,8.4259,9.2224,8.2531,9.2224,8.3875,0.8349000000000011,9.9541,248568.11,226495.2592
002045.SZ,20151026,8.4931,8.6754,8.2148,8.3875,8.4259,-0.0384000000000011,-0.4557,156170.82,136751.1677
002045.SZ,20151023,8.1572,8.7234,8.1572,8.4259,8.1572,0.2687000000000008,3.294,153944.89,133901.9068
002045.SZ,20151022,8.1092,8.3011,7.7829,8.1572,8.1188,0.038399999999999324,0.473,198874.25,166417.4397
002045.SZ,20151021,8.9249,8.9729,8.1188,8.1188,9.0209,-0.902099999999999,-10.0001,168470.98,148472.8111
002045.SZ,20151020,8.9441,9.4143,8.685,9.0209,8.9729,0.04800000000000004,0.5349,144435.01,134687.6655
002045.SZ,20151019,8.8289,9.5007,8.5027,8.9729,8.637,0.33589999999999876,3.8891,149943.77,141132.6144
002045.SZ,20151016,8.5794,8.9729,8.5027,8.637,8.5314,0.1056000000000008,1.2378,113975.54,103406.0147
002045.SZ,20151015,8.1476,8.5698,8.1476,8.5314,8.2339,0.29749999999999943,3.6131,76195.16,67263.2302
002045.SZ,20151014,8.6178,8.685,8.2052,8.2339,8.7042,-0.47029999999999994,-5.4031,119543.16,105179.3686
002045.SZ,20151013,8.2339,9.0497,8.2339,8.7042,8.2244,0.4798000000000009,5.8339,163367.36,149481.3021
002045.SZ,20151012,7.8693,8.5986,7.8693,8.2244,7.8213,0.40309999999999935,5.1539,113986.68,99170.9294
002045.SZ,20151009,7.6581,7.9173,7.5622,7.8213,7.6677,0.15359999999999996,2.0032,93267.08,75323.5936
002045.SZ,20151008,7.5814,7.7925,7.4566,7.6677,7.3031,0.36460000000000026,4.9924,137876.78,109530.1504
002045.SZ,20150930,7.2359,7.3894,6.9384,7.3031,7.1495,0.15359999999999996,2.1484,122955.85,91723.2572
002045.SZ,20150929,7.3415,7.3415,7.0823,7.1495,7.3798,-0.23030000000000062,-3.1207,62972.43,47174.6714
002045.SZ,20150928,7.0823,7.4758,7.0823,7.3798,7.1015,0.27830000000000066,3.9189,48850.8,37106.2482
002045.SZ,20150925,7.5814,7.5814,6.9096,7.1015,7.6006,-0.4991000000000003,-6.5666,108389.56,81434.3111
002045.SZ,20150924,6.9288,7.6006,6.9288,7.6006,6.9096,0.6909999999999998,10.0006,153016.79,117472.738
002045.SZ,20150923,6.7177,7.1495,6.6697,6.9096,6.8232,0.08640000000000025,1.2663,102712.5,74703.9989
002045.SZ,20150922,6.7753,7.1495,6.7657,6.8232,6.8904,-0.0671999999999997,-0.9753,102116.81,73829.9959
002045.SZ,20150921,6.1707,6.8904,6.0267,6.8904,6.2666,0.6237999999999992,9.9544,124269.53,85886.4193
002045.SZ,20150918,6.0459,6.4778,5.9883,6.2666,5.9883,0.27830000000000066,4.6474,96356.91,62743.7427
002045.SZ,20150917,5.9691,6.4778,5.9116,5.9883,6.0651,-0.07680000000000042,-1.2663,111456.43,71938.2878
002045.SZ,20150916,5.2782,6.1035,5.2782,6.0651,5.5469,0.5182000000000002,9.3422,104488.42,62384.2573
002045.SZ,20150915,6.0171,6.1419,5.5373,5.5469,6.1515,-0.6046000000000005,-9.8285,86084.42,51846.1842
002045.SZ,20150914,6.8616,7.0152,6.1515,6.1515,6.8328,-0.6812999999999994,-9.971,93347.4,63749.0951
002045.SZ,20150911,6.9,6.996,6.6505,6.8328,6.9096,-0.07680000000000042,-1.1115,78428.99,55576.5355
002045.SZ,20150910,6.7369,7.0823,6.7177,6.9096,6.9,0.009599999999999831,0.1391,95235.99,68508.4824
002045.SZ,20150909,6.5737,6.9192,6.5353,6.9,6.5065,0.3935000000000004,6.0478,127449.24,90145.9556
002045.SZ,20150908,6.1227,6.5353,6.0267,6.5065,6.1035,0.4029999999999996,6.6028,85924.86,56356.3435
002045.SZ,20150907,6.3242,6.6313,5.9499,6.1035,6.1419,-0.038399999999999324,-0.6252,119840.88,78902.8927
002045.SZ,20150902,6.1611,6.9672,6.1419,6.1419,6.8232,-0.6813000000000002,-9.9851,147258.25,97198.2152
002045.SZ,20150901,7.4566,7.4662,6.8232,6.8232,7.5814,-0.7582000000000004,-10.0008,151747.74,109512.3624
002045.SZ,20150831,7.7829,8.1476,7.5814,7.5814,7.7829,-0.20149999999999935,-2.589,202485.76,165736.1206
002045.SZ,20150828,7.2647,7.7829,7.1591,7.7829,7.0728,0.7100999999999997,10.0399,196776.31,156761.8725
002045.SZ,20150827,7.6198,7.8501,6.8808,7.0728,7.6486,-0.5758000000000001,-7.5282,237797.18,180042.2211
002045.SZ,20150826,7.6486,8.3491,7.6486,7.6486,8.5027,-0.8541000000000007,-10.045,329055.19,266087.9272
002045.SZ,20150825,8.5027,8.5027,8.5027,8.5027,9.4431,-0.9403999999999986,-9.9586,3053.0,2704.958
002045.SZ,20150824,9.4431,9.4431,9.4431,9.4431,10.4892,-1.046100000000001,-9.9731,6908.0,6797.472
002045.SZ,20150814,9.7886,10.6523,9.6159,10.4892,9.7598,0.7294,7.4735,226261.19,236355.8455
002045.SZ,20150813,9.4047,9.827,9.2896,9.7598,9.4335,0.3262999999999998,3.4589,188878.73,187594.4206
002045.SZ,20150812,9.3855,9.5583,9.1264,9.4335,9.4431,-0.009599999999998943,-0.1017,159041.82,154901.3508
002045.SZ,20150811,9.4431,9.7502,9.0593,9.4431,9.3376,0.10549999999999926,1.1298,242742.59,237785.0013
002045.SZ,20150810,9.0017,9.4815,8.733,9.3376,9.0017,0.33590000000000053,3.7315,289399.01,274623.7203
002045.SZ,20150807,8.589,9.0689,8.3491,9.0017,8.3299,0.6717999999999993,8.0649,310856.66,283571.6117
002045.SZ,20150806,7.9173,8.4451,7.7733,8.3299,7.9173,0.4126000000000003,5.2114,223856.2,191965.732
002045.SZ,20150805,8.0708,8.2244,7.7541,7.9173,8.0996,-0.18230000000000057,-2.2507,154794.19,129373.4758
002045.SZ,20150804,7.6773,8.1284,7.6006,8.0996,7.6006,0.49900000000000055,6.5653,167698.54,137491.1318
002045.SZ,20150803,8.2148,8.4355,7.4854,7.6006,8.2435,-0.6428999999999991,-7.7989,161782.16,133487.9619
002045.SZ,20150731,7.994,8.733,7.9173,8.2435,8.2531,-0.009600000000000719,-0.1163,177711.27,154943.6335
002045.SZ,20150730,8.7714,8.8769,8.2531,8.2531,8.9825,-0.7294,-8.1202,201330.59,182063.1911
002045.SZ,20150729,8.8481,9.0017,7.8693,8.9825,8.6754,0.30710000000000015,3.5399,286648.35,253969.2684
002045.SZ,20150728,8.7042,9.5295,8.6754,8.6754,9.6351,-0.9596999999999998,-9.9605,326278.31,298760.8117
002045.SZ,20150727,10.3452,10.9594,9.6351,9.6351,10.7003,-1.0652000000000008,-9.9549,287458.41,309908.2243
002045.SZ,20150724,10.6811,11.2089,10.0765,10.7003,10.2588,0.44149999999999956,4.3036,490066.89,551375.5669
002045.SZ,20150723,9.9038,10.278,9.5487,10.2588,9.7598,0.49900000000000055,5.1128,379950.09,390168.6798
002045.SZ,20150722,9.4719,9.9326,9.4527,9.7598,9.4719,0.2879000000000005,3.0395,343653.79,347322.0835
002045.SZ,20150721,9.1168,9.5967,8.9441,9.4719,9.2608,0.21110000000000007,2.2795,310955.17,303914.0575
002045.SZ,20150720,9.5007,9.7118,9.1168,9.2608,9.7022,-0.4413999999999998,-4.5495,416319.49,408153.6867
002045.SZ,20150717,9.1168,10.0285,8.9249,9.7022,9.7406,-0.0384000000000011,-0.3942,663991.54,654098.8066
002045.SZ,20150716,9.7406,10.4412,9.7406,9.7406,10.8251,-1.0845000000000002,-10.0184,843453.33,863749.3174
002045.SZ,20150715,10.8251,10.8251,10.8251,10.8251,12.0246,-1.1994999999999987,-9.9754,2363.0,2665.464
002045.SZ,20150714,12.0246,12.0246,12.0246,12.0246,13.3586,-1.3339999999999996,-9.9861,15055.0,18863.915
002045.SZ,20150529,12.1494,13.3586,11.3241,13.3586,12.1398,1.2187999999999999,10.0397,476023.38,639148.0358
002045.SZ,20150528,12.1014,13.2626,11.9479,12.1398,12.0534,0.08639999999999937,0.7168,402065.72,530308.2961
002045.SZ,20150527,12.207,12.4565,11.7655,12.0534,12.1974,-0.14400000000000013,-1.1806,235362.63,296175.2328
002045.SZ,20150526,11.7847,12.255,11.6408,12.1974,11.7271,0.47029999999999994,4.0104,251950.0,315541.6758
002045.SZ,20150525,11.4488,11.8999,11.2857,11.7271,11.6504,0.07670000000000066,0.6583,230246.59,280266.1628
002045.SZ,20150522,12.3509,12.3509,11.2761,11.6504,11.8039,-0.15350000000000108,-1.3004,275185.63,334497.2397
002045.SZ,20150521,10.873,11.8999,10.7291,11.8039,10.873,0.9309000000000012,8.5616,278223.33,327385.457
002045.SZ,20150520,10.5659,11.516,10.5659,10.873,10.5467,0.3262999999999998,3.0939,271010.7,311323.9821
002045.SZ,20150519,10.4604,10.6427,10.2684,10.5467,10.4988,0.047900000000000276,0.4562,199075.23,217559.7853
002045.SZ,20150518,9.8846,10.7867,9.7886,10.4988,9.9134,0.5853999999999999,5.9051,257607.5,280158.5293
002045.SZ,20150515,9.8558,10.0381,9.6063,9.9134,9.779,0.1343999999999994,1.3744,276473.83,284087.8759
002045.SZ,20150514,9.5889,9.8365,9.3794,9.7793,9.5699,0.2093999999999987,2.1881,264205.88,267651.7364
002045.SZ,20150513,9.189,9.7127,9.1414,9.5699,9.2747,0.29520000000000124,3.1829,265895.4,265229.8674
002045.SZ,20150512,9.0557,9.3223,8.97,9.2747,9.0652,0.20949999999999847,2.311,189975.22,182630.2953
002045.SZ,20150511,8.8557,9.1318,8.7605,9.0652,8.789,0.2762000000000011,3.1426,151758.65,142187.0988
002045.SZ,20150508,8.5319,8.7986,8.4081,8.789,8.3796,0.40939999999999976,4.8857,119737.15,107668.7741
002045.SZ,20150507,8.6843,8.8081,8.3796,8.3796,8.7605,-0.38090000000000046,-4.3479,102286.67,91915.2334
002045.SZ,20150506,9.0747,9.2461,8.7129,8.7605,9.0271,-0.2666000000000004,-2.9533,97280.35,92748.0852
002045.SZ,20150505,9.408,9.4365,8.9795,9.0271,9.4746,-0.4474999999999998,-4.7232,113578.36,109993.6009
002045.SZ,20150504,9.3318,9.5413,9.1223,9.4746,9.3032,0.17140000000000022,1.8424,143159.98,140719.4976
002045.SZ,20150430,9.189,9.5984,9.0937,9.3032,9.189,0.1142000000000003,1.2428,151352.11,149548.9691
002045.SZ,20150429,8.9509,9.2175,8.8652,9.189,8.9509,0.2380999999999993,2.6601,111325.5,105751.8785
002045.SZ,20150428,9.5127,9.5889,8.8081,8.9509,9.5318,-0.5808999999999997,-6.0943,162733.25,156494.6376
002045.SZ,20150427,9.6746,9.846,9.4365,9.5318,9.7508,-0.21899999999999942,-2.246,218901.28,220520.8398
002045.SZ,20150424,9.3794,9.8365,9.2842,9.7508,9.4842,0.2666000000000004,2.811,264790.43,267201.0155
002045.SZ,20150423,9.4556,9.5032,9.3318,9.4842,9.3699,0.11430000000000007,1.2199,160757.77,159033.7227
002045.SZ,20150422,9.0271,9.427,9.0271,9.3699,8.989,0.3808999999999987,4.2374,172014.06,167361.4763
002045.SZ,20150421,8.6652,9.0176,8.6652,8.989,8.6557,0.33330000000000126,3.8506,94893.67,88770.627
002045.SZ,20150420,9.0271,9.1223,8.6557,8.6557,9.0747,-0.4190000000000005,-4.6172,152962.35,143070.8057
002045.SZ,20150417,9.208,9.3223,9.008,9.0747,9.1509,-0.07620000000000005,-0.8327,157165.72,150291.7042
002045.SZ,20150416,9.0842,9.2842,8.8747,9.1509,9.1128,0.03810000000000002,0.4181,108449.04,103538.1909
002045.SZ,20150415,9.4175,9.5032,9.1033,9.1128,9.5127,-0.3999000000000006,-4.2039,144817.1,141089.8724
002045.SZ,20150414,9.6556,9.7127,9.427,9.5127,9.6746,-0.16189999999999927,-1.6735,151524.51,151917.7328
002045.SZ,20150413,9.4746,9.7889,9.4175,9.6746,9.3985,0.27609999999999957,2.9377,165790.64,168141.8763
002045.SZ,20150410,9.1985,9.4746,9.0271,9.3985,9.1985,0.20000000000000107,2.1743,137996.83,135540.1971
002045.SZ,20150409,9.6651,9.6651,8.9509,9.1985,9.6841,-0.4856000000000016,-5.0144,207337.58,201558.784
002045.SZ,20150408,9.9412,10.0269,9.5222,9.6841,9.9317,-0.2475999999999985,-2.493,217153.31,222224.54
002045.SZ,20150407,9.8079,9.9888,9.7032,9.9317,9.7984,0.13329999999999842,1.3604,163688.31,169785.5695
002045.SZ,20150403,9.4461,9.8365,9.3985,9.7984,9.5127,0.2857000000000003,3.0034,204095.35,206911.8804
002045.SZ,20150402,9.5032,9.5889,9.3318,9.5127,9.4746,0.03810000000000002,0.4021,142953.48,141962.8666
002045.SZ,20150401,9.2175,9.6556,9.1414,9.4746,9.2366,0.23800000000000132,2.5767,218886.15,216727.0054
002045.SZ,20150331,9.189,9.5032,9.0176,9.2366,9.1509,0.08569999999999922,0.9365,199382.94,194332.9488
002045.SZ,20150330,9.008,9.408,8.97,9.1509,9.0366,0.11430000000000007,1.2649,142534.9,136806.9015
002045.SZ,20150327,8.9604,9.0461,8.789,9.0366,8.9509,0.08569999999999922,0.9574,113572.04,106439.3081
002045.SZ,20150326,8.9795,9.0937,8.7986,8.9509,9.0842,-0.13329999999999842,-1.4674,166280.18,156186.9031
002045.SZ,20150325,9.0937,9.189,8.9319,9.0842,9.1604,-0.07620000000000005,-0.8318,190683.76,180941.7172
002045.SZ,20150324,8.8462,9.1604,8.5319,9.1604,8.789,0.3713999999999995,4.2257,295952.69,274790.7877
002045.SZ,20150323,8.4081,9.0271,8.4081,8.789,8.351,0.43799999999999883,5.2449,228159.21,209694.8108
002045.SZ,20150320,8.2272,8.3701,8.1987,8.351,8.2272,0.12380000000000102,1.5048,144592.07,125569.7017
002045.SZ,20150319,8.2177,8.3415,8.1415,8.2272,8.2653,-0.03810000000000002,-0.461,120947.01,104374.0578
002045.SZ,20150318,8.1415,8.3034,8.0368,8.2653,8.1034,0.16189999999999927,1.9979,137938.94,118478.6935
002045.SZ,20150317,8.1796,8.2367,8.0082,8.1034,8.1796,-0.07620000000000005,-0.9316,121842.53,103969.8976
002045.SZ,20150316,7.913,8.1796,7.913,8.1796,7.8654,0.3142000000000005,3.9947,135026.75,114459.7496
002045.SZ,20150313,7.8559,7.9035,7.713,7.8654,7.8178,0.04760000000000009,0.6089,64369.09,52815.2598
002045.SZ,20150312,7.8844,7.932,7.7797,7.8178,7.8749,-0.05710000000000015,-0.7251,79940.53,66021.7824
002045.SZ,20150311,7.7892,7.8749,7.7035,7.8749,7.7892,0.08570000000000011,1.1002,82159.19,67294.4292
002045.SZ,20150310,7.694,7.8844,7.694,7.7892,7.7416,0.04760000000000009,0.6149,68656.76,56432.8079
002045.SZ,20150309,7.5226,7.7987,7.4464,7.7416,7.6083,0.1333000000000002,1.752,76314.12,61315.7331
002045.SZ,20150306,7.9225,7.9225,7.5988,7.6083,7.932,-0.32370000000000054,-4.0809,141670.61,114670.8409
002045.SZ,20150305,7.8939,7.9416,7.8082,7.932,7.8939,0.03810000000000002,0.4827,99800.23,82485.4218
002045.SZ,20150304,7.8178,7.9701,7.7987,7.8939,7.8939,0.0,0.0,157240.09,130387.7709
002045.SZ,20150303,7.713,8.0939,7.6273,7.8939,7.7511,0.14280000000000026,1.8423,318577.16,263809.6573
002045.SZ,20150302,7.5226,7.7702,7.5035,7.7511,7.5226,0.22850000000000037,3.0375,197225.76,158507.707
002045.SZ,20150227,7.3416,7.5511,7.3131,7.5226,7.3702,0.1524000000000001,2.0678,127836.82,99781.9539
002045.SZ,20150226,7.2369,7.4464,7.2083,7.3702,7.2464,0.12379999999999924,1.7084,90064.34,69420.2142
002045.SZ,20150225,7.2369,7.3416,7.1798,7.2464,7.1988,0.04760000000000009,0.6612,80037.25,61075.7739
002045.SZ,20150217,7.2369,7.2845,7.1893,7.1988,7.2274,-0.02859999999999996,-0.3957,63796.24,48432.3432
002045.SZ,20150216,7.0465,7.2559,7.0179,7.2274,7.056,0.17140000000000022,2.4291,85517.41,64552.9553
002045.SZ,20150213,7.0465,7.0845,6.9988,7.056,6.9798,0.07620000000000005,1.0917,59317.45,43892.4179
002045.SZ,20150212,6.856,6.9893,6.8274,6.9798,6.8084,0.17140000000000022,2.5175,45716.02,33211.6218
002045.SZ,20150211,6.7894,6.8751,6.7608,6.8084,6.7894,0.019000000000000128,0.2798,41858.1,30003.1916
002045.SZ,20150210,6.8084,6.8846,6.7322,6.7894,6.8274,-0.038000000000000256,-0.5566,44318.28,31567.6226
002045.SZ,20150209,6.8751,6.9703,6.7894,6.8274,6.9417,-0.11430000000000007,-1.6466,39152.32,28322.4161
002045.SZ,20150206,7.1322,7.1607,6.9036,6.9417,7.1322,-0.1905000000000001,-2.671,59430.45,43958.4643
002045.SZ,20150205,7.0274,7.2274,6.9608,7.1322,6.9988,0.13339999999999996,1.906,105886.22,79125.0326
002045.SZ,20150204,6.9798,7.0845,6.9798,6.9988,6.9988,0.0,0.0,57760.0,42626.8052
002045.SZ,20150203,6.8846,7.0465,6.8846,6.9988,6.9131,0.08570000000000011,1.2397,49363.79,36263.5644
002045.SZ,20150202,6.9417,7.0845,6.8751,6.9131,7.0179,-0.1048,-1.4933,55831.91,40966.849
002045.SZ,20150130,6.9703,7.1131,6.9417,7.0179,6.9703,0.04760000000000009,0.6829,64071.61,47379.0321
002045.SZ,20150129,6.9036,6.9988,6.837,6.9703,6.9512,0.019099999999999895,0.2748,39945.86,29109.4588
002045.SZ,20150128,7.0465,7.0941,6.9417,6.9512,7.0179,-0.06669999999999998,-0.9504,79032.7,58179.7646
002045.SZ,20150127,6.8465,7.0179,6.8274,7.0179,6.856,0.16190000000000015,2.3614,73702.79,53595.2122
002045.SZ,20150126,6.7037,6.856,6.6941,6.856,6.7227,0.1333000000000002,1.9828,52733.92,37598.7323
002045.SZ,20150123,6.856,6.9036,6.7132,6.7227,6.856,-0.1333000000000002,-1.9443,50656.18,36066.8266
002045.SZ,20150122,6.8655,6.9227,6.7894,6.856,6.8465,0.009500000000000064,0.1388,56074.79,40331.403
002045.SZ,20150121,6.8084,6.9036,6.7894,6.8465,6.7989,0.04760000000000009,0.7001,69331.98,49943.7087
002045.SZ,20150120,6.5799,6.8465,6.5799,6.7989,6.5703,0.22860000000000014,3.4793,62566.43,44411.6132
002045.SZ,20150119,6.4846,6.7227,6.3989,6.5703,6.618,-0.04770000000000074,-0.7208,62479.5,43324.4842
002045.SZ,20150116,6.5513,6.6275,6.4942,6.618,6.5323,0.08570000000000011,1.3119,32979.16,22743.4495
002045.SZ,20150115,6.4942,6.5703,6.4656,6.5323,6.4656,0.06669999999999998,1.0316,29744.78,20405.7065
002045.SZ,20150114,6.437,6.4942,6.3989,6.4656,6.437,0.02859999999999996,0.4443,30761.84,20827.9355
002045.SZ,20150113,6.3323,6.4751,6.3323,6.437,6.3609,0.07610000000000028,1.1964,33647.16,22684.4996
002045.SZ,20150112,6.5227,6.5227,6.2942,6.3609,6.5513,-0.19040000000000035,-2.9063,41330.61,27747.348
002045.SZ,20150109,6.5703,6.6465,6.5418,6.5513,6.5608,-0.009500000000000064,-0.1448,36328.8,25186.2689
002045.SZ,20150108,6.5989,6.6275,6.5323,6.5608,6.618,-0.05719999999999992,-0.8643,30346.53,20993.0813
002045.SZ,20150107,6.7132,6.7132,6.5323,6.618,6.6846,-0.06659999999999933,-0.9963,45794.93,31732.1534
002045.SZ,20150106,6.5037,6.7132,6.418,6.6846,6.5132,0.17139999999999933,2.6316,51980.95,35845.7359
002045.SZ,20150105,6.4561,6.5608,6.3704,6.5132,6.4561,0.05710000000000015,0.8844,46481.08,31560.2449
002045.SZ,20141231,6.3894,6.4751,6.3228,6.4561,6.4085,0.04760000000000009,0.7428,43152.31,29054.2673
002045.SZ,20141230,6.5608,6.6465,6.3989,6.4085,6.5608,-0.15230000000000032,-2.3214,42480.95,29060.735
002045.SZ,20141229,6.7894,6.7989,6.5132,6.5608,6.7798,-0.21899999999999942,-3.2302,63530.35,43937.9009
002045.SZ,20141226,6.8751,6.8751,6.7417,6.7798,6.8465,-0.06669999999999998,-0.9742,45577.21,32417.0502
002045.SZ,20141225,6.8084,6.9227,6.7703,6.8465,6.7703,0.07620000000000005,1.1255,36863.79,26408.4591
002045.SZ,20141224,6.637,6.8179,6.6084,6.7703,6.5894,0.1808999999999994,2.7453,51312.46,36255.5714
002045.SZ,20141223,6.6465,6.8179,6.5513,6.5894,6.637,-0.0475999999999992,-0.7172,48788.16,34316.0807
002045.SZ,20141222,7.075,7.075,6.5703,6.637,6.9893,-0.3523000000000005,-5.0406,96815.72,68762.3248
002045.SZ,20141219,7.1322,7.1798,6.9036,6.9893,7.1702,-0.18090000000000028,-2.5229,65793.88,48560.737
002045.SZ,20141218,7.3321,7.4083,7.1607,7.1702,7.3512,-0.18100000000000005,-2.4622,64332.15,49345.6524
002045.SZ,20141217,7.3988,7.4083,7.1322,7.3512,7.4464,-0.09519999999999929,-1.2785,88738.32,67701.1525
002045.SZ,20141216,7.494,7.5511,7.3226,7.4464,7.4464,0.0,0.0,65931.62,51336.1576
002045.SZ,20141215,7.3797,7.4464,7.2274,7.4464,7.294,0.1524000000000001,2.0894,65185.52,50474.3677
002045.SZ,20141212,7.2274,7.3321,7.2179,7.294,7.2274,0.06659999999999933,0.9215,45864.86,35025.6159
002045.SZ,20141211,7.0941,7.2559,7.0845,7.2274,7.1417,0.08570000000000011,1.2,64211.98,48447.5362
002045.SZ,20141210,6.9417,7.2083,6.9131,7.1417,6.9512,0.1905000000000001,2.7405,59300.94,44144.6422
002045.SZ,20141209,7.1988,7.2083,6.9512,6.9512,7.2464,-0.29520000000000035,-4.0737,106488.04,79366.8765
002045.SZ,20141208,7.3702,7.3702,7.2083,7.2464,7.3702,-0.12379999999999924,-1.6797,104835.0,79889.0633
002045.SZ,20141205,7.7035,7.713,7.2655,7.3702,7.7416,-0.3714000000000004,-4.7975,146715.98,115326.0514
002045.SZ,20141204,7.5226,7.9511,7.4559,7.7416,7.5226,0.2190000000000003,2.9112,184281.2,150463.55
002045.SZ,20141203,7.4654,7.5607,7.2845,7.5226,7.5035,0.019099999999999895,0.2545,127087.58,98671.2292
002045.SZ,20141202,7.4559,7.6749,7.4369,7.5035,7.4559,0.04760000000000009,0.6384,108281.94,85831.2841
002045.SZ,20141201,7.3226,7.4654,7.2464,7.4559,7.3226,0.1332999999999993,1.8204,97919.9,75655.5838
002045.SZ,20141128,7.3893,7.475,7.2369,7.3226,7.4083,-0.08569999999999922,-1.1568,121662.08,93710.6767
002045.SZ,20141127,7.1131,7.5702,7.056,7.4083,7.1417,0.2665999999999995,3.733,214557.16,165607.0804
002045.SZ,20141126,7.075,7.1893,6.9893,7.1417,7.0369,0.1048,1.4893,96738.81,71898.4107
002045.SZ,20141125,6.9512,7.0941,6.9227,7.0369,6.9322,0.10470000000000024,1.5103,85045.79,62780.5814
002045.SZ,20141124,6.9703,7.0179,6.8846,6.9322,6.9036,0.02859999999999996,0.4143,75701.91,55207.4349
002045.SZ,20141121,6.837,6.9798,6.8084,6.9036,6.8084,0.09520000000000017,1.3983,49312.67,35741.2568
002045.SZ,20141120,6.8941,6.8941,6.7894,6.8084,6.8941,-0.08570000000000011,-1.2431,36093.13,25903.0314
002045.SZ,20141119,6.837,6.9322,6.8274,6.8941,6.8274,0.06669999999999998,0.9769,53103.28,38355.5883
002045.SZ,20141118,6.7322,6.8274,6.7037,6.8274,6.7417,0.08570000000000011,1.2712,54727.34,38959.3384
002045.SZ,20141117,6.656,6.8084,6.6465,6.7417,6.6656,0.07609999999999939,1.1417,41724.9,29571.3646
002045.SZ,20141114,6.5608,6.7227,6.5513,6.6656,6.5894,0.07620000000000005,1.1564,52918.38,36954.7234
002045.SZ,20141113,6.8751,6.8751,6.5799,6.5894,6.856,-0.2665999999999995,-3.8886,85606.87,60109.6172
002045.SZ,20141112,6.7227,6.8655,6.6941,6.856,6.7608,0.09520000000000017,1.4081,38551.11,27485.7265
002045.SZ,20141111,7.0179,7.0179,6.6465,6.7608,7.0179,-0.25710000000000033,-3.6635,99121.21,70889.9064
002045.SZ,20141110,6.9798,7.0369,6.9322,7.0179,6.9703,0.04760000000000009,0.6829,63244.64,46367.2784
002045.SZ,20141107,7.1417,7.275,6.9227,6.9703,7.1417,-0.17140000000000022,-2.4,122112.19,91664.3752
002045.SZ,20141106,6.9988,7.1988,6.9798,7.1417,6.9988,0.14290000000000003,2.0418,74256.55,55278.0378
002045.SZ,20141105,7.0465,7.0655,6.9703,6.9988,7.0655,-0.06669999999999998,-0.944,57686.01,42489.5824
002045.SZ,20141104,7.1893,7.2464,7.0465,7.0655,7.2083,-0.14280000000000026,-1.981,72951.45,54723.555
002045.SZ,20141103,7.1607,7.2464,7.0655,7.2083,7.1417,0.06660000000000021,0.9326,92922.96,69820.5865
002045.SZ,20141031,7.2274,7.3036,7.0369,7.1417,7.1988,-0.05710000000000015,-0.7932,111449.16,83399.5647
002045.SZ,20141030,6.9988,7.294,6.9512,7.1988,6.9988,0.20000000000000018,2.8576,154845.53,116477.1066
002045.SZ,20141029,7.0274,7.1226,6.9227,6.9988,6.8465,0.15230000000000032,2.2245,128601.91,94787.3738
002045.SZ,20141028,6.7322,6.856,6.7132,6.8465,6.7037,0.14279999999999937,2.1302,50481.62,36043.4723
002045.SZ,20141027,6.5989,6.7227,6.5323,6.7037,6.6084,0.09530000000000083,1.4421,40730.3,28453.2263
002045.SZ,20141024,6.6084,6.656,6.5703,6.6084,6.6084,0.0,0.0,34612.24,24042.0167
002045.SZ,20141023,6.6751,6.7417,6.5703,6.6084,6.7037,-0.09530000000000083,-1.4216,62457.95,43567.5591
002045.SZ,20141022,6.8846,6.9322,6.6846,6.7037,6.8846,-0.1808999999999994,-2.6276,82374.8,59080.5936
002045.SZ,20141021,6.8941,6.9512,6.8084,6.8846,6.9131,-0.028500000000000192,-0.4123,65462.97,47196.3177
002045.SZ,20141020,6.9036,6.9322,6.837,6.9131,6.8655,0.04760000000000009,0.6933,64526.92,46664.519
002045.SZ,20141017,7.0274,7.075,6.6751,6.8655,7.0369,-0.17140000000000022,-2.4357,100487.95,72578.6526
002045.SZ,20141016,7.1417,7.2559,7.0369,7.0369,7.1893,-0.1524000000000001,-2.1198,106266.63,79993.1021
002045.SZ,20141015,7.0465,7.2083,6.9322,7.1893,7.0369,0.1524000000000001,2.1657,122776.81,91247.7704
002045.SZ,20141014,7.1322,7.1893,7.0179,7.0369,7.1798,-0.14290000000000003,-1.9903,87157.6,64977.1788
002045.SZ,20141013,7.1131,7.1798,6.9512,7.1798,7.0845,0.09529999999999994,1.3452,103473.8,76974.3006
002045.SZ,20141010,7.1702,7.2369,7.0179,7.0845,7.1607,-0.07620000000000005,-1.0641,141498.38,105449.1546
002045.SZ,20141009,7.275,7.3321,7.0465,7.1607,7.2845,-0.12380000000000013,-1.6995,141398.4,106502.365
002045.SZ,20141008,7.0845,7.2845,7.0465,7.2845,7.0941,0.19040000000000035,2.6839,132282.22,99711.0804
002045.SZ,20140930,7.0084,7.1512,6.9988,7.0941,7.0179,0.07620000000000005,1.0858,93076.75,69225.3872
002045.SZ,20140929,6.9227,7.075,6.8846,7.0179,6.9227,0.09520000000000017,1.3752,134880.02,98709.7147
002045.SZ,20140926,6.9417,7.0274,6.8179,6.9227,6.9893,-0.06660000000000021,-0.9529,104794.22,76121.171
002045.SZ,20140925,7.0274,7.2655,6.9608,6.9893,7.0274,-0.03810000000000002,-0.5422,176496.55,131502.4983
002045.SZ,20140924,7.0369,7.0941,6.9036,7.0274,7.0465,-0.019099999999999895,-0.2711,145244.7,106726.3059
002045.SZ,20140923,6.7703,7.0465,6.7417,7.0465,6.7417,0.3048000000000002,4.5211,164253.33,118826.9621
002045.SZ,20140922,6.7417,6.9036,6.656,6.7417,6.6941,0.04760000000000009,0.7111,173025.4,123236.6087
002045.SZ,20140919,6.5989,6.7417,6.4846,6.6941,6.5799,0.11419999999999941,1.7356,128323.93,89387.494
002045.SZ,20140918,6.5323,6.7037,6.5227,6.5799,6.5418,0.03810000000000002,0.5824,104361.51,72406.676
002045.SZ,20140917,6.3704,6.5894,6.3132,6.5418,6.3609,0.18090000000000028,2.8439,91146.27,61689.744
002045.SZ,20140916,6.7037,6.7132,6.3323,6.3609,6.7037,-0.34280000000000044,-5.1136,149637.8,102847.0101
002045.SZ,20140915,6.5894,6.7417,6.5799,6.7037,6.6084,0.09530000000000083,1.4421,108876.52,76134.0145
002045.SZ,20140912,6.5703,6.6275,6.5037,6.6084,6.5703,0.03810000000000002,0.5799,69815.64,48221.7123
002045.SZ,20140911,6.5989,6.7608,6.4751,6.5703,6.618,-0.04770000000000074,-0.7208,144533.5,100707.2753
002045.SZ,20140910,6.4751,6.6465,6.437,6.618,6.4942,0.12380000000000013,1.9063,170543.84,118072.4584
002045.SZ,20140909,6.4085,6.5608,6.3894,6.4942,6.418,0.07620000000000005,1.1873,98430.24,67050.5969
002045.SZ,20140905,6.3894,6.418,6.3228,6.418,6.3799,0.03810000000000002,0.5972,91413.37,61231.2013
002045.SZ,20140904,6.3989,6.418,6.3228,6.3799,6.3894,-0.009500000000000064,-0.1487,75097.21,50356.3255
002045.SZ,20140903,6.437,6.5513,6.3609,6.3894,6.3609,0.028500000000000192,0.448,121375.17,82171.1166
002045.SZ,20140902,6.2847,6.3704,6.2561,6.3609,6.2847,0.07620000000000005,1.2125,70555.35,46824.3991
002045.SZ,20140901,6.2085,6.3323,6.1704,6.2847,6.218,0.06669999999999998,1.0727,47399.32,31233.6033
002045.SZ,20140829,6.0181,6.218,5.999,6.218,6.0085,0.20950000000000024,3.4867,54830.79,35106.8983
002045.SZ,20140828,6.0561,6.0847,5.9324,6.0085,6.0752,-0.06669999999999998,-1.0979,51243.81,32303.3894
002045.SZ,20140827,6.0847,6.1228,6.0371,6.0752,6.0752,0.0,0.0,38943.81,24859.9236
002045.SZ,20140826,6.2752,6.2847,6.0466,6.0752,6.2942,-0.2190000000000003,-3.4794,76057.31,49243.9287
002045.SZ,20140825,6.3704,6.3799,6.2656,6.2942,6.3609,-0.06669999999999998,-1.0486,46777.25,30990.6501
002045.SZ,20140822,6.3513,6.3894,6.2466,6.3609,6.3418,0.019099999999999895,0.3012,65569.11,43536.324
002045.SZ,20140821,6.3132,6.4085,6.2466,6.3418,6.3418,0.0,0.0,76283.83,50570.3759
002045.SZ,20140820,6.4275,6.4751,6.2942,6.3418,6.4561,-0.11430000000000007,-1.7704,97981.5,65770.3456
002045.SZ,20140819,6.4561,6.6275,6.3799,6.4561,6.4751,-0.019000000000000128,-0.2934,88992.57,60543.2121
002045.SZ,20140818,6.4942,6.6656,6.4275,6.4751,6.4275,0.04760000000000009,0.7406,147059.38,100855.0172
002045.SZ,20140815,6.2656,6.4656,6.2275,6.4275,6.2656,0.16190000000000015,2.584,86574.81,57920.0124
002045.SZ,20140814,6.3799,6.418,6.2466,6.2656,6.3799,-0.11430000000000007,-1.7916,77339.66,51543.3656
002045.SZ,20140813,6.3418,6.437,6.2371,6.3799,6.3609,0.019000000000000128,0.2987,113352.69,75436.4948
002045.SZ,20140812,6.1323,6.3894,6.0942,6.3609,6.1323,0.22860000000000014,3.7278,151337.53,99483.6998
002045.SZ,20140811,6.0657,6.1418,6.0085,6.1323,6.0561,0.07620000000000005,1.2582,47911.96,30690.9055
002045.SZ,20140808,6.0466,6.1038,5.9704,6.0561,6.0657,-0.009599999999999831,-0.1583,62965.42,39923.5837
002045.SZ,20140807,6.218,6.2466,6.0561,6.0657,6.2275,-0.1618000000000004,-2.5982,80558.71,52112.0965
002045.SZ,20140806,6.1323,6.2371,6.0561,6.2275,6.1418,0.08570000000000011,1.3954,96109.85,62250.8425
002045.SZ,20140805,6.1228,6.1514,6.0561,6.1418,6.1228,0.019000000000000128,0.3103,49033.29,31364.4269
002045.SZ,20140804,6.0752,6.1418,6.0561,6.1228,6.0752,0.04760000000000009,0.7835,59721.82,38282.8018
002045.SZ,20140801,6.0752,6.2466,6.0561,6.0752,6.0942,-0.019000000000000128,-0.3118,117824.7,76151.6312
002045.SZ,20140731,6.0561,6.1133,5.999,6.0942,6.0561,0.03810000000000002,0.6291,62032.65,39541.0626
002045.SZ,20140730,6.0752,6.1418,5.999,6.0561,6.0942,-0.03810000000000002,-0.6252,63705.71,40550.8775
002045.SZ,20140729,5.9324,6.1704,5.8847,6.0942,5.8943,0.19989999999999952,3.3914,101135.53,64223.0642
002045.SZ,20140728,5.8086,5.9228,5.799,5.8943,5.8181,0.07620000000000005,1.3097,59865.69,36818.2052
002045.SZ,20140725,5.8467,5.9704,5.78,5.8181,5.8752,-0.05710000000000015,-0.9719,87405.27,53589.8066
002045.SZ,20140724,5.9133,5.999,5.8086,5.8752,5.9419,-0.06669999999999998,-1.1225,58483.66,36184.6287
002045.SZ,20140723,6.0085,6.0561,5.9038,5.9419,6.0181,-0.07619999999999916,-1.2662,55202.11,34632.4055
002045.SZ,20140722,5.8181,6.0752,5.8086,6.0181,5.8657,0.1523999999999992,2.5982,68267.44,42926.0828
002045.SZ,20140721,5.999,6.0276,5.8657,5.8657,5.999,-0.1332999999999993,-2.222,49975.31,31066.6063
002045.SZ,20140718,5.9609,6.1038,5.9038,5.999,5.98,0.01899999999999924,0.3177,52056.44,32933.6848
002045.SZ,20140717,6.0752,6.1514,5.9228,5.98,6.0847,-0.10469999999999935,-1.7207,54176.02,34104.606
002045.SZ,20140716,6.0657,6.3323,6.0371,6.0847,6.0752,0.009500000000000064,0.1564,83790.49,54134.3428
002045.SZ,20140715,6.1799,6.1895,6.0181,6.0752,6.1799,-0.10470000000000024,-1.6942,87599.4,56040.9928
002045.SZ,20140714,5.98,6.218,5.9609,6.1799,5.98,0.19989999999999952,3.3428,165261.0,106384.8251
002045.SZ,20140711,5.799,6.1418,5.7895,5.98,5.799,0.18100000000000005,3.1212,134949.25,85123.8708
002045.SZ,20140710,5.8371,5.8752,5.78,5.799,5.799,0.0,0.0,49944.3,30538.0862
002045.SZ,20140709,5.9228,6.0276,5.7895,5.799,5.9419,-0.14290000000000003,-2.405,86522.45,53604.405
002045.SZ,20140708,5.8467,5.98,5.78,5.9419,5.8752,0.06669999999999998,1.1353,79232.01,48932.5403
002045.SZ,20140707,5.8371,5.9038,5.78,5.8752,5.8847,-0.009499999999999176,-0.1614,76740.06,47002.3415
002045.SZ,20140704,5.999,6.0466,5.8562,5.8847,6.0085,-0.12380000000000013,-2.0604,94443.85,58845.9091
002045.SZ,20140703,5.8371,6.0942,5.7895,6.0085,5.8752,0.1332999999999993,2.2689,163312.12,102505.5989
002045.SZ,20140702,5.9228,5.9324,5.7705,5.8752,5.9704,-0.09519999999999929,-1.5945,126758.05,77985.0912
002045.SZ,20140701,5.7324,6.0085,5.6848,5.9704,5.7514,0.21899999999999942,3.8078,192986.97,118750.2094
002045.SZ,20140630,5.8371,5.8847,5.6372,5.7514,5.8181,-0.06669999999999998,-1.1464,138180.29,83291.8572
002045.SZ,20140627,5.5705,6.1323,5.5134,5.8181,5.5705,0.24760000000000026,4.4448,287791.29,178523.0827
002045.SZ,20140626,5.4562,5.5705,5.4182,5.5705,5.4277,0.14280000000000026,2.6309,100086.12,58032.0603
002045.SZ,20140625,5.5705,5.6276,5.3801,5.4277,5.6086,-0.18090000000000028,-3.2254,121085.47,69431.137
002045.SZ,20140624,5.5991,5.6657,5.5515,5.6086,5.6467,-0.03810000000000002,-0.6747,109819.04,64614.0688
002045.SZ,20140623,5.6753,5.7133,5.5515,5.6467,5.6753,-0.02859999999999996,-0.5039,129025.29,76319.7487
002045.SZ,20140620,5.6467,5.7419,5.5134,5.6753,5.6943,-0.019000000000000128,-0.3337,130052.41,76868.5464
002045.SZ,20140619,5.9038,6.0085,5.5419,5.6943,6.1609,-0.4665999999999997,-7.5736,297614.12,179967.5062
002045.SZ,20140618,5.8562,6.2371,5.7705,6.1609,5.761,0.3998999999999997,6.9415,491375.93,308913.1304
002045.SZ,20140617,5.761,5.761,5.6848,5.761,5.2372,0.5238000000000005,10.0015,218314.15,132039.1945
002045.SZ,20140616,5.142,5.2372,5.1134,5.2372,5.1515,0.08569999999999922,1.6636,37343.94,20303.023
002045.SZ,20140613,5.0563,5.1706,5.0277,5.1515,5.0563,0.09520000000000017,1.8828,31914.77,17208.6712
002045.SZ,20140612,5.142,5.142,5.0468,5.0563,5.123,-0.06669999999999998,-1.302,23609.79,12615.5866
002045.SZ,20140611,5.1325,5.142,5.0849,5.123,5.1325,-0.009500000000000064,-0.1851,22430.02,12069.3658
002045.SZ,20140610,5.0563,5.142,5.0277,5.1325,5.0468,0.08570000000000011,1.6981,26334.87,14117.2222
002045.SZ,20140609,5.0658,5.123,5.0468,5.0468,5.0754,-0.02859999999999996,-0.5635,17972.79,9591.1098
002045.SZ,20140606,5.1039,5.1325,5.0277,5.0754,5.1325,-0.05710000000000015,-1.1125,19339.97,10308.3823
002045.SZ,20140605,5.0468,5.1896,4.9992,5.1325,5.0563,0.07620000000000005,1.507,34004.59,18337.4055
002045.SZ,20140604,5.0373,5.0754,4.9516,5.0563,5.0182,0.03810000000000002,0.7592,22614.1,11933.5808
002045.SZ,20140603,5.1706,5.1706,4.9992,5.0182,5.123,-0.1048,-2.0457,29612.84,15801.3365
002045.SZ,20140530,5.0944,5.142,5.0658,5.123,5.1134,0.009599999999999831,0.1877,32761.21,17543.1352
002045.SZ,20140529,5.0277,5.1896,5.0087,5.1134,5.0087,0.10470000000000024,2.0904,75302.66,40503.4831
002045.SZ,20140528,4.923,5.0087,4.923,5.0087,4.923,0.08570000000000011,1.7408,29656.65,15541.8388
002045.SZ,20140527,4.9801,4.9801,4.9135,4.923,4.9801,-0.05710000000000015,-1.1466,16834.31,8732.5085
002045.SZ,20140526,4.942,5.0087,4.923,4.9801,4.904,0.07610000000000028,1.5518,33020.01,17215.1636
002045.SZ,20140523,4.8563,4.9135,4.8278,4.904,4.8468,0.05719999999999992,1.1802,15858.18,8113.0407
002045.SZ,20140522,4.8563,4.923,4.8373,4.8468,4.8659,-0.019099999999999895,-0.3925,18915.28,9712.3254
002045.SZ,20140521,4.8087,4.8659,4.7611,4.8659,4.8087,0.05719999999999992,1.1895,13076.6,6632.9741
002045.SZ,20140520,4.8373,4.8849,4.8087,4.8087,4.8183,-0.009599999999999831,-0.1992,13981.05,7108.8495
002045.SZ,20140519,4.8373,4.8373,4.7706,4.8183,4.8373,-0.019000000000000128,-0.3928,15858.15,7992.9255
002045.SZ,20140516,4.8373,4.8754,4.7706,4.8373,4.8373,0.0,0.0,17098.8,8642.0293
002045.SZ,20140515,4.9325,4.942,4.8183,4.8373,4.9516,-0.11430000000000007,-2.3083,24583.12,12555.4483
002045.SZ,20140514,5.0087,5.0087,4.923,4.9516,5.0087,-0.05710000000000015,-1.14,23776.51,12363.2164
002045.SZ,20140513,5.0277,5.0658,4.9611,5.0087,5.0468,-0.03810000000000002,-0.7549,31675.67,16664.5252
002045.SZ,20140512,4.9992,5.0658,4.942,5.0468,4.9706,0.07620000000000005,1.533,31283.26,16475.0158
002045.SZ,20140509,4.904,4.9992,4.8563,4.9706,4.8659,0.10470000000000024,2.1517,24272.85,12582.127
002045.SZ,20140508,4.8659,4.9516,4.8563,4.8659,4.8659,0.0,0.0,17298.17,8905.2407
002045.SZ,20140507,5.0373,5.0468,4.8563,4.8659,5.0373,-0.17140000000000022,-3.4026,24544.96,12779.9896
002045.SZ,20140506,4.9992,5.0849,4.9897,5.0373,4.9897,0.04760000000000009,0.954,28518.69,15094.9603
002045.SZ,20140505,4.8944,4.9992,4.8849,4.9897,4.8944,0.09529999999999994,1.9471,27445.27,14247.3685
002045.SZ,20140430,4.904,4.9135,4.8563,4.8944,4.8468,0.04760000000000009,0.9821,26261.18,13456.2814
002045.SZ,20140429,4.7813,4.8657,4.7438,4.8469,4.7626,0.08429999999999982,1.77,42408.06,21664.9536
002045.SZ,20140428,4.9782,4.9782,4.7626,4.7626,5.0251,-0.2625000000000002,-5.2238,39782.44,20633.7989
002045.SZ,20140425,5.1657,5.2032,4.9969,5.0251,5.1657,-0.14060000000000006,-2.7218,28432.9,15456.0769
002045.SZ,20140424,5.2313,5.2688,5.1657,5.1657,5.2407,-0.07500000000000018,-1.4311,20077.1,11155.2074
002045.SZ,20140423,5.2594,5.2782,5.1938,5.2407,5.2501,-0.009399999999999409,-0.179,18869.94,10535.4574
002045.SZ,20140422,5.3251,5.3532,5.1844,5.2501,5.3344,-0.08429999999999982,-1.5803,39000.8,21836.1165
002045.SZ,20140421,5.4563,5.4751,5.3344,5.3344,5.4938,-0.15940000000000065,-2.9015,35972.55,20793.8048
002045.SZ,20140418,5.4657,5.5032,5.4376,5.4938,5.4844,0.009400000000000297,0.1714,27900.99,16303.5811
002045.SZ,20140417,5.4751,5.5219,5.4657,5.4844,5.4844,0.0,0.0,24634.19,14425.5247
002045.SZ,20140416,5.5594,5.5594,5.4282,5.4844,5.5594,-0.07500000000000018,-1.3491,40076.3,23428.7035
002045.SZ,20140415,5.6813,5.7001,5.5501,5.5594,5.6626,-0.10320000000000018,-1.8225,32703.18,19478.8789
002045.SZ,20140414,5.5688,5.6813,5.5688,5.6626,5.5876,0.07500000000000018,1.3423,31988.45,19287.6674
002045.SZ,20140411,5.6063,5.6719,5.5407,5.5876,5.6063,-0.01869999999999994,-0.3336,32998.56,19708.7985
002045.SZ,20140410,5.5688,5.6719,5.5313,5.6063,5.5688,0.037499999999999645,0.6734,48356.16,28966.5612
002045.SZ,20140409,5.4938,5.5782,5.4938,5.5688,5.5219,0.04690000000000083,0.8493,33360.57,19751.4867
002045.SZ,20140408,5.4563,5.5219,5.4094,5.5219,5.4657,0.056199999999999584,1.0282,30754.68,17957.3285
002045.SZ,20140404,5.4563,5.4844,5.3719,5.4657,5.4563,0.009400000000000297,0.1723,27346.81,15834.5097
002045.SZ,20140403,5.4938,5.5594,5.3907,5.4563,5.5032,-0.04689999999999994,-0.8522,40945.05,23867.7623
002045.SZ,20140402,5.4844,5.5501,5.4001,5.5032,5.5594,-0.05620000000000047,-1.0109,49412.77,28763.4273
002045.SZ,20140401,5.6251,5.6907,5.4282,5.5594,5.4469,0.11249999999999982,2.0654,61650.28,36608.0283
002045.SZ,20140331,5.4563,5.5219,5.3532,5.4469,5.4376,0.00930000000000053,0.171,29550.23,17155.3975
002045.SZ,20140328,5.7469,5.7938,5.3813,5.4376,5.7563,-0.31870000000000065,-5.5365,86857.79,51529.6361
002045.SZ,20140327,5.8969,5.8969,5.7376,5.7563,5.8969,-0.14059999999999917,-2.3843,35054.83,21707.8863
002045.SZ,20140326,5.8407,5.9438,5.8126,5.8969,5.8219,0.07499999999999929,1.2882,36744.56,23059.365
002045.SZ,20140325,5.8407,5.8782,5.8032,5.8219,5.8407,-0.018799999999999706,-0.3219,26848.35,16724.3342
002045.SZ,20140324,5.8219,5.8876,5.7938,5.8407,5.8126,0.028100000000000236,0.4834,42459.97,26444.9707
002045.SZ,20140321,5.6813,5.8501,5.6438,5.8126,5.7001,0.11249999999999982,1.9736,45012.31,27568.0337
002045.SZ,20140320,5.8594,5.8969,5.7001,5.7001,5.8501,-0.15000000000000036,-2.5641,42083.13,26097.5823
002045.SZ,20140319,5.9438,5.9438,5.8032,5.8501,5.9719,-0.12179999999999946,-2.0396,55449.29,34517.2237
002045.SZ,20140318,6.0188,6.0751,5.9532,5.9719,6.0188,-0.04689999999999994,-0.7792,58810.04,37646.7335
002045.SZ,20140317,5.9251,6.0469,5.8032,6.0188,5.9251,0.09370000000000012,1.5814,78849.62,49969.5807
002045.SZ,20140314,5.9157,6.0001,5.8407,5.9251,5.8969,0.028200000000000003,0.4782,51707.84,32611.9535
002045.SZ,20140313,5.8594,5.9251,5.7844,5.8969,5.8688,0.028099999999999348,0.4788,34804.25,21784.5998
002045.SZ,20140312,5.8126,5.9157,5.7094,5.8688,5.8313,0.03750000000000053,0.6431,59414.22,36803.9641
002045.SZ,20140311,5.8594,6.0001,5.7282,5.8313,5.9157,-0.08440000000000047,-1.4267,66608.41,41774.8059
002045.SZ,20140310,6.3001,6.3001,5.8594,5.9157,6.4126,-0.4969000000000001,-7.7488,122914.36,79677.2087
002045.SZ,20140307,6.5438,6.6563,6.3751,6.4126,6.3938,0.018800000000000594,0.294,160146.95,110774.5527
002045.SZ,20140306,6.3094,6.4594,6.1969,6.3938,6.3188,0.07499999999999929,1.1869,150899.13,102121.2079
002045.SZ,20140305,6.3376,6.4126,6.1313,6.3188,6.2813,0.03750000000000053,0.597,141194.97,94318.103
002045.SZ,20140304,6.1688,6.4032,6.0938,6.2813,6.2344,0.04689999999999994,0.7523,148577.36,99181.1903
002045.SZ,20140303,6.0938,6.2719,6.0469,6.2344,5.9907,0.24369999999999958,4.068,168772.36,111109.318
002045.SZ,20140228,5.7282,5.9907,5.6719,5.9907,5.7001,0.2906000000000004,5.0982,99420.85,62100.0083
002045.SZ,20140227,5.8032,6.1126,5.7001,5.7001,5.8407,-0.14060000000000006,-2.4072,120822.41,76621.958
002045.SZ,20140226,5.7094,5.8688,5.5782,5.8407,5.7469,0.09379999999999988,1.6322,80434.67,49051.4105
002045.SZ,20140225,6.0751,6.0844,5.7188,5.7469,6.0844,-0.33749999999999947,-5.547,111608.81,70464.8455
002045.SZ,20140224,6.0282,6.0938,5.9063,6.0844,6.0469,0.037499999999999645,0.6202,61694.12,39441.0274
002045.SZ,20140221,6.0469,6.1969,5.9438,6.0469,6.0751,-0.028200000000000003,-0.4642,82195.43,53115.1757
002045.SZ,20140220,6.2626,6.2626,5.9063,6.0751,6.2532,-0.1780999999999997,-2.8481,126926.77,81830.1452
002045.SZ,20140219,6.4032,6.5157,6.1688,6.2532,6.4032,-0.15000000000000036,-2.3426,142563.73,95069.7148
002045.SZ,20140218,6.4407,6.4594,6.3282,6.4032,6.4782,-0.07500000000000018,-1.1577,114614.79,78077.9395
002045.SZ,20140217,6.2532,6.5532,6.0938,6.4782,6.2251,0.2530999999999999,4.0658,231488.78,156261.4264
002045.SZ,20140214,6.1126,6.2532,6.0844,6.2251,6.1219,0.10320000000000018,1.6858,108393.43,71263.7158
002045.SZ,20140213,6.2813,6.3188,6.1219,6.1219,6.3469,-0.22499999999999964,-3.545,138286.39,91836.2707
002045.SZ,20140212,6.1876,6.3657,6.1126,6.3469,6.2813,0.06559999999999988,1.0444,234429.61,156127.8756
002045.SZ,20140211,5.8407,6.3657,5.8219,6.2813,5.7844,0.4969000000000001,8.5903,398685.39,260063.4412
002045.SZ,20140210,5.7563,6.1782,5.7376,5.7844,5.7001,0.08429999999999982,1.4789,283920.47,177039.6995
002045.SZ,20140207,5.4844,5.7188,5.4469,5.7001,5.5032,0.1969000000000003,3.5779,48919.2,29278.3795
002045.SZ,20140130,5.6157,5.6251,5.4657,5.5032,5.6063,-0.10310000000000041,-1.839,38921.68,22893.2211
002045.SZ,20140129,5.5688,5.6157,5.5032,5.6063,5.5407,0.06559999999999988,1.184,29998.94,17849.2294
002045.SZ,20140128,5.5594,5.6251,5.5032,5.5407,5.5969,-0.056199999999999584,-1.0041,35487.55,21025.3341
002045.SZ,20140127,5.5126,5.6532,5.4657,5.5969,5.5594,0.037499999999999645,0.6745,63169.72,37563.2978
002045.SZ,20140124,5.3157,5.6438,5.2876,5.5594,5.3438,0.21560000000000024,4.0346,85622.1,50212.7693
002045.SZ,20140123,5.2501,5.4657,5.2313,5.3438,5.2688,0.07500000000000018,1.4235,56153.3,32171.0743
002045.SZ,20140122,5.2126,5.3157,5.2126,5.2688,5.2126,0.056199999999999584,1.0782,45342.72,25536.5428
002045.SZ,20140121,5.0063,5.2219,4.9969,5.2126,5.0063,0.2062999999999997,4.1208,37451.9,20500.6203
002045.SZ,20140120,4.9969,5.0251,4.9407,5.0063,4.9969,0.009400000000000297,0.1881,14984.43,7953.8931
002045.SZ,20140117,5.0251,5.0626,4.9313,4.9969,5.0344,-0.037499999999999645,-0.7449,22610.36,12067.4747
002045.SZ,20140116,5.0157,5.1001,4.9782,5.0344,5.0157,0.01869999999999994,0.3728,26372.08,14196.3902
002045.SZ,20140115,4.9876,5.0438,4.8938,5.0157,4.9782,0.037499999999999645,0.7533,23815.09,12663.5361
002045.SZ,20140114,4.9032,4.9969,4.8001,4.9782,4.8657,0.11249999999999982,2.3121,23317.64,12202.9822
002045.SZ,20140113,4.8844,4.9501,4.8376,4.8657,4.9126,-0.04689999999999994,-0.9547,19023.22,9939.3849
002045.SZ,20140110,4.9969,5.0907,4.8563,4.9126,5.0907,-0.1780999999999997,-3.4985,39974.97,21104.42
002045.SZ,20140109,5.2407,5.2876,5.0907,5.0907,5.2688,-0.1780999999999997,-3.3803,44444.75,24661.859
002045.SZ,20140108,5.2407,5.2876,5.1844,5.2688,5.2407,0.028099999999999348,0.5362,42184.24,23569.1025
002045.SZ,20140107,5.2032,5.3251,5.1751,5.2407,5.2407,0.0,0.0,25515.01,14303.8535
002045.SZ,20140106,5.3251,5.4282,5.2032,5.2407,5.3344,-0.09369999999999923,-1.7565,64056.07,36111.8457
002045.SZ,20140103,5.2688,5.4001,5.2501,5.3344,5.2969,0.037499999999999645,0.708,45407.96,25836.0445
002045.SZ,20140102,5.2313,5.3438,5.1563,5.2969,5.2501,0.046800000000000175,0.8914,32104.85,17982.7621
002045.SZ,20131231,5.2594,5.2876,5.1844,5.2501,5.2876,-0.03750000000000053,-0.7092,30167.74,16878.9835
002045.SZ,20131230,5.2501,5.3532,5.2407,5.2876,5.2501,0.03750000000000053,0.7143,29145.69,16484.1681
002045.SZ,20131227,5.1094,5.2969,5.1094,5.2501,5.2032,0.04689999999999994,0.9014,29629.22,16550.2607
002045.SZ,20131226,5.5782,5.5782,5.2032,5.2032,5.1563,0.04689999999999994,0.9096,88261.16,50625.8601
002045.SZ,20131225,5.1282,5.1563,5.0626,5.1563,5.1188,0.037499999999999645,0.7326,18126.82,9887.5897
002045.SZ,20131224,5.0626,5.1563,5.0438,5.1188,5.0344,0.08440000000000047,1.6765,26598.09,14503.0348
002045.SZ,20131223,5.0344,5.1188,4.9313,5.0344,5.0344,0.0,0.0,24605.7,13226.5268
002045.SZ,20131220,5.2126,5.2219,4.9688,5.0344,5.2032,-0.16880000000000006,-3.2442,55990.33,30471.7667
002045.SZ,20131219,5.3251,5.3344,5.1751,5.2032,5.2969,-0.09370000000000012,-1.769,30021.72,16747.4161
002045.SZ,20131218,5.2594,5.3157,5.2501,5.2969,5.2688,0.028100000000000236,0.5333,24737.67,13945.3161
002045.SZ,20131217,5.3063,5.3063,5.2032,5.2688,5.2594,0.009399999999999409,0.1787,24850.16,13891.1902
002045.SZ,20131216,5.2501,5.3063,5.2032,5.2594,5.2501,0.00930000000000053,0.1771,27430.38,15397.04
002045.SZ,20131213,5.2969,5.2969,5.2126,5.2501,5.2969,-0.046800000000000175,-0.8835,26286.87,14749.2818
002045.SZ,20131212,5.2688,5.3532,5.2688,5.2969,5.3063,-0.009400000000000297,-0.1771,31572.21,17904.3612
002045.SZ,20131211,5.4094,5.4094,5.2501,5.3063,5.4094,-0.10309999999999953,-1.9059,49440.46,27962.3985
002045.SZ,20131210,5.3907,5.4469,5.3719,5.4094,5.3907,0.01869999999999994,0.3469,27104.11,15627.3577
002045.SZ,20131209,5.4563,5.4938,5.3813,5.3907,5.4657,-0.07500000000000018,-1.3722,33547.75,19474.5775
002045.SZ,20131206,5.4938,5.5032,5.3907,5.4657,5.4938,-0.028100000000000236,-0.5115,27484.65,15950.0704
002045.SZ,20131205,5.4563,5.5219,5.4188,5.4938,5.4376,0.05620000000000047,1.0335,39906.14,23267.8939
002045.SZ,20131204,5.3813,5.5126,5.3626,5.4376,5.4094,0.028200000000000003,0.5213,50991.64,29726.3446
002045.SZ,20131203,5.2313,5.4751,5.2126,5.4094,5.2688,0.14060000000000006,2.6685,44954.07,25586.4674
002045.SZ,20131202,5.6157,5.6157,5.1751,5.2688,5.7094,-0.4405999999999999,-7.7171,83183.64,47995.6368
002045.SZ,20131129,5.8032,5.8032,5.6907,5.7094,5.7938,-0.08440000000000047,-1.4567,72396.39,44279.832
002045.SZ,20131128,5.7751,5.8313,5.7563,5.7938,5.8126,-0.018799999999999706,-0.3234,53218.76,32915.8064
002045.SZ,20131127,5.8126,5.8969,5.7657,5.8126,5.7469,0.06569999999999965,1.1432,68895.2,42853.9292
002045.SZ,20131126,5.7001,5.8407,5.6719,5.7469,5.7001,0.046800000000000175,0.821,30378.24,18616.8371
002045.SZ,20131125,5.7938,5.8219,5.7001,5.7001,5.8407,-0.14060000000000006,-2.4072,53407.68,32699.8752
002045.SZ,20131122,5.9813,6.0844,5.7844,5.8407,5.9813,-0.14060000000000006,-2.3507,90970.81,57436.5694
002045.SZ,20131121,5.9532,6.0563,5.9344,5.9813,5.9719,0.009400000000000297,0.1574,42468.42,27079.0665
002045.SZ,20131120,6.0657,6.0751,5.9251,5.9719,6.0376,-0.06570000000000054,-1.0882,45056.42,28695.6839
002045.SZ,20131119,5.9719,6.0844,5.9251,6.0376,5.9626,0.07500000000000018,1.2578,61677.4,39518.3564
002045.SZ,20131118,5.9438,6.0094,5.9157,5.9626,5.9438,0.018799999999999706,0.3163,106829.54,67708.197
002045.SZ,20131115,5.8688,6.0469,5.8594,5.9438,5.8969,0.04690000000000083,0.7953,80627.33,51122.4904
002045.SZ,20131114,5.8219,5.9813,5.8126,5.8969,5.8688,0.028099999999999348,0.4788,30309.66,19069.5335
002045.SZ,20131113,5.7751,5.9344,5.7094,5.8688,5.7938,0.07500000000000018,1.2945,36227.1,22541.0419
002045.SZ,20131112,5.7376,5.8219,5.7188,5.7938,5.7844,0.009400000000000297,0.1625,14965.2,9197.7096
002045.SZ,20131111,5.8407,5.8407,5.6438,5.7844,5.8313,-0.04689999999999994,-0.8043,19834.86,12174.1054
002045.SZ,20131108,5.8407,5.9626,5.7376,5.8313,5.8407,-0.009400000000000297,-0.1609,24217.1,15070.9531
002045.SZ,20131107,5.9063,5.9626,5.7469,5.8407,5.9251,-0.08439999999999959,-1.4244,26890.51,16846.1221
002045.SZ,20131106,5.8594,6.0376,5.8407,5.9251,5.8782,0.04689999999999994,0.7979,48523.83,30794.4786
002045.SZ,20131105,5.8594,5.8876,5.6719,5.8782,5.8688,0.009399999999999409,0.1602,27154.54,16772.6908
002045.SZ,20131104,5.9063,6.0376,5.8126,5.8688,5.9344,-0.06559999999999988,-1.1054,29380.31,18411.698
002045.SZ,20131101,5.8782,6.1219,5.8126,5.9344,5.8594,0.07500000000000018,1.28,82128.58,52708.9503
002045.SZ,20131031,5.8126,5.9251,5.7001,5.8594,5.8594,0.0,0.0,25198.46,15663.4974
002045.SZ,20131030,5.8876,5.8876,5.6251,5.8594,5.9063,-0.04689999999999994,-0.7941,52158.03,32164.4963
002045.SZ,20131029,6.1501,6.2063,5.5501,5.9063,6.1688,-0.2625000000000002,-4.2553,81332.87,50815.2126
002045.SZ,20131028,6.2438,6.2626,6.0469,6.1688,6.2719,-0.10309999999999953,-1.6438,48883.51,32111.3011
002045.SZ,20131025,6.3376,6.4313,6.0844,6.2719,6.3188,-0.04690000000000083,-0.7422,105693.36,71014.639
002045.SZ,20131024,6.1782,6.3469,6.1219,6.3188,6.1782,0.14060000000000006,2.2757,98039.67,65514.8475
002045.SZ,20131023,6.1313,6.3094,6.0751,6.1782,6.1688,0.009400000000000297,0.1524,94277.2,62225.413
002045.SZ,20131022,6.0376,6.2626,5.9907,6.1688,6.0376,0.13119999999999976,2.173,147294.46,96688.9991
002045.SZ,20131021,5.9063,6.1126,5.8501,6.0376,5.9157,0.12190000000000012,2.0606,81047.51,51733.8997
002045.SZ,20131018,5.9063,5.9344,5.8126,5.9157,5.8969,0.018800000000000594,0.3188,38945.69,24348.3707
002045.SZ,20131017,5.9251,6.0376,5.8407,5.8969,5.9532,-0.05630000000000024,-0.9457,54088.94,34207.3417
002045.SZ,20131016,6.1407,6.2157,5.8313,5.9532,6.1969,-0.24370000000000047,-3.9326,107260.83,68776.77
002045.SZ,20131015,6.3094,6.3094,6.0844,6.1969,6.3094,-0.11249999999999982,-1.7831,71995.46,47343.0192
002045.SZ,20131014,6.0563,6.3469,6.0094,6.3094,6.0751,0.23430000000000017,3.8567,115746.94,77157.6694
002045.SZ,20131011,6.0938,6.1594,5.9719,6.0751,6.0844,-0.009299999999999642,-0.1528,73487.46,47302.3397
002045.SZ,20131010,6.1782,6.1782,6.0001,6.0844,6.2157,-0.13130000000000042,-2.1124,61648.07,40006.2816
002045.SZ,20131009,6.3001,6.3282,6.0938,6.2157,6.2813,-0.06559999999999988,-1.0444,94053.63,62152.0155
002045.SZ,20131008,6.3657,6.4219,6.1876,6.2813,6.3563,-0.07500000000000018,-1.1799,76371.22,51156.4691
002045.SZ,20130930,6.2157,6.3938,6.1688,6.3563,6.2157,0.14060000000000006,2.262,66031.28,44363.8896
002045.SZ,20130927,6.0001,6.2719,5.8969,6.2157,6.0282,0.1875,3.1104,76593.35,49856.2295
002045.SZ,20130926,6.0563,6.1501,5.9626,6.0282,6.0751,-0.04689999999999994,-0.772,70847.32,45675.9257
002045.SZ,20130925,6.2438,6.2719,5.9719,6.0751,6.2344,-0.1593,-2.5552,126868.69,82170.9642
002045.SZ,20130924,6.4407,6.4407,6.1876,6.2344,6.3938,-0.15939999999999976,-2.493,92088.37,61653.5686
002045.SZ,20130923,6.3938,6.4313,6.3001,6.3938,6.3657,0.028099999999999348,0.4414,74926.12,50860.0511
002045.SZ,20130918,6.3751,6.4219,6.1032,6.3657,6.3657,0.0,0.0,82090.19,54759.1873
002045.SZ,20130917,6.3657,6.4594,6.1969,6.3657,6.3469,0.018800000000000594,0.2962,112337.01,75897.7601
002045.SZ,20130916,6.9938,7.0407,6.3282,6.3469,6.9845,-0.6376,-9.1288,241600.41,168911.3866
002045.SZ,20130913,6.9095,7.0782,6.7688,6.9845,6.8626,0.12190000000000012,1.7763,124880.21,92372.5773
002045.SZ,20130912,6.7595,6.9563,6.7595,6.8626,6.872,-0.009400000000000297,-0.1368,99908.7,73033.0774
002045.SZ,20130911,6.8532,7.172,6.7501,6.872,6.9563,-0.08429999999999982,-1.2119,151687.32,112195.2622
002045.SZ,20130910,6.7688,7.2001,6.7595,6.9563,6.8438,0.11249999999999982,1.6438,153316.4,114557.1206
002045.SZ,20130909,6.9001,7.0126,6.722,6.8438,6.9938,-0.15000000000000036,-2.1448,143440.08,104551.8047
002045.SZ,20130906,6.7501,7.0032,6.5907,6.9938,6.722,0.2717999999999998,4.0434,159794.78,116948.6315
002045.SZ,20130905,6.7501,6.8251,6.5438,6.722,6.8438,-0.12179999999999946,-1.7797,159488.81,113809.3472
002045.SZ,20130904,6.5438,6.9845,6.4688,6.8438,6.5345,0.30929999999999946,4.7333,220440.98,159218.9556
002045.SZ,20130903,6.7313,6.7501,6.4969,6.5345,6.7313,-0.19679999999999964,-2.9237,173041.39,121798.8712
002045.SZ,20130902,6.2532,6.7501,6.1876,6.7313,6.3188,0.41249999999999964,6.5281,190551.01,131698.953
002045.SZ,20130830,6.3844,6.5438,6.1126,6.3188,6.4032,-0.08439999999999959,-1.3181,193779.58,130877.5395
002045.SZ,20130829,6.3751,6.4969,6.2626,6.4032,6.3751,0.028100000000000236,0.4408,159961.37,108825.2258
002045.SZ,20130828,6.4876,6.6938,6.2251,6.3751,6.5251,-0.15000000000000036,-2.2988,357449.76,246576.9456
002045.SZ,20130827,5.9344,6.5251,5.9344,6.5251,5.9344,0.5907,9.9538,366036.16,247881.0186
002045.SZ,20130826,5.5313,6.0001,5.4938,5.9344,5.5501,0.38430000000000053,6.9242,260563.55,161208.549
002045.SZ,20130823,5.4563,5.6719,5.4001,5.5501,5.5313,0.018799999999999706,0.3399,235943.66,139135.3797
002045.SZ,20130822,5.2219,5.5594,5.1751,5.5313,5.2969,0.23439999999999994,4.4252,396237.19,225279.1814
002045.SZ,20130821,4.8094,5.3157,4.8094,5.2969,4.8282,0.4687000000000001,9.7076,536288.85,298235.1157
002045.SZ,20130820,4.8376,4.9032,4.7813,4.8282,4.8563,-0.028100000000000236,-0.5786,46481.93,24028.5404
002045.SZ,20130819,4.7344,4.8563,4.6969,4.8563,4.7719,0.08440000000000047,1.7687,49365.41,25364.1725
002045.SZ,20130816,4.9219,5.0251,4.7626,4.7719,4.9501,-0.17820000000000036,-3.5999,93825.06,48971.7513
002045.SZ,20130815,5.0907,5.0907,4.9501,4.9501,5.0907,-0.14060000000000006,-2.7619,70310.12,37446.1674
002045.SZ,20130814,4.9782,5.2032,4.9407,5.0907,4.9969,0.09379999999999988,1.8772,142494.37,77148.5008
002045.SZ,20130813,5.0344,5.0344,4.9501,4.9969,5.0344,-0.037499999999999645,-0.7449,60042.61,31894.3336
002045.SZ,20130812,5.0719,5.1282,4.9688,5.0344,5.0907,-0.05630000000000024,-1.1059,95433.97,51167.235
002045.SZ,20130809,5.0251,5.0907,4.9594,5.0907,5.0907,0.0,0.0,122539.6,65724.8998
002045.SZ,20130808,4.9219,5.3251,4.8844,5.0907,4.8844,0.2062999999999997,4.2237,206858.2,112923.8719
002045.SZ,20130807,4.9313,5.0157,4.8094,4.8844,4.9969,-0.11249999999999982,-2.2514,129070.32,67326.2833
002045.SZ,20130806,4.9219,5.0907,4.8188,4.9969,4.9594,0.03750000000000053,0.7561,174380.34,92717.145
002045.SZ,20130805,4.7063,4.9594,4.7063,4.9594,4.7251,0.2342999999999993,4.9586,124194.19,64320.6198
002045.SZ,20130802,4.7251,4.8094,4.6594,4.7251,4.7063,0.018800000000000594,0.3995,71365.85,36067.9099
002045.SZ,20130801,4.6407,4.7344,4.6126,4.7063,4.5938,0.11249999999999982,2.449,65217.0,32604.318
002045.SZ,20130731,4.6032,4.7344,4.5938,4.5938,4.6126,-0.018799999999999706,-0.4076,50500.12,25079.328
002045.SZ,20130730,4.5938,4.6594,4.4157,4.6126,4.6126,0.0,0.0,73579.79,35722.9231
002045.SZ,20130729,4.7344,4.7626,4.5751,4.6126,4.8001,-0.1875,-3.9062,87359.68,43265.5359
002045.SZ,20130726,4.9969,4.9969,4.7157,4.8001,4.6969,0.10319999999999929,2.1972,121414.64,62276.7467
002045.SZ,20130725,4.9032,4.9407,4.6876,4.6969,4.9501,-0.25319999999999965,-5.115,128665.82,65738.3818
002045.SZ,20130724,4.8282,5.0157,4.7438,4.9501,4.8282,0.12190000000000012,2.5248,144343.84,75687.6838
002045.SZ,20130723,4.7626,4.8563,4.7626,4.8282,4.8094,0.018799999999999706,0.3909,109873.77,56455.4216
002045.SZ,20130722,4.5094,4.8376,4.4532,4.8094,4.5657,0.24370000000000047,5.3376,111475.73,55943.3617
002045.SZ,20130719,4.6876,4.8563,4.5657,4.5657,4.6876,-0.12190000000000012,-2.6005,162866.95,81818.282
002045.SZ,20130718,4.4063,4.7438,4.3876,4.6876,4.3876,0.2999999999999998,6.8375,160106.66,78531.286
002045.SZ,20130717,4.5657,4.6219,4.3688,4.3876,4.6032,-0.21560000000000024,-4.6837,85022.26,40777.5569
002045.SZ,20130716,4.5563,4.6219,4.4907,4.6032,4.5751,0.028100000000000236,0.6142,66380.65,32202.4957
002045.SZ,20130715,4.3688,4.5938,4.3501,4.5751,4.3688,0.2062999999999997,4.7221,84135.64,40406.2903
002045.SZ,20130712,4.3876,4.4532,4.3407,4.3688,4.3876,-0.018799999999999706,-0.4285,67559.33,31616.2428
002045.SZ,20130711,4.2563,4.4344,4.2375,4.3876,4.275,0.11259999999999959,2.6339,56567.77,26304.3655
002045.SZ,20130710,4.125,4.275,4.1063,4.275,4.1157,0.1593,3.8705,43259.04,19438.7065
002045.SZ,20130709,4.1063,4.2188,4.0782,4.1157,4.1157,0.0,0.0,45313.15,20091.0673
002045.SZ,20130708,4.3782,4.3876,4.0594,4.1157,4.4626,-0.34689999999999976,-7.7735,73745.38,33412.6872
002045.SZ,20130705,4.5844,4.6594,4.4626,4.4626,4.5844,-0.12179999999999946,-2.6568,82847.81,40256.2703
002045.SZ,20130704,4.4344,4.6782,4.3782,4.5844,4.4813,0.10309999999999953,2.3007,119142.42,58041.5186
002045.SZ,20130703,4.5001,4.5282,4.3219,4.4813,4.5376,-0.05630000000000024,-1.2407,89004.31,41956.9636
002045.SZ,20130702,4.4907,4.5563,4.4532,4.5376,4.5376,0.0,0.0,72726.6,34984.5641
002045.SZ,20130701,4.4532,4.5563,4.4063,4.5376,4.4813,0.05630000000000024,1.2563,68434.96,32653.4496
002045.SZ,20130628,4.2094,4.5188,4.2094,4.4813,4.2657,0.21560000000000024,5.0543,111701.8,52805.8351
002045.SZ,20130627,4.3407,4.4813,4.2188,4.2657,4.3969,-0.13119999999999976,-2.9839,89207.53,41546.6654
002045.SZ,20130626,4.0969,4.4157,4.0688,4.3969,4.1532,0.24369999999999958,5.8678,111890.68,51318.4484
002045.SZ,20130625,3.8813,4.2375,3.75,4.1532,3.8907,0.2625000000000002,6.7469,143375.87,60477.5892
002045.SZ,20130624,4.275,4.2844,3.8625,3.8907,4.2844,-0.39369999999999994,-9.1892,83378.9,36106.5061
002045.SZ,20130621,4.2282,4.3969,4.1719,4.2844,4.3407,-0.05630000000000024,-1.297,58556.93,26820.0541
002045.SZ,20130620,4.4344,4.5751,4.3125,4.3407,4.4532,-0.11249999999999982,-2.5263,69898.65,33233.2043
002045.SZ,20130619,4.4251,4.4813,4.3032,4.4532,4.4907,-0.03750000000000053,-0.8351,56827.05,26664.2122
002045.SZ,20130618,4.3969,4.5282,4.3501,4.4907,4.3969,0.09380000000000077,2.1333,56236.42,26658.5942
002045.SZ,20130617,4.4719,4.5188,4.3594,4.3969,4.4626,-0.06570000000000054,-1.4722,60415.67,28595.9848
002045.SZ,20130614,4.3125,4.5282,4.3125,4.4626,4.3782,0.08440000000000047,1.9277,67081.11,31885.5279
002045.SZ,20130613,4.5188,4.5188,4.1344,4.3782,4.5938,-0.21560000000000024,-4.6933,83031.84,38426.4567
002045.SZ,20130607,4.7344,4.7719,4.5188,4.5938,4.7157,-0.12190000000000012,-2.585,107763.35,53028.7439
002045.SZ,20130606,4.8188,4.9219,4.6876,4.7157,4.8469,-0.13119999999999976,-2.7069,116467.63,59262.9763
002045.SZ,20130605,4.8938,5.0251,4.7813,4.8469,4.8657,-0.018800000000000594,-0.3864,132922.06,69603.1582
002045.SZ,20130604,5.0532,5.0813,4.8001,4.8657,5.1094,-0.24369999999999958,-4.7696,151119.83,79605.3426
002045.SZ,20130603,4.9594,5.1469,4.8751,5.1094,4.9501,0.1593,3.2181,233401.08,125331.7068
002045.SZ,20130531,4.7907,5.1469,4.7251,4.9501,4.7907,0.15939999999999976,3.3273,228604.58,120085.9465
002045.SZ,20130530,4.6219,4.8563,4.5938,4.7907,4.6594,0.13130000000000042,2.818,138832.46,69948.4358
002045.SZ,20130529,4.5751,4.7157,4.5376,4.6594,4.5844,0.07500000000000018,1.636,111214.13,55206.7937
002045.SZ,20130528,4.6876,4.7063,4.5001,4.5844,4.6876,-0.10320000000000018,-2.2016,120641.65,58928.426
002045.SZ,20130527,4.7063,4.8282,4.6594,4.6876,4.7438,-0.05620000000000047,-1.1847,161586.86,81547.9976
002045.SZ,20130524,4.7438,4.9032,4.7063,4.7438,4.6313,0.11249999999999982,2.4291,213928.67,109197.5698
002045.SZ,20130523,4.5563,4.6782,4.4719,4.6313,4.5469,0.08440000000000047,1.8562,159063.91,77904.3273
002045.SZ,20130522,4.6667,4.6852,4.473,4.5468,4.6852,-0.13839999999999986,-2.954,186192.24,92366.5509
002045.SZ,20130521,4.6391,4.6852,4.5653,4.6852,4.6759,0.009299999999999642,0.1989,188411.56,94481.5374
002045.SZ,20130520,4.6391,4.7036,4.5561,4.6759,4.6483,0.027600000000000513,0.5938,217786.1,109378.2342
002045.SZ,20130517,4.6391,4.7128,4.5376,4.6483,4.7313,-0.08300000000000018,-1.7543,220401.37,110289.7074
002045.SZ,20130516,4.842,4.8789,4.5653,4.7313,4.8512,-0.11990000000000034,-2.4716,271578.05,139204.2902
002045.SZ,20130515,4.6575,4.9711,4.5284,4.8512,4.6575,0.19370000000000065,4.1589,244076.75,126632.3761
002045.SZ,20130514,4.39,4.9065,4.3532,4.6575,4.4638,0.19369999999999976,4.3394,334260.46,169622.2338
002045.SZ,20130513,4.3347,4.5561,4.2701,4.4638,4.2701,0.19369999999999976,4.5362,243254.05,116224.4378
002045.SZ,20130510,4.3624,4.3716,4.224,4.2701,4.4177,-0.14759999999999973,-3.3411,181199.28,84286.1639
002045.SZ,20130509,4.3624,4.4823,4.2333,4.4177,4.1964,0.22130000000000027,5.2736,297464.44,140426.3437
002045.SZ,20130508,3.8275,4.1964,3.8275,4.1964,3.8182,0.37819999999999965,9.9052,124921.42,56219.8806
002045.SZ,20130507,3.8275,3.8459,3.7813,3.8182,3.8275,-0.009300000000000086,-0.243,19092.39,7874.7539
002045.SZ,20130506,3.8182,3.8459,3.7721,3.8275,3.8182,0.009300000000000086,0.2436,29148.62,12048.444
002045.SZ,20130503,3.7168,3.8459,3.7168,3.8182,3.6983,0.1198999999999999,3.242,35038.94,14429.5784
002045.SZ,20130502,3.726,3.726,3.643,3.6983,3.7352,-0.03689999999999971,-0.9879,29863.98,11922.6368
002045.SZ,20130426,3.7813,3.8828,3.7076,3.7352,3.8643,-0.12910000000000021,-3.3408,46259.91,18896.4278
002045.SZ,20130425,4.0119,4.0119,3.5969,3.8643,3.9566,-0.09229999999999983,-2.3328,130942.41,53802.0506
002045.SZ,20130422,3.9289,4.0211,3.9197,3.9566,3.9935,-0.036900000000000155,-0.924,32349.98,13919.7325
002045.SZ,20130419,3.9658,4.0119,3.9105,3.9935,3.9289,0.06459999999999999,1.6442,47816.1,20550.4112
002045.SZ,20130418,3.9658,4.058,3.892,3.9289,3.975,-0.04610000000000003,-1.1597,69045.6,29697.0257
002045.SZ,20130417,3.8643,4.0027,3.8367,3.975,3.8643,0.11070000000000002,2.8647,44179.29,18794.3407
002045.SZ,20130416,3.7998,3.8736,3.7813,3.8643,3.8643,0.0,0.0,16259.5,6760.3487
002045.SZ,20130415,3.7906,3.8643,3.7076,3.8643,3.7906,0.0737000000000001,1.9443,30837.37,12632.9453
002045.SZ,20130412,3.7629,3.8367,3.7629,3.7906,3.7998,-0.009199999999999875,-0.2421,17509.88,7229.4321
002045.SZ,20130411,3.8551,3.8551,3.7813,3.7998,3.7998,0.0,0.0,20984.33,8672.9675
002045.SZ,20130410,3.8182,3.8643,3.7721,3.7998,3.8459,-0.04610000000000003,-1.1987,20042.98,8298.4288
002045.SZ,20130409,3.7629,3.892,3.7444,3.8459,3.7629,0.08299999999999974,2.2057,49037.7,20276.4035
002045.SZ,20130408,3.6799,3.7906,3.6061,3.7629,3.7352,0.02770000000000028,0.7416,32061.1,12851.6207
002045.SZ,20130403,3.8551,3.9012,3.6983,3.7352,3.8736,-0.1384000000000003,-3.5729,71586.14,29171.272
002045.SZ,20130402,3.975,3.9935,3.8643,3.8736,4.0027,-0.12909999999999977,-3.2253,69283.73,29435.7947
002045.SZ,20130401,3.9473,4.0027,3.8828,4.0027,3.9658,0.03689999999999971,0.9305,50258.53,21467.1578
002045.SZ,20130329,3.9197,4.0027,3.9197,3.9658,3.9381,0.02770000000000028,0.7034,47356.4,20259.107
002045.SZ,20130328,4.0488,4.0488,3.892,3.9381,4.0765,-0.1384000000000003,-3.3951,74564.72,31985.1796
002045.SZ,20130327,4.1134,4.2425,4.058,4.0765,4.1134,-0.036900000000000155,-0.8971,79854.69,35894.1503
002045.SZ,20130326,4.141,4.141,4.0211,4.1134,4.1687,-0.055299999999999905,-1.3266,62057.77,27486.5083
002045.SZ,20130325,4.141,4.2425,4.1226,4.1687,4.1595,0.009199999999999875,0.2212,76135.03,34440.191
002045.SZ,20130322,4.0396,4.224,3.9658,4.1595,4.0488,0.11070000000000046,2.7341,126943.12,56644.8662
002045.SZ,20130321,3.9197,4.0949,3.9105,4.0488,3.9381,0.11070000000000002,2.811,142427.89,62111.5051
002045.SZ,20130320,3.9012,3.9473,3.8459,3.9381,3.8551,0.08299999999999974,2.153,81207.16,34261.4375
002045.SZ,20130319,3.7998,3.9105,3.7444,3.8551,3.7813,0.07380000000000031,1.9517,51240.9,21268.1747
002045.SZ,20130318,4.0119,4.0396,3.7813,3.7813,3.9935,-0.21220000000000017,-5.3136,102234.82,42960.9039
002045.SZ,20130315,3.9935,4.1041,3.892,3.9935,4.0211,-0.027599999999999625,-0.6864,96190.5,41734.0216
002045.SZ,20130314,4.0304,4.1595,3.975,4.0211,4.0396,-0.018500000000000405,-0.458,127694.39,56219.0252
002045.SZ,20130313,3.7906,4.0949,3.7168,4.0396,3.7998,0.23980000000000024,6.3109,155050.22,66000.0265
002045.SZ,20130312,3.8736,4.141,3.6707,3.7998,3.9381,-0.1383000000000001,-3.5118,204146.36,86732.2436
002045.SZ,20130311,3.9105,3.9473,3.809,3.9381,3.9197,0.01839999999999975,0.4694,104253.72,44013.6603
002045.SZ,20130308,3.7998,4.058,3.7444,3.9197,3.7813,0.1384000000000003,3.6601,228876.22,98180.2495
002045.SZ,20130307,3.7168,3.9473,3.6799,3.7813,3.7352,0.04610000000000003,1.2342,163298.23,67844.5705
002045.SZ,20130306,3.5692,3.8275,3.5231,3.7352,3.56,0.1751999999999998,4.9213,197986.37,80280.6128
002045.SZ,20130305,3.4493,3.5692,3.4493,3.56,3.4678,0.09220000000000006,2.6587,40989.57,15680.2185
002045.SZ,20130304,3.5508,3.56,3.4493,3.4678,3.5877,-0.1198999999999999,-3.342,59209.88,22461.0647
002045.SZ,20130301,3.5047,3.6061,3.4862,3.5877,3.5047,0.08299999999999974,2.3682,78528.63,30400.3721
002045.SZ,20130228,3.4217,3.5139,3.4124,3.5047,3.4493,0.055400000000000116,1.6061,52819.29,19921.4114
002045.SZ,20130227,3.4217,3.4678,3.3663,3.4493,3.4309,0.018400000000000194,0.5363,64938.39,24174.7013
002045.SZ,20130226,3.5047,3.5323,3.4217,3.4309,3.5231,-0.09220000000000006,-2.617,71467.43,26973.2149
002045.SZ,20130225,3.5231,3.5508,3.4954,3.5231,3.5139,0.009199999999999875,0.2618,74705.65,28531.7002
002045.SZ,20130222,3.56,3.6246,3.5047,3.5139,3.5969,-0.08300000000000018,-2.3075,84519.82,32577.9571
002045.SZ,20130221,3.6891,3.7444,3.5508,3.5969,3.7721,-0.1751999999999998,-4.6446,175205.33,69100.5472
002045.SZ,20130220,3.4954,3.8551,3.4678,3.7721,3.5047,0.26739999999999986,7.6298,307152.07,123335.1678
002045.SZ,20130219,3.477,3.5415,3.4124,3.5047,3.4678,0.036900000000000155,1.0641,91601.17,34546.918
002045.SZ,20130218,3.4309,3.5139,3.4309,3.4678,3.4493,0.01849999999999996,0.5363,61628.06,23178.6476
002045.SZ,20130208,3.3848,3.4585,3.3755,3.4493,3.394,0.055299999999999905,1.6293,50939.26,18871.2832
002045.SZ,20130207,3.3202,3.4124,3.311,3.394,3.3386,0.055400000000000116,1.6594,55260.76,20193.7561
002045.SZ,20130206,3.3479,3.3571,3.3202,3.3386,3.3386,0.0,0.0,26821.46,9710.46
002045.SZ,20130205,3.2649,3.3479,3.2649,3.3386,3.2925,0.04610000000000003,1.4002,36895.85,13234.8719
002045.SZ,20130204,3.3294,3.3571,3.2925,3.2925,3.3386,-0.04610000000000003,-1.3808,42692.33,15336.2835
002045.SZ,20130201,3.3202,3.3571,3.3018,3.3386,3.3294,0.009199999999999875,0.2763,37174.53,13405.6648
002045.SZ,20130131,3.3663,3.3755,3.3202,3.3294,3.3755,-0.04610000000000003,-1.3657,34925.83,12625.6286
002045.SZ,20130130,3.3848,3.394,3.3294,3.3755,3.3848,-0.009299999999999642,-0.2748,39534.77,14389.4324
002045.SZ,20130129,3.3571,3.4124,3.3202,3.3848,3.3479,0.03689999999999971,1.1022,63028.0,22949.9194
002045.SZ,20130128,3.2556,3.3479,3.2556,3.3479,3.2649,0.08300000000000018,2.5422,38098.27,13694.1201
002045.SZ,20130125,3.2925,3.3386,3.228,3.2649,3.3018,-0.036900000000000155,-1.1176,40239.12,14293.7258
002045.SZ,20130124,3.394,3.4585,3.2741,3.3018,3.394,-0.09220000000000006,-2.7166,61009.44,22212.9797
002045.SZ,20130123,3.3848,3.4401,3.3479,3.394,3.4032,-0.009199999999999875,-0.2703,39577.41,14550.7257
002045.SZ,20130122,3.5047,3.5139,3.3755,3.4032,3.4954,-0.09220000000000006,-2.6378,54839.7,20485.6182
002045.SZ,20130121,3.4678,3.5415,3.4585,3.4954,3.477,0.018400000000000194,0.5292,64979.1,24664.0526
002045.SZ,20130118,3.4678,3.5047,3.4309,3.477,3.4862,-0.009200000000000319,-0.2639,65088.38,24468.9367
002045.SZ,20130117,3.4124,3.5508,3.3663,3.4862,3.394,0.09220000000000006,2.7166,117518.75,44033.0223
002045.SZ,20130116,3.4309,3.4401,3.3386,3.394,3.4217,-0.027699999999999836,-0.8095,72000.37,26454.144
002045.SZ,20130115,3.3755,3.4862,3.3479,3.4217,3.3571,0.06459999999999999,1.9243,84691.27,31447.1437
002045.SZ,20130114,3.2741,3.3663,3.2556,3.3571,3.2741,0.08300000000000018,2.535,61643.11,22204.7719
002045.SZ,20130111,3.4124,3.4309,3.2649,3.2741,3.4124,-0.1383000000000001,-4.0529,67862.35,24645.6316
002045.SZ,20130110,3.4401,3.4585,3.3663,3.4124,3.4401,-0.02770000000000028,-0.8052,73950.99,27353.0162
002045.SZ,20130109,3.3479,3.477,3.311,3.4401,3.3479,0.09220000000000006,2.754,122836.17,45260.5937
002045.SZ,20130108,3.3386,3.3848,3.2833,3.3479,3.3386,0.009300000000000086,0.2786,71427.95,25760.9976
002045.SZ,20130107,3.3202,3.3479,3.2741,3.3386,3.3294,0.009199999999999875,0.2763,53779.14,19318.7042
002045.SZ,20130104,3.3386,3.3663,3.2925,3.3294,3.3202,0.009200000000000319,0.2771,57520.48,20737.5767
002045.SZ,20121231,3.3202,3.3386,3.2649,3.3202,3.3386,-0.018400000000000194,-0.5511,71865.12,25788.3738
002045.SZ,20121228,3.3571,3.4217,3.2833,3.3386,3.4217,-0.08309999999999995,-2.4286,148319.94,53705.2933
002045.SZ,20121227,3.1911,3.4862,3.1634,3.4217,3.2003,0.22140000000000004,6.9181,308101.61,112533.9322
002045.SZ,20121226,3.145,3.2095,3.1265,3.2003,3.145,0.055299999999999905,1.7583,83092.26,28552.8414
002045.SZ,20121225,3.0896,3.1542,3.0251,3.145,3.0989,0.04610000000000003,1.4876,107944.4,36331.4207
002045.SZ,20121224,3.0896,3.1173,3.0712,3.0989,3.0989,0.0,0.0,27681.0,9301.9198
002045.SZ,20121221,3.1265,3.1542,3.0804,3.0989,3.1173,-0.018400000000000194,-0.5903,38132.66,12875.3589
002045.SZ,20121220,3.1265,3.1542,3.0804,3.1173,3.1173,0.0,0.0,45865.17,15501.5436
002045.SZ,20121219,3.1265,3.1542,3.0989,3.1173,3.1357,-0.01839999999999975,-0.5868,36252.25,12302.0076
002045.SZ,20121218,3.1726,3.1911,3.1173,3.1357,3.1911,-0.055400000000000116,-1.7361,54222.86,18560.9392
002045.SZ,20121217,3.145,3.2003,3.1173,3.1911,3.145,0.04610000000000003,1.4658,78815.72,26901.8033
002045.SZ,20121214,3.0251,3.1819,3.0158,3.145,3.0343,0.11070000000000002,3.6483,101432.4,34213.6189
002045.SZ,20121213,3.0158,3.1173,2.9882,3.0343,3.0251,0.009199999999999875,0.3041,67314.93,22300.1654
002045.SZ,20121212,3.0343,3.062,2.9882,3.0251,3.0343,-0.009199999999999875,-0.3032,39907.95,13085.3071
002045.SZ,20121211,3.0251,3.0989,3.0251,3.0343,3.062,-0.027699999999999836,-0.9046,60878.03,20146.0977
002045.SZ,20121210,3.0435,3.0712,2.9974,3.062,3.0066,0.05539999999999967,1.8426,41805.31,13744.515
002045.SZ,20121207,2.9513,3.0158,2.9144,3.0066,2.9328,0.07380000000000031,2.5164,40040.35,12949.2166
002045.SZ,20121206,2.9605,2.979,2.9144,2.9328,2.9513,-0.01849999999999996,-0.6268,27718.12,8827.4765
002045.SZ,20121205,2.8498,2.9974,2.8406,2.9513,2.8406,0.11070000000000002,3.8971,60911.36,19311.9657
002045.SZ,20121204,2.7761,2.8498,2.7576,2.8406,2.7761,0.06449999999999978,2.3234,28739.89,8711.545
002045.SZ,20121203,2.8775,2.8867,2.7668,2.7761,2.8775,-0.10139999999999993,-3.5239,33116.56,10125.4762
002045.SZ,20121130,2.8314,2.8867,2.8222,2.8775,2.8314,0.04610000000000003,1.6282,25497.51,7909.8633
002045.SZ,20121129,2.8683,2.8775,2.8129,2.8314,2.8498,-0.018400000000000194,-0.6457,21535.86,6666.8046
002045.SZ,20121128,2.9052,2.9236,2.8406,2.8498,2.9328,-0.08299999999999974,-2.8301,30452.51,9472.0523
002045.SZ,20121127,3.1173,3.1173,2.9236,2.9328,3.1081,-0.1753,-5.6401,57022.08,18399.2004
002045.SZ,20121126,3.1726,3.1819,3.0989,3.1081,3.1726,-0.06450000000000022,-2.033,14714.0,4999.467
002045.SZ,20121123,3.2003,3.2003,3.145,3.1726,3.1726,0.0,0.0,13086.98,4507.9601
002045.SZ,20121122,3.1911,3.2003,3.1542,3.1726,3.2003,-0.027699999999999836,-0.8655,15219.62,5238.7798
002045.SZ,20121121,3.145,3.2095,3.1265,3.2003,3.1357,0.06459999999999999,2.0601,26301.44,9042.6485
002045.SZ,20121120,3.2095,3.2095,3.1265,3.1357,3.1726,-0.036900000000000155,-1.1631,23394.1,8016.015
002045.SZ,20121119,3.0896,3.1911,3.062,3.1726,3.0896,0.08300000000000018,2.6864,44309.0,15024.6036
002045.SZ,20121116,3.0804,3.0989,3.0435,3.0896,3.0804,0.009199999999999875,0.2987,29009.18,9649.8139
002045.SZ,20121115,3.1265,3.145,3.0804,3.0804,3.1357,-0.055299999999999905,-1.7636,25241.81,8511.0913
002045.SZ,20121114,3.145,3.1542,3.0896,3.1357,3.145,-0.009300000000000086,-0.2957,31410.05,10630.6494
002045.SZ,20121113,3.228,3.2372,3.145,3.145,3.2095,-0.06449999999999978,-2.0097,35652.18,12304.0997
002045.SZ,20121112,3.2556,3.2925,3.1819,3.2095,3.228,-0.018500000000000405,-0.5731,69547.45,24253.5597
002045.SZ,20121109,3.2372,3.2741,3.2095,3.228,3.2372,-0.009199999999999875,-0.2842,31841.49,11201.5466
002045.SZ,20121108,3.311,3.3294,3.2372,3.2372,3.3571,-0.1198999999999999,-3.5715,37151.28,13259.8305
002045.SZ,20121107,3.311,3.3755,3.2741,3.3571,3.3018,0.055299999999999905,1.6748,84565.28,30466.3827
002045.SZ,20121106,3.3386,3.3571,3.2464,3.3018,3.3479,-0.04610000000000003,-1.377,48934.27,17437.5203
002045.SZ,20121105,3.3479,3.4032,3.3202,3.3479,3.3294,0.01849999999999996,0.5557,49062.05,17841.1139
002045.SZ,20121102,3.3202,3.3571,3.3018,3.3294,3.311,0.018400000000000194,0.5557,46918.55,16919.6066
002045.SZ,20121101,3.2649,3.3386,3.2464,3.311,3.2464,0.06459999999999999,1.9899,43227.17,15487.9396
002045.SZ,20121031,3.2372,3.2741,3.2188,3.2464,3.228,0.01839999999999975,0.57,38797.09,13634.6495
002045.SZ,20121030,3.3018,3.3479,3.2188,3.228,3.2925,-0.06449999999999978,-1.959,39838.65,14144.1397
002045.SZ,20121029,3.2649,3.3571,3.2556,3.2925,3.2833,0.009199999999999875,0.2802,35823.07,12834.112
002045.SZ,20121026,3.3755,3.4309,3.2649,3.2833,3.394,-0.11070000000000002,-3.2616,59479.59,21542.5678
002045.SZ,20121025,3.4862,3.5415,3.3755,3.394,3.5047,-0.11070000000000002,-3.1586,93525.16,35082.716
002045.SZ,20121024,3.4124,3.5415,3.3755,3.5047,3.4678,0.036900000000000155,1.0641,118095.38,44098.9302
002045.SZ,20121023,3.3848,3.6522,3.3755,3.4678,3.4032,0.06459999999999999,1.8982,202393.82,76844.2541
002045.SZ,20121022,3.3848,3.4309,3.3479,3.4032,3.4032,0.0,0.0,53394.11,19619.5747
002045.SZ,20121019,3.3479,3.4678,3.3294,3.4032,3.3571,0.04610000000000003,1.3732,84233.08,30973.5038
002045.SZ,20121018,3.2741,3.4493,3.2556,3.3571,3.2741,0.08300000000000018,2.535,77977.62,28526.8396
002045.SZ,20121017,3.2464,3.311,3.1819,3.2741,3.2372,0.03689999999999971,1.1399,45729.89,16092.2014
002045.SZ,20121016,3.2833,3.2925,3.2095,3.2372,3.2556,-0.01839999999999975,-0.5652,31987.19,11297.3447
002045.SZ,20121015,3.3294,3.3479,3.2003,3.2556,3.3294,-0.07380000000000031,-2.2166,44216.52,15615.4205
002045.SZ,20121012,3.3386,3.4124,3.311,3.3294,3.311,0.018400000000000194,0.5557,55575.1,20193.227
002045.SZ,20121011,3.3663,3.3848,3.3018,3.311,3.3755,-0.06450000000000022,-1.9108,38739.04,14024.3364
002045.SZ,20121010,3.2833,3.4217,3.2741,3.3755,3.3018,0.0737000000000001,2.2321,77107.28,28093.3134
002045.SZ,20121009,3.1819,3.311,3.1819,3.3018,3.1819,0.1198999999999999,3.7682,72577.83,25751.8355
002045.SZ,20121008,3.2095,3.228,3.1357,3.1819,3.2003,-0.01839999999999975,-0.5749,29054.39,10021.2861
002045.SZ,20120928,3.1634,3.2095,3.1357,3.2003,3.1726,0.027699999999999836,0.8731,35553.62,12262.4376
002045.SZ,20120927,3.0989,3.2464,3.0712,3.1726,3.1357,0.036900000000000155,1.1768,76309.85,26033.4867
002045.SZ,20120926,3.1173,3.1911,3.0435,3.1357,3.3386,-0.20290000000000008,-6.0774,130217.62,44274.5576
002045.SZ,20120925,3.3848,3.5784,3.3386,3.3386,3.2556,0.08300000000000018,2.5495,172133.4,65388.6301
002045.SZ,20120924,3.2833,3.3294,3.2188,3.2556,3.3018,-0.04620000000000024,-1.3992,29773.3,10567.5348
002045.SZ,20120921,3.3018,3.3755,3.2741,3.3018,3.2925,0.009300000000000086,0.2825,47227.86,17032.9007
002045.SZ,20120920,3.4585,3.4585,3.2925,3.2925,3.4954,-0.20290000000000008,-5.8048,58288.5,21260.6801
002045.SZ,20120919,3.4217,3.5323,3.3848,3.4954,3.4309,0.06450000000000022,1.88,80402.31,30061.5139
002045.SZ,20120918,3.4217,3.4401,3.394,3.4309,3.4309,0.0,0.0,21891.25,8103.8713
002045.SZ,20120917,3.4862,3.5047,3.4309,3.4309,3.5047,-0.07380000000000031,-2.1057,50635.9,19049.5345
002045.SZ,20120914,3.4678,3.5231,3.4032,3.5047,3.4401,0.06459999999999999,1.8779,55051.27,20696.8187
002045.SZ,20120913,3.5323,3.5508,3.4401,3.4401,3.5139,-0.07379999999999987,-2.1002,47661.11,18126.3419
002045.SZ,20120912,3.5139,3.5415,3.4585,3.5139,3.5139,0.0,0.0,58043.56,22003.5229
002045.SZ,20120911,3.4954,3.5877,3.4862,3.5139,3.5139,0.0,0.0,128722.53,49243.8468
002045.SZ,20120910,3.4493,3.5139,3.3848,3.5139,3.4309,0.08300000000000018,2.4192,112878.82,42343.2957
002045.SZ,20120907,3.3294,3.477,3.311,3.4309,3.311,0.1198999999999999,3.6213,97110.24,35887.3025
002045.SZ,20120906,3.2833,3.3294,3.2464,3.311,3.2649,0.04610000000000003,1.412,39713.39,14156.1646
002045.SZ,20120905,3.1911,3.2925,3.1911,3.2649,3.2003,0.06459999999999999,2.0186,40616.32,14349.2359
002045.SZ,20120904,3.2464,3.2833,3.2003,3.2003,3.2464,-0.04610000000000003,-1.42,35109.76,12309.6546
002045.SZ,20120903,3.2003,3.2741,3.2003,3.2464,3.2003,0.04610000000000003,1.4405,51271.51,18006.9051
002045.SZ,20120831,3.2003,3.2372,3.1819,3.2003,3.2003,0.0,0.0,33410.21,11629.6738
002045.SZ,20120830,3.3018,3.3294,3.1726,3.2003,3.3294,-0.12910000000000021,-3.8776,58131.43,20447.7914
002045.SZ,20120829,3.3386,3.3755,3.311,3.3294,3.4032,-0.07379999999999987,-2.1685,94178.56,34112.7392
002045.SZ,20120828,3.3202,3.4217,3.228,3.4032,3.4954,-0.09220000000000006,-2.6378,161173.79,57857.6509
002045.SZ,20120827,3.6061,3.6614,3.4862,3.4954,3.6522,-0.15680000000000005,-4.2933,58982.75,22824.8699
002045.SZ,20120824,3.7721,3.8182,3.643,3.6522,3.809,-0.15680000000000005,-4.1166,67353.12,27194.0419
002045.SZ,20120823,3.6891,3.8367,3.6522,3.809,3.6707,0.1383000000000001,3.7677,87114.8,35490.3338
002045.SZ,20120822,3.7352,3.7352,3.6614,3.6707,3.7444,-0.0737000000000001,-1.9683,38497.73,15445.7124
002045.SZ,20120821,3.6246,3.7721,3.6246,3.7444,3.643,0.10140000000000038,2.7834,55653.66,22443.5179
002045.SZ,20120820,3.6246,3.6614,3.5692,3.643,3.643,0.0,0.0,26342.75,10299.9327
002045.SZ,20120817,3.6338,3.6799,3.5969,3.643,3.6522,-0.009200000000000319,-0.2519,33459.55,13175.8805
002045.SZ,20120816,3.6799,3.7076,3.6338,3.6522,3.7076,-0.05539999999999967,-1.4942,40776.13,16230.9736
002045.SZ,20120815,3.7813,3.7998,3.6891,3.7076,3.7813,-0.0737000000000001,-1.9491,48212.59,19570.1826
002045.SZ,20120814,3.6983,3.8275,3.643,3.7813,3.7444,0.03689999999999971,0.9855,76428.6,30871.9019
002045.SZ,20120813,3.8182,3.9012,3.7352,3.7444,3.8275,-0.08309999999999995,-2.1711,93445.65,38592.1951
002045.SZ,20120810,3.7721,3.8367,3.7352,3.8275,3.7998,0.02770000000000028,0.729,94896.96,38962.3787
002045.SZ,20120809,3.6522,3.8367,3.5692,3.7998,3.6799,0.1198999999999999,3.2582,147783.79,59303.1173
002045.SZ,20120808,3.7352,3.7444,3.6707,3.6799,3.7629,-0.08300000000000018,-2.2057,58692.87,23560.8758
002045.SZ,20120807,3.6522,3.809,3.5969,3.7629,3.726,0.036900000000000155,0.9903,110366.57,44162.7602
002045.SZ,20120806,3.6338,3.726,3.6246,3.726,3.643,0.08300000000000018,2.2783,28262.21,11262.0236
002045.SZ,20120803,3.5969,3.643,3.5323,3.643,3.5508,0.09219999999999962,2.5966,18109.96,7067.0011
002045.SZ,20120802,3.6061,3.6246,3.5323,3.5508,3.5969,-0.04610000000000003,-1.2817,15223.05,5887.9123
002045.SZ,20120801,3.5231,3.643,3.5047,3.5969,3.5508,0.04610000000000003,1.2983,15191.09,5915.909
002045.SZ,20120731,3.6799,3.6799,3.4862,3.5508,3.5969,-0.04610000000000003,-1.2817,13769.47,5322.4756
002045.SZ,20120730,3.6983,3.7352,3.5784,3.5969,3.6983,-0.10139999999999993,-2.7418,16096.89,6349.2102
002045.SZ,20120727,3.726,3.7352,3.6799,3.6983,3.6983,0.0,0.0,9005.72,3620.2738
002045.SZ,20120726,3.7352,3.7629,3.6983,3.6983,3.7352,-0.03689999999999971,-0.9879,15447.38,6251.0757
002045.SZ,20120725,3.7813,3.7906,3.726,3.7352,3.7906,-0.055400000000000116,-1.4615,11124.84,4532.9348
002045.SZ,20120724,3.6983,3.809,3.6707,3.7906,3.726,0.06459999999999999,1.7338,27548.84,11226.2998
002045.SZ,20120723,3.7352,3.7352,3.6614,3.726,3.7537,-0.027699999999999836,-0.7379,16640.16,6679.1343
002045.SZ,20120720,3.7537,3.7721,3.726,3.7537,3.7629,-0.009200000000000319,-0.2445,21358.88,8676.8826
002045.SZ,20120719,3.7076,3.8182,3.6707,3.7629,3.7168,0.04610000000000003,1.2403,42177.38,17178.8624
002045.SZ,20120718,3.6614,3.726,3.6153,3.7168,3.6614,0.055400000000000116,1.5131,22735.93,9007.0577
002045.SZ,20120717,3.5877,3.6614,3.5784,3.6614,3.6061,0.055299999999999905,1.5335,28614.33,11244.8469
002045.SZ,20120716,3.8459,3.8459,3.6061,3.6061,3.8275,-0.22140000000000004,-5.7845,26364.63,10514.0422
002045.SZ,20120713,3.8459,3.8828,3.809,3.8275,3.8643,-0.036799999999999944,-0.9523,23148.59,9635.2164
002045.SZ,20120712,3.8367,3.9105,3.7813,3.8643,3.8367,0.02760000000000007,0.7194,40517.95,16880.6811
002045.SZ,20120711,3.7998,3.8367,3.7721,3.8367,3.809,0.027699999999999836,0.7272,19493.41,8063.8436
002045.SZ,20120710,3.8182,3.8459,3.7629,3.809,3.8182,-0.009199999999999875,-0.241,23895.37,9852.0766
002045.SZ,20120709,4.0119,4.0119,3.7998,3.8182,4.0949,-0.27669999999999995,-6.7572,51837.34,21906.9394
002045.SZ,20120706,4.0488,4.1134,3.9566,4.0949,4.0304,0.06449999999999978,1.6003,77568.45,33752.5659
002045.SZ,20120705,4.1964,4.1964,4.0211,4.0304,4.1964,-0.16599999999999948,-3.9558,67224.55,29684.9937
002045.SZ,20120704,4.224,4.2333,4.1779,4.1964,4.2333,-0.036900000000000155,-0.8717,29428.02,13423.6041
002045.SZ,20120703,4.2056,4.2609,4.1595,4.2333,4.2056,0.02770000000000028,0.6586,41817.08,19109.6966
002045.SZ,20120702,4.2148,4.2609,4.1871,4.2056,4.2056,0.0,0.0,27571.54,12623.6985
002045.SZ,20120629,4.1503,4.2148,4.141,4.2056,4.2056,0.0,0.0,55303.66,25081.7644
002045.SZ,20120628,4.3532,4.3716,4.2056,4.2056,4.3255,-0.11990000000000034,-2.7719,31356.97,14548.5436
002045.SZ,20120627,4.4177,4.4546,4.3255,4.3255,4.4085,-0.08300000000000018,-1.8827,32219.33,15399.6298
002045.SZ,20120626,4.3808,4.4362,4.3716,4.4085,4.4177,-0.009199999999999875,-0.2083,22850.93,10916.4466
002045.SZ,20120625,4.4823,4.5007,4.3993,4.4177,4.5007,-0.08300000000000018,-1.8442,22230.09,10692.6164
002045.SZ,20120621,4.6206,4.6575,4.4915,4.5007,4.6206,-0.11989999999999945,-2.5949,57693.45,28365.8017
002045.SZ,20120620,4.6483,4.6759,4.6114,4.6206,4.6298,-0.009200000000000763,-0.1987,19138.59,9615.0717
002045.SZ,20120619,4.6759,4.6852,4.6206,4.6298,4.6759,-0.04610000000000003,-0.9859,16590.53,8361.1987
002045.SZ,20120618,4.6485,4.703,4.6394,4.6757,4.6485,0.02719999999999967,0.5851,25587.96,13169.6314
002045.SZ,20120615,4.6757,4.6757,4.5668,4.6485,4.6303,0.018200000000000216,0.3931,33867.85,17185.993
002045.SZ,20120614,4.6213,4.6848,4.6122,4.6303,4.6122,0.01810000000000045,0.3924,41832.27,21391.5059
002045.SZ,20120613,4.5486,4.6213,4.5396,4.6122,4.5396,0.07259999999999955,1.5993,20106.86,10160.1301
002045.SZ,20120612,4.5668,4.594,4.5305,4.5396,4.594,-0.054400000000000226,-1.1842,17972.61,9010.706
002045.SZ,20120611,4.5759,4.6031,4.4851,4.594,4.5396,0.054400000000000226,1.1983,25176.69,12633.848
002045.SZ,20120608,4.6576,4.6667,4.5305,4.5396,4.6122,-0.07259999999999955,-1.5741,25783.77,13043.1138
002045.SZ,20120607,4.7121,4.7211,4.594,4.6122,4.6667,-0.05449999999999999,-1.1678,22314.68,11451.9616
002045.SZ,20120606,4.6757,4.7211,4.6303,4.6667,4.6667,0.0,0.0,19440.56,9995.6875
002045.SZ,20120605,4.6757,4.7302,4.6576,4.6667,4.6757,-0.009000000000000341,-0.1925,19749.56,10182.0213
002045.SZ,20120604,4.7665,4.7938,4.6667,4.6757,4.8755,-0.19979999999999976,-4.098,42197.76,21990.4135
002045.SZ,20120531,4.821,4.9118,4.8119,4.8755,4.8755,0.0,0.0,49335.86,26421.8046
002045.SZ,20120530,4.9118,4.93,4.8482,4.8755,4.9027,-0.027200000000000557,-0.5548,39907.73,21446.7915
002045.SZ,20120529,4.8301,4.939,4.8119,4.9027,4.8301,0.07260000000000044,1.5031,43590.47,23454.555
002045.SZ,20120528,4.7847,4.8301,4.6939,4.8301,4.7938,0.03629999999999978,0.7572,23915.63,12533.5653
002045.SZ,20120525,4.9027,4.9027,4.7756,4.7938,4.8664,-0.07259999999999955,-1.4919,29787.61,15819.4029
002045.SZ,20120524,4.9572,4.9844,4.8392,4.8664,4.9935,-0.12710000000000043,-2.5453,51982.97,28048.3384
002045.SZ,20120523,4.9027,5.0117,4.8846,4.9935,4.9118,0.08169999999999966,1.6633,54110.33,29531.7586
002045.SZ,20120522,4.8936,4.9118,4.8573,4.9118,4.8573,0.05449999999999999,1.122,22975.72,12362.8331
002045.SZ,20120521,4.8392,4.9118,4.7756,4.8573,4.8664,-0.00909999999999922,-0.187,22265.75,11863.1477
002045.SZ,20120518,4.8482,4.9754,4.8482,4.8664,4.8846,-0.018200000000000216,-0.3726,45345.3,24599.596
002045.SZ,20120517,4.8028,4.8936,4.8028,4.8846,4.7938,0.09079999999999977,1.8941,24440.27,13083.3589
002045.SZ,20120516,4.8301,4.8573,4.7847,4.7938,4.8301,-0.03629999999999978,-0.7515,23468.47,12434.6298
002045.SZ,20120515,4.7756,4.8301,4.7484,4.8301,4.821,0.009100000000000108,0.1888,27081.14,14261.6001
002045.SZ,20120514,4.9027,4.93,4.8119,4.821,4.9027,-0.08170000000000055,-1.6664,37870.88,20292.4776
002045.SZ,20120510,4.8664,4.9209,4.8573,4.9027,4.8846,0.01810000000000045,0.3706,29118.44,15696.0513
002045.SZ,20120509,4.9572,4.9754,4.8573,4.8846,5.0117,-0.12710000000000043,-2.5361,56709.08,30667.8818
002045.SZ,20120508,5.0298,5.0752,4.9663,5.0117,5.048,-0.03629999999999978,-0.7191,46029.71,25433.3604
002045.SZ,20120507,4.9935,5.0571,4.9481,5.048,5.0298,0.018200000000000216,0.3618,42086.91,23113.7263
002045.SZ,20120504,4.9209,5.0571,4.9209,5.0298,4.939,0.09079999999999977,1.8384,51173.7,28154.1133
002045.SZ,20120503,4.8846,4.9572,4.8846,4.939,4.9118,0.02719999999999967,0.5538,37547.13,20369.6718
002045.SZ,20120502,4.9027,4.9481,4.8664,4.9118,4.8482,0.0636000000000001,1.3118,48446.64,26215.1573
002045.SZ,20120427,4.8846,4.8936,4.8119,4.8482,4.8846,-0.036399999999999544,-0.7452,41140.2,21999.6755
002045.SZ,20120426,4.8846,4.9572,4.821,4.8846,4.8755,0.009100000000000108,0.1866,65513.48,35323.2174
002045.SZ,20120425,4.8028,4.8846,4.7484,4.8755,4.8482,0.027299999999999436,0.5631,94720.03,50092.2156
002045.SZ,20120424,4.9935,5.0026,4.703,4.8482,5.1025,-0.25429999999999975,-4.9838,121345.26,64555.2695
002045.SZ,20120423,5.2023,5.2386,5.0843,5.1025,5.1751,-0.07259999999999955,-1.4029,68767.23,38996.5806
002045.SZ,20120420,5.1479,5.1932,5.0843,5.1751,5.1388,0.03629999999999978,0.7064,88700.97,50255.9343
002045.SZ,20120419,5.1569,5.2477,5.1206,5.1388,5.1751,-0.03629999999999978,-0.7014,70009.93,39895.4683
002045.SZ,20120418,5.0661,5.2023,5.0207,5.1751,5.0298,0.14529999999999976,2.8888,117313.55,66174.9455
002045.SZ,20120417,5.0843,5.166,5.0298,5.0298,5.1115,-0.08170000000000055,-1.5984,51010.49,28515.5363
002045.SZ,20120416,5.0389,5.2023,5.0117,5.1115,5.0752,0.036300000000000665,0.7152,61409.48,34500.9372
002045.SZ,20120413,5.0389,5.1206,5.0117,5.0752,5.0298,0.045399999999999885,0.9026,55011.83,30716.9803
002045.SZ,20120412,4.9027,5.048,4.8664,5.0298,4.8936,0.13619999999999965,2.7832,64855.99,35572.4674
002045.SZ,20120411,4.8119,4.8936,4.7756,4.8936,4.8755,0.01810000000000045,0.3712,47656.93,25450.7724
002045.SZ,20120410,4.8392,4.8755,4.6848,4.8755,4.8573,0.018199999999999328,0.3747,42720.37,22467.8879
002045.SZ,20120409,4.8846,4.9209,4.8301,4.8573,4.8846,-0.027299999999999436,-0.5589,25075.42,13437.9508
002045.SZ,20120406,4.8755,4.9118,4.821,4.8846,4.8664,0.018200000000000216,0.374,36832.81,19750.398
002045.SZ,20120405,4.6939,4.8846,4.6939,4.8664,4.7211,0.14529999999999976,3.0777,54295.04,28804.8805
002045.SZ,20120330,4.7302,4.7847,4.6303,4.7211,4.7302,-0.009100000000000108,-0.1924,29229.74,15149.6528
002045.SZ,20120329,4.8028,4.8664,4.6939,4.7302,4.8482,-0.11800000000000033,-2.4339,38981.05,20437.027
002045.SZ,20120328,5.1206,5.1206,4.8028,4.8482,5.1297,-0.2814999999999994,-5.4877,66298.78,35818.9338
002045.SZ,20120327,5.166,5.2114,5.0843,5.1297,5.1297,0.0,0.0,25249.03,14335.383
002045.SZ,20120326,5.2023,5.2205,5.0843,5.1297,5.2023,-0.07260000000000044,-1.3955,29408.2,16705.4415
002045.SZ,20120323,5.2931,5.3567,5.1569,5.2023,5.3567,-0.15439999999999987,-2.8824,49802.43,28854.7551
002045.SZ,20120322,5.3113,5.4384,5.2386,5.3567,5.3113,0.045399999999999885,0.8548,63232.23,37263.9111
002045.SZ,20120321,5.3567,5.4021,5.1932,5.3113,5.3022,0.009100000000000108,0.1716,54015.85,31510.6766
002045.SZ,20120320,5.4475,5.4475,5.284,5.3022,5.4838,-0.18159999999999954,-3.3116,57238.85,33809.017
002045.SZ,20120319,5.3658,5.5019,5.3294,5.4838,5.3658,0.11799999999999944,2.1991,71044.25,42422.7035
002045.SZ,20120316,5.275,5.393,5.2386,5.3658,5.2386,0.1272000000000002,2.4281,99392.6,58086.2117
002045.SZ,20120315,5.4384,5.4747,5.1751,5.2386,5.4565,-0.2179000000000002,-3.9934,113558.72,66156.0676
002045.SZ,20120314,5.8469,5.9014,5.4021,5.4565,5.8106,-0.35409999999999986,-6.094,128457.33,80626.117
002045.SZ,20120313,5.7834,5.8288,5.7017,5.8106,5.7834,0.02719999999999967,0.4703,96419.37,61239.0699
002045.SZ,20120312,5.7925,5.8651,5.7017,5.7834,5.8106,-0.02719999999999967,-0.4681,86950.78,55211.174
002045.SZ,20120309,5.62,5.8288,5.5837,5.8106,5.5837,0.22689999999999966,4.0636,159250.7,100571.9252
002045.SZ,20120308,5.5292,5.6744,5.5292,5.5837,5.5201,0.0636000000000001,1.1522,98853.15,61069.5327
002045.SZ,20120307,5.4111,5.6018,5.3839,5.5201,5.4929,0.027200000000000557,0.4952,88896.81,53973.7282
002045.SZ,20120306,5.5746,5.5746,5.4111,5.4929,5.6018,-0.10890000000000022,-1.944,64837.86,39190.9785
002045.SZ,20120305,5.5292,5.629,5.4929,5.6018,5.5201,0.08169999999999966,1.48,95841.93,58593.7846
002045.SZ,20120302,5.4838,5.5201,5.4384,5.5201,5.4293,0.09080000000000066,1.6724,103089.13,62191.0644
002045.SZ,20120301,5.3748,5.4929,5.3658,5.4293,5.3567,0.07259999999999955,1.3553,57035.44,34184.4668
002045.SZ,20120229,5.4565,5.4838,5.3567,5.3567,5.4838,-0.12709999999999955,-2.3177,65215.55,38867.3109
002045.SZ,20120228,5.629,5.629,5.4202,5.4838,5.6472,-0.1634000000000002,-2.8935,123733.56,74837.5748
002045.SZ,20120227,5.6654,5.7743,5.6381,5.6472,5.6926,-0.045399999999999885,-0.7975,80378.38,50572.1495
002045.SZ,20120224,5.6381,5.7198,5.5927,5.6926,5.6654,0.02719999999999967,0.4801,80359.62,50155.8258
002045.SZ,20120223,5.5837,5.6926,5.5473,5.6654,5.5746,0.09079999999999977,1.6288,121272.06,75133.7572
002045.SZ,20120222,5.4475,5.6109,5.4021,5.5746,5.4293,0.14530000000000065,2.6762,107516.44,65162.4558
002045.SZ,20120221,5.3567,5.4293,5.2659,5.4293,5.3658,0.06349999999999945,1.1834,56125.2,33084.1845
002045.SZ,20120220,5.5837,5.5837,5.3567,5.3658,5.4656,-0.09980000000000011,-1.826,62879.78,37908.3485
002045.SZ,20120217,5.5837,5.62,5.3748,5.4656,5.5746,-0.10899999999999999,-1.9553,73985.46,44543.1434
002045.SZ,20120216,5.4293,5.6744,5.4293,5.5746,5.4111,0.16349999999999998,3.0216,141199.42,86875.4541
002045.SZ,20120215,5.3022,5.4202,5.2296,5.4111,5.3385,0.07260000000000044,1.3599,92519.56,54412.3538
002045.SZ,20120214,5.4202,5.5564,5.3022,5.3385,5.275,0.06349999999999945,1.2038,143496.47,85632.9428
002045.SZ,20120213,5.0752,5.3113,5.0571,5.275,5.1297,0.14530000000000065,2.8325,79969.21,46051.0314
002045.SZ,20120210,5.0934,5.1751,5.0389,5.1297,5.1025,0.02719999999999967,0.5331,61004.42,34409.3546
002045.SZ,20120209,5.0571,5.1569,5.048,5.1025,5.0389,0.0636000000000001,1.2622,59419.04,33423.0085
002045.SZ,20120208,4.9481,5.0752,4.8936,5.0389,4.93,0.10890000000000022,2.2089,42505.57,23414.0037
002045.SZ,20120207,5.0934,5.0934,4.8846,4.93,5.0934,-0.1634000000000002,-3.2081,44795.8,24490.5717
002045.SZ,20120206,5.0389,5.1751,5.0117,5.0934,5.0389,0.05449999999999999,1.0816,69254.96,38775.0615
002045.SZ,20120203,4.7756,5.048,4.7665,5.0389,4.7756,0.2633000000000001,5.5134,62601.23,34005.735
002045.SZ,20120202,4.7121,4.7847,4.703,4.7756,4.703,0.07259999999999955,1.5437,27317.0,14278.9826
002045.SZ,20120201,4.7575,4.7847,4.6757,4.703,4.7484,-0.045399999999999885,-0.9561,18465.31,9632.2236
002045.SZ,20120131,4.8392,4.8482,4.6757,4.7484,4.821,-0.07259999999999955,-1.5059,17701.82,9239.8347
002045.SZ,20120130,4.8392,4.8755,4.821,4.821,4.8392,-0.018200000000000216,-0.3761,19109.55,10202.1039
002045.SZ,20120120,4.8028,4.8664,4.7847,4.8392,4.7938,0.045399999999999885,0.9471,25215.11,13419.3491
002045.SZ,20120119,4.7938,4.8573,4.7211,4.7938,4.8028,-0.009000000000000341,-0.1874,29906.92,15851.8925
002045.SZ,20120118,4.9118,5.0298,4.7756,4.8028,4.8936,-0.09079999999999977,-1.8555,22880.23,12462.6108
002045.SZ,20120117,4.6848,4.939,4.6757,4.8936,4.6667,0.22690000000000055,4.8621,19742.82,10474.9606
002045.SZ,20120116,4.8119,4.8846,4.6485,4.6667,4.93,-0.2633000000000001,-5.3408,19633.38,10339.9139
002045.SZ,20120113,5.0117,5.0571,4.6848,4.93,5.0117,-0.08170000000000055,-1.6302,56453.54,30238.9245
002045.SZ,20120112,5.0934,5.166,5.0117,5.0117,5.0934,-0.08169999999999966,-1.604,33531.77,18763.7788
002045.SZ,20120111,5.0752,5.1569,5.048,5.0934,5.0752,0.018200000000000216,0.3586,35207.38,19786.1098
002045.SZ,20120110,4.8936,5.1388,4.8936,5.0752,4.8936,0.18159999999999954,3.711,33124.48,18358.5275
002045.SZ,20120109,4.7121,4.93,4.6485,4.8936,4.703,0.19059999999999988,4.0527,25118.03,13341.2298
002045.SZ,20120106,4.703,4.7665,4.5305,4.703,4.703,0.0,0.0,12813.34,6520.6348
002045.SZ,20120105,4.9935,5.0571,4.703,4.703,5.0571,-0.35409999999999986,-7.002,15786.99,8415.3584
002045.SZ,20120104,5.1751,5.1842,4.9844,5.0571,5.1388,-0.08169999999999966,-1.5899,15389.6,8614.6323
002045.SZ,20111230,5.0026,5.1479,5.0026,5.1388,5.0026,0.13619999999999965,2.7226,26136.66,14595.9139
002045.SZ,20111228,5.2114,5.2114,4.9118,5.0026,5.2114,-0.2088000000000001,-4.0066,25447.99,14050.8384
002045.SZ,20111227,5.3022,5.3294,5.1751,5.2114,5.3204,-0.10899999999999999,-2.0487,18681.71,10798.0651
002045.SZ,20111226,5.3567,5.4565,5.3113,5.3204,5.393,-0.07259999999999955,-1.3462,14077.68,8350.3689
002045.SZ,20111223,5.3748,5.4656,5.3385,5.393,5.3748,0.018200000000000216,0.3386,10727.11,6410.5019
002045.SZ,20111222,5.1388,5.4929,5.1388,5.3748,5.4838,-0.10899999999999999,-1.9877,17493.68,10319.6955
002045.SZ,20111221,5.5837,5.7108,5.4747,5.4838,5.629,-0.1452,-2.5795,34496.64,21339.8654
002045.SZ,20111220,5.3567,5.6381,5.284,5.629,5.4111,0.21789999999999932,4.0269,40124.87,24438.4553
002045.SZ,20111219,5.2659,5.4202,5.0661,5.4111,5.284,0.12710000000000043,2.4054,41008.03,23848.9214
002045.SZ,20111216,5.2296,5.3385,5.0752,5.284,5.2568,0.02719999999999967,0.5174,37884.76,21708.5866
002045.SZ,20111215,5.6109,5.62,5.2205,5.2568,5.62,-0.36319999999999997,-6.4626,27055.0,16030.6827
002045.SZ,20111214,5.6472,5.8015,5.62,5.62,5.7925,-0.17250000000000032,-2.978,9878.42,6189.9986
002045.SZ,20111213,5.9922,5.9922,5.5292,5.7925,6.0104,-0.21789999999999932,-3.6254,43519.23,27288.3149
002045.SZ,20111212,6.2737,6.3281,6.0104,6.0104,6.2827,-0.27230000000000043,-4.3341,15807.42,10646.9206
002045.SZ,20111209,6.2918,6.3554,6.192,6.2827,6.3372,-0.05449999999999999,-0.86,11862.62,8210.469
002045.SZ,20111208,6.31,6.4189,6.2646,6.3372,6.31,0.027200000000000557,0.4311,18322.52,12780.4406
002045.SZ,20111207,6.2827,6.3463,6.2464,6.31,6.31,0.0,0.0,22079.09,15330.7237
002045.SZ,20111206,6.2827,6.4462,6.1738,6.31,6.2646,0.045399999999999885,0.7247,15147.8,10487.7876
002045.SZ,20111205,6.4916,6.4916,6.2646,6.2646,6.4916,-0.2270000000000003,-3.4968,18286.37,12815.1273
002045.SZ,20111202,6.4916,6.5733,6.3826,6.4916,6.5006,-0.009000000000000341,-0.1384,21623.17,15422.3155
002045.SZ,20111201,6.537,6.6368,6.4371,6.5006,6.3463,0.1543000000000001,2.4313,23508.13,16959.6497
002045.SZ,20111130,6.7004,6.7004,6.2646,6.3463,6.7185,-0.3721999999999994,-5.5399,23161.23,16481.2589
002045.SZ,20111129,6.6641,6.7276,6.5914,6.7185,6.6005,0.11799999999999944,1.7877,18022.86,13230.9307
002045.SZ,20111128,6.6187,6.6822,6.5733,6.6005,6.6187,-0.018199999999999328,-0.275,14036.21,10237.6657
002045.SZ,20111125,6.6277,6.7276,6.6187,6.6187,6.7004,-0.08170000000000055,-1.2193,12173.86,8927.0359
002045.SZ,20111124,6.5824,6.7367,6.5279,6.7004,6.6459,0.05449999999999999,0.8201,22797.13,16697.4502
002045.SZ,20111123,6.6277,6.7276,6.5733,6.6459,6.6277,0.018200000000000216,0.2746,20461.2,14983.0917
002045.SZ,20111122,6.5097,6.6368,6.4008,6.6277,6.6005,0.02719999999999967,0.4121,30986.09,22245.8213
002045.SZ,20111118,6.7095,6.9183,6.4462,6.6005,7.0,-0.39949999999999974,-5.7071,67316.29,49271.7814
002045.SZ,20111117,6.9274,7.0726,6.9001,7.0,6.9637,0.03629999999999978,0.5213,29356.51,22606.4368
002045.SZ,20111116,7.2996,7.2996,6.8729,6.9637,7.2814,-0.3176999999999994,-4.3632,56423.01,44150.5669
002045.SZ,20111115,7.1453,7.2905,7.1271,7.2814,7.1725,0.10889999999999933,1.5183,69578.58,55411.0394
002045.SZ,20111114,7.1089,7.2179,7.0363,7.1725,7.0908,0.08170000000000055,1.1522,41767.65,32880.249
002045.SZ,20111111,6.9455,7.1271,6.8275,7.0908,6.9092,0.18159999999999954,2.6284,52695.97,40439.6507
002045.SZ,20111110,7.1543,7.1543,6.9092,6.9092,7.2179,-0.3087,-4.2769,48862.33,37849.9902
002045.SZ,20111109,7.1362,7.3268,7.0999,7.2179,7.1634,0.05449999999999999,0.7608,65380.57,51976.2362
002045.SZ,20111108,7.0999,7.2088,7.0817,7.1634,7.1453,0.01810000000000045,0.2533,66941.42,52735.7756
002045.SZ,20111107,6.9455,7.2451,6.9364,7.1453,6.9909,0.15439999999999987,2.2086,79725.6,62431.0824
002045.SZ,20111104,7.0363,7.0817,6.9092,6.9909,6.9818,0.009100000000000108,0.1303,45658.31,35175.3748
002045.SZ,20111103,6.9818,7.1816,6.9728,6.9818,6.9728,0.008999999999999453,0.1291,80744.31,62948.9764
002045.SZ,20111102,6.7639,7.0181,6.6459,6.9728,6.882,0.09080000000000066,1.3194,70800.41,53333.8395
002045.SZ,20111101,6.8366,6.9818,6.8366,6.882,6.9455,-0.06350000000000033,-0.9143,51347.16,39036.9522
002045.SZ,20111031,6.6731,6.9455,6.6641,6.9455,6.6913,0.2542,3.799,73938.74,55690.7849
002045.SZ,20111028,6.6913,6.7095,6.6096,6.6913,6.6096,0.08169999999999966,1.2361,45901.51,33684.1362
002045.SZ,20111027,6.6187,6.7004,6.5551,6.6096,6.6005,0.009100000000000108,0.1379,30465.64,22225.4513
002045.SZ,20111026,6.5824,6.7367,6.5279,6.6005,6.6368,-0.03629999999999978,-0.547,55073.7,40416.4466
002045.SZ,20111025,6.4734,6.6731,6.31,6.6368,6.4552,0.18160000000000043,2.8132,43664.56,31325.7227
002045.SZ,20111024,6.31,6.4734,6.1647,6.4552,6.3463,0.10889999999999933,1.716,29261.56,20397.7053
002045.SZ,20111021,6.4008,6.4008,6.1556,6.3463,6.3826,-0.03629999999999978,-0.5687,32683.15,22652.5559
002045.SZ,20111020,6.546,6.546,6.31,6.3826,6.5824,-0.19979999999999976,-3.0354,51035.85,35990.2812
002045.SZ,20111019,6.537,6.6277,6.4734,6.5824,6.546,0.036399999999999544,0.5561,28728.29,20808.2663
002045.SZ,20111018,6.7276,6.773,6.4552,6.546,6.8003,-0.25429999999999975,-3.7395,58525.95,42629.5605
002045.SZ,20111017,6.9728,6.9728,6.7367,6.8003,6.9183,-0.11800000000000033,-1.7056,55685.92,41931.7446
002045.SZ,20111014,6.9092,7.0363,6.7367,6.9183,6.9092,0.009100000000000108,0.1317,103645.27,78975.8143
002045.SZ,20111013,6.546,6.9455,6.5006,6.9092,6.546,0.36319999999999997,5.5484,126026.98,94377.9768
002045.SZ,20111012,6.3463,6.5914,6.1466,6.546,6.3735,0.17250000000000032,2.7065,70183.98,49938.6336
002045.SZ,20111011,6.7276,6.8003,6.2555,6.3735,6.5733,-0.19979999999999976,-3.0396,51226.07,36954.8325
002045.SZ,20111010,6.6731,6.7095,6.5279,6.5733,6.6368,-0.06350000000000033,-0.9568,27844.68,20255.2044
002045.SZ,20110930,6.8093,6.8275,6.4552,6.6368,6.773,-0.13619999999999965,-2.0109,55684.7,40611.7498
002045.SZ,20110929,7.0545,7.0545,6.537,6.773,7.0999,-0.3269000000000002,-4.6043,120108.23,89451.3731
002045.SZ,20110928,7.5266,7.6264,7.0999,7.0999,7.4903,-0.3904000000000005,-5.2121,89240.93,72192.7999
002045.SZ,20110927,7.69,7.7445,7.3904,7.4903,7.69,-0.1997,-2.5969,107966.45,89395.1471
002045.SZ,20110926,7.9533,8.2892,7.6083,7.69,7.9896,-0.29959999999999987,-3.7499,202974.99,177352.9562
002045.SZ,20110923,7.69,8.2166,7.5538,7.9896,7.917,0.07260000000000044,0.917,188668.62,164328.051
002045.SZ,20110922,8.035,8.2892,7.8988,7.917,8.1076,-0.19059999999999988,-2.3509,170808.97,151960.4276
002045.SZ,20110921,7.5811,8.489,7.5811,8.1076,7.7172,0.39039999999999964,5.0588,287719.54,257107.4381
002045.SZ,20110920,7.345,7.7445,7.3268,7.7172,7.4903,0.22689999999999966,3.0293,104099.0,86608.6527
002045.SZ,20110919,7.6537,7.6537,7.1362,7.4903,7.7082,-0.21789999999999932,-2.8269,157120.38,128211.0949
002045.SZ,20110916,7.9533,8.0169,7.6083,7.7082,7.9715,-0.2633000000000001,-3.303,187900.8,160336.8362
002045.SZ,20110915,8.3165,8.3165,7.9624,7.9715,8.2983,-0.32679999999999954,-3.9382,149125.68,133215.2202
002045.SZ,20110914,8.0169,8.3437,7.9896,8.2983,7.9533,0.34499999999999975,4.3378,206159.34,185422.8231
002045.SZ,20110913,7.8807,8.035,7.799,7.9533,7.9987,-0.04540000000000077,-0.5676,102515.65,89452.0002
002045.SZ,20110909,8.2257,8.3528,7.8534,7.9987,8.3074,-0.3086999999999991,-3.716,163679.01,144609.7306
002045.SZ,20110908,8.2075,8.5344,8.1621,8.3074,8.3528,-0.04540000000000077,-0.5435,211242.25,193693.0442
002045.SZ,20110907,7.8353,8.4163,7.7172,8.3528,7.8171,0.5357000000000003,6.8529,285070.36,255914.553
002045.SZ,20110906,7.7172,8.144,7.6446,7.8171,7.8625,-0.045399999999999885,-0.5774,188881.21,164608.279
002045.SZ,20110905,7.3541,7.9896,7.3268,7.8625,7.4358,0.4266999999999994,5.7385,226674.41,193540.3032
002045.SZ,20110902,7.227,7.4449,7.1362,7.4358,7.2996,0.13620000000000054,1.8659,37794.21,30542.2055
002045.SZ,20110901,7.2996,7.4086,7.1725,7.2996,7.2814,0.018200000000000216,0.25,28051.22,22665.7503
002045.SZ,20110831,7.227,7.345,7.0999,7.2814,7.2633,0.01809999999999956,0.2492,28032.81,22355.8698
002045.SZ,20110830,7.463,7.4903,7.2179,7.2633,7.3904,-0.12709999999999955,-1.7198,40682.0,32931.5249
002045.SZ,20110829,7.2996,7.5175,7.2633,7.3904,7.3359,0.05449999999999999,0.7429,44553.92,36332.2514
002045.SZ,20110826,7.3541,7.3813,7.2633,7.3359,7.3722,-0.036300000000000665,-0.4924,28424.57,22871.9599
002045.SZ,20110825,7.1997,7.4267,7.1997,7.3722,7.2542,0.11800000000000033,1.6266,37022.68,29916.1861
002045.SZ,20110824,7.1543,7.3813,7.118,7.2542,7.0999,0.1543000000000001,2.1733,38918.32,31144.5227
002045.SZ,20110823,6.9546,7.0999,6.9364,7.0999,6.9455,0.15439999999999987,2.223,13603.72,10532.5986
002045.SZ,20110822,7.0817,7.118,6.9455,6.9455,7.0454,-0.09989999999999988,-1.4179,11929.32,9226.2169
002045.SZ,20110819,6.8093,7.1634,6.7276,7.0454,6.9637,0.08169999999999966,1.1732,35642.35,27425.2958
002045.SZ,20110818,7.2451,7.2542,6.9546,6.9637,7.2088,-0.24509999999999987,-3.4,23989.33,18725.3812
002045.SZ,20110817,7.1725,7.2633,7.1271,7.2088,7.1634,0.045399999999999885,0.6338,18246.72,14449.5535
002045.SZ,20110816,7.3268,7.3722,7.1634,7.1634,7.3178,-0.15439999999999987,-2.1099,27343.4,21804.9245
002045.SZ,20110815,7.227,7.3813,7.2088,7.3178,7.2451,0.07270000000000021,1.0034,28673.89,23073.7674
002045.SZ,20110812,6.9818,7.2814,6.9818,7.2451,6.9818,0.2633000000000001,3.7712,51495.03,40478.6749
002045.SZ,20110811,6.7458,7.0091,6.6641,6.9818,6.882,0.09980000000000011,1.4502,27292.09,20767.0876
002045.SZ,20110810,7.0,7.0545,6.8366,6.882,6.8184,0.0636000000000001,0.9328,28293.14,21693.3647
002045.SZ,20110809,6.537,7.0091,6.4462,6.8184,6.7912,0.02719999999999967,0.4005,41134.29,30445.8223
002045.SZ,20110808,7.0181,7.1634,6.537,6.7912,7.227,-0.4358000000000004,-6.0302,61602.7,46490.4603
002045.SZ,20110805,7.2724,7.3359,7.0817,7.227,7.463,-0.23599999999999977,-3.1623,56188.88,44726.4075
002045.SZ,20110804,7.5357,7.5901,7.4176,7.463,7.5357,-0.07270000000000021,-0.9647,38815.31,32057.7514
002045.SZ,20110803,7.3087,7.572,7.2724,7.5357,7.3995,0.13620000000000054,1.8407,79027.88,64909.73
002045.SZ,20110802,7.0999,7.4358,7.0454,7.3995,7.0999,0.29959999999999987,4.2198,74214.95,58987.4632
002045.SZ,20110801,7.0817,7.1907,7.0181,7.0999,7.1271,-0.027200000000000557,-0.3816,40560.35,31802.5681
002045.SZ,20110729,6.882,7.2088,6.8366,7.1271,6.8366,0.29050000000000065,4.2492,94019.46,73175.9884
002045.SZ,20110728,6.9001,6.9364,6.8184,6.8366,7.0181,-0.18149999999999977,-2.5862,36700.43,27789.4674
002045.SZ,20110727,6.9364,7.0181,6.7821,7.0181,6.9455,0.07259999999999955,1.0453,46619.91,35452.8616
002045.SZ,20110726,6.8184,7.0726,6.8184,6.9455,7.2633,-0.3178000000000001,-4.3754,63153.21,48285.491
002045.SZ,20110722,7.3178,7.345,7.1362,7.2633,7.2814,-0.01809999999999956,-0.2486,39246.9,31382.4374
002045.SZ,20110721,7.5629,7.5629,7.2814,7.2814,7.5629,-0.2815000000000003,-3.7221,53982.68,43987.1299
002045.SZ,20110720,7.3541,7.5811,7.3541,7.5629,7.3268,0.23609999999999953,3.2224,81467.78,67084.5972
002045.SZ,20110719,7.3178,7.4358,7.2724,7.3268,7.3632,-0.036399999999999544,-0.4944,36217.94,29378.1272
002045.SZ,20110718,7.4539,7.4903,7.3541,7.3632,7.463,-0.09980000000000011,-1.3373,48765.36,39720.7911
002045.SZ,20110715,7.4539,7.5084,7.3995,7.463,7.4812,-0.018200000000000216,-0.2433,40546.35,33247.5342
002045.SZ,20110714,7.4993,7.5175,7.3087,7.4812,7.4993,-0.01809999999999956,-0.2414,72067.69,58951.4997
002045.SZ,20110713,7.3722,7.572,7.3722,7.4993,7.3995,0.09980000000000011,1.3487,65086.89,53610.139
002045.SZ,20110712,7.4449,7.6174,7.3904,7.3995,7.5629,-0.1634000000000002,-2.1605,125942.81,103671.4791
002045.SZ,20110711,7.1725,7.6355,7.0817,7.5629,7.2088,0.35409999999999986,4.9121,195144.79,159650.6068
002045.SZ,20110708,6.8638,7.4449,6.8366,7.2088,6.8547,0.35409999999999986,5.1658,229608.89,181380.7697
002045.SZ,20110707,6.9001,6.9455,6.8184,6.8547,6.882,-0.027299999999999436,-0.3967,55693.37,42253.5347
002045.SZ,20110706,6.9274,6.9364,6.7912,6.882,6.9274,-0.045399999999999885,-0.6554,45552.16,34296.9074
002045.SZ,20110705,6.9092,6.9818,6.8547,6.9274,6.9001,0.027299999999999436,0.3956,56918.66,43334.9044
002045.SZ,20110704,6.773,6.9274,6.7367,6.9001,6.7095,0.19059999999999988,2.8407,58878.83,44564.2728
002045.SZ,20110701,6.7639,6.8003,6.6731,6.7095,6.7549,-0.045399999999999885,-0.6721,40882.87,30249.4563
002045.SZ,20110630,6.6731,6.8638,6.6641,6.7549,6.7367,0.018200000000000216,0.2702,69207.95,51514.0064
002045.SZ,20110629,6.6277,6.9183,6.5642,6.7367,6.6368,0.09989999999999988,1.5052,93981.71,70025.1273
002045.SZ,20110628,6.6731,6.6731,6.546,6.6368,6.6459,-0.009100000000000108,-0.1369,43104.66,31316.2911
002045.SZ,20110627,6.5914,6.7185,6.5642,6.6459,6.6096,0.03629999999999978,0.5492,65746.28,48153.6587
002045.SZ,20110624,6.2918,6.6822,6.2192,6.6096,6.2918,0.3178000000000001,5.051,96932.76,69874.3349
002045.SZ,20110623,6.1284,6.3554,6.0558,6.2918,6.1738,0.11800000000000033,1.9113,64974.11,44773.6245
002045.SZ,20110622,6.0104,6.2192,5.9468,6.1738,5.9831,0.19069999999999965,3.1873,47642.12,31851.6238
002045.SZ,20110621,5.965,6.0467,5.9105,5.9831,5.9196,0.06350000000000033,1.0727,35158.89,23098.2616
002045.SZ,20110620,6.1284,6.1375,5.8923,5.9196,6.1284,-0.2088000000000001,-3.4071,45801.53,30209.4613
002045.SZ,20110617,6.3009,6.3191,6.0558,6.1284,6.2737,-0.14529999999999976,-2.316,32793.13,22425.0489
002045.SZ,20110616,6.4552,6.4643,6.2737,6.2737,6.4916,-0.2179000000000002,-3.3566,44432.0,31022.0801
002045.SZ,20110615,6.6187,6.6731,6.4462,6.4916,6.6277,-0.1360999999999999,-2.0535,43928.86,31777.4861
002045.SZ,20110614,6.4643,6.7004,6.4462,6.6277,6.4371,0.19059999999999988,2.961,67114.74,49083.6537
002045.SZ,20110613,6.3917,6.4825,6.2737,6.4371,6.4734,-0.03629999999999978,-0.5608,18943.66,13318.4404
002045.SZ,20110610,6.5006,6.5188,6.2737,6.4734,6.4825,-0.009100000000000108,-0.1404,30996.65,21911.2369
002045.SZ,20110609,6.6277,6.6459,6.4734,6.4825,6.655,-0.17250000000000032,-2.592,27870.3,20180.9338
002045.SZ,20110608,6.7004,6.7004,6.546,6.655,6.7004,-0.045399999999999885,-0.6776,24171.35,17632.2426
002045.SZ,20110607,6.6731,6.7185,6.6187,6.7004,6.6731,0.027300000000000324,0.4091,18155.49,13355.4179
002045.SZ,20110603,6.6096,6.6913,6.546,6.6731,6.5733,0.09980000000000011,1.5183,27459.72,20073.5328
002045.SZ,20110602,6.7276,6.7276,6.4916,6.5733,6.773,-0.1997,-2.9485,28804.52,20869.7421
002045.SZ,20110601,6.7912,6.7912,6.7367,6.773,6.7639,0.009100000000000108,0.1345,22600.63,16841.8818
002045.SZ,20110531,6.655,6.8003,6.6368,6.7639,6.655,0.10889999999999933,1.6364,25086.43,18617.4094
002045.SZ,20110530,6.773,6.773,6.6005,6.655,6.8093,-0.1543000000000001,-2.266,20059.49,14818.1676
002045.SZ,20110527,7.0908,7.1362,6.8093,6.8093,7.1816,-0.3723000000000001,-5.1841,32442.31,24665.4037
002045.SZ,20110526,7.2953,7.3552,7.1574,7.1814,7.2773,-0.09590000000000032,-1.3178,20651.87,24938.4279
002045.SZ,20110525,7.3252,7.4151,7.2113,7.2773,7.4032,-0.12589999999999968,-1.7006,18425.24,22443.6586
002045.SZ,20110524,7.3013,7.4391,7.1094,7.4032,7.3612,0.041999999999999815,0.5706,27699.64,33548.8514
002045.SZ,20110523,7.4331,7.583,7.3432,7.3612,7.4331,-0.07189999999999941,-0.9673,35611.73,44401.6307
002045.SZ,20110520,7.4931,7.4931,7.3792,7.4331,7.4271,0.005999999999999339,0.0808,16903.8,20944.3452
002045.SZ,20110519,7.4032,7.547,7.4032,7.4271,7.3492,0.07790000000000052,1.06,28304.22,35285.975
002045.SZ,20110517,7.4871,7.577,7.3013,7.3492,7.559,-0.20980000000000043,-2.7755,55822.46,68952.4206
002045.SZ,20110513,7.4511,7.6309,7.4451,7.559,7.4991,0.05989999999999984,0.7988,25263.08,31782.8052
002045.SZ,20110512,7.577,7.613,7.4931,7.4991,7.619,-0.11989999999999945,-1.5737,29340.29,36957.9924
002045.SZ,20110511,7.6669,7.6849,7.559,7.619,7.6609,-0.04190000000000005,-0.5469,37171.96,47220.9706
002045.SZ,20110510,7.553,7.6729,7.4751,7.6609,7.523,0.13790000000000013,1.833,41683.76,52850.6002
002045.SZ,20110509,7.4331,7.559,7.4211,7.523,7.3912,0.13179999999999925,1.7832,43249.73,54147.5665
002045.SZ,20110506,7.2893,7.4571,7.2353,7.3912,7.3072,0.08400000000000052,1.1496,36292.82,44386.3384
002045.SZ,20110505,7.2773,7.3312,7.2533,7.3072,7.3432,-0.036000000000000476,-0.4902,23188.97,28209.8125
002045.SZ,20110504,7.4691,7.5171,7.1934,7.3432,7.4751,-0.1318999999999999,-1.7645,50194.99,61731.6031
002045.SZ,20110503,7.3672,7.4751,7.3252,7.4751,7.4092,0.06590000000000007,0.8894,39717.86,49058.06
002045.SZ,20110429,7.3912,7.4451,7.1934,7.4092,7.3912,0.017999999999999794,0.2435,47347.28,57948.298
002045.SZ,20110428,7.4931,7.583,7.3072,7.3912,7.559,-0.16779999999999973,-2.2199,64729.56,80480.5693
002045.SZ,20110427,8.0805,8.0805,7.4211,7.559,8.1764,-0.6173999999999991,-7.551,165475.23,210723.8702
002045.SZ,20110426,9.0516,9.0816,8.1764,8.1764,9.0816,-0.9052000000000007,-9.9674,83055.23,114071.801
002045.SZ,20110425,9.4293,9.5612,9.0456,9.0816,9.4293,-0.3476999999999997,-3.6874,22505.76,34615.9174
002045.SZ,20110422,9.4053,9.5012,9.3454,9.4293,9.4053,0.023999999999999133,0.2552,19851.12,31149.6921
002045.SZ,20110421,9.4712,9.5012,9.3753,9.4053,9.4593,-0.05400000000000027,-0.5709,19209.45,30195.3352
002045.SZ,20110420,9.2734,9.5012,9.2315,9.4593,9.2854,0.1739000000000015,1.8728,25985.6,40870.5448
002045.SZ,20110419,9.1715,9.3574,9.0277,9.2854,9.2195,0.06589999999999918,0.7148,28528.3,44125.2991
002045.SZ,20110418,9.3633,9.4353,8.9977,9.2195,9.3993,-0.17980000000000018,-1.9129,43665.13,66840.4209
002045.SZ,20110415,9.6211,9.6211,9.3274,9.3993,9.6211,-0.2218,-2.3053,37416.83,58666.5149
002045.SZ,20110414,9.6511,9.8009,9.5252,9.6211,9.6151,0.006000000000000227,0.0624,29323.58,47170.4065
002045.SZ,20110413,9.5432,9.6211,9.4593,9.6151,9.5432,0.07189999999999941,0.7534,17368.12,27692.2237
002045.SZ,20110412,9.5432,9.5851,9.4712,9.5432,9.5851,-0.04190000000000005,-0.4371,13659.29,21661.5509
002045.SZ,20110411,9.5911,9.6811,9.5612,9.5851,9.5552,0.02990000000000137,0.3129,20907.11,33531.4885
002045.SZ,20110408,9.4653,9.5612,9.4653,9.5552,9.4593,0.09589999999999854,1.0138,18690.79,29709.7299
002045.SZ,20110407,9.4712,9.5252,9.4113,9.4593,9.4832,-0.023899999999999366,-0.252,18580.44,29345.2395
002045.SZ,20110406,9.5072,9.5492,9.3993,9.4832,9.5672,-0.08399999999999963,-0.878,18551.41,29193.7666
002045.SZ,20110401,9.6271,9.6271,9.4053,9.5672,9.6391,-0.07189999999999941,-0.7459,12690.67,20107.7341
002045.SZ,20110331,9.6631,9.6691,9.3574,9.6391,9.5911,0.047999999999998266,0.5005,24583.24,39068.8306
002045.SZ,20110330,9.6811,9.8189,9.5312,9.5911,9.753,-0.16189999999999927,-1.66,27413.76,43987.4281
002045.SZ,20110329,9.8309,9.8909,9.699,9.753,9.8309,-0.07789999999999964,-0.7924,24861.16,40693.0843
002045.SZ,20110328,10.0407,10.0647,9.759,9.8309,10.0407,-0.20979999999999954,-2.0895,33453.34,55055.3945
002045.SZ,20110325,10.0587,10.1127,9.9388,10.0407,10.0587,-0.018000000000000682,-0.1789,22950.67,38278.4184
002045.SZ,20110324,9.9868,10.0947,9.9808,10.0587,9.9688,0.08990000000000009,0.9018,21710.6,36341.6708
002045.SZ,20110323,9.8309,9.9748,9.8309,9.9688,9.8489,0.11989999999999945,1.2174,14000.77,23130.4066
002045.SZ,20110322,9.9088,9.9268,9.8189,9.8489,9.8669,-0.017999999999998906,-0.1824,7922.36,13019.2636
002045.SZ,20110321,9.9628,9.9868,9.8369,9.8669,9.9448,-0.07790000000000141,-0.7833,10063.4,16595.4811
002045.SZ,20110318,9.9208,9.9988,9.8729,9.9448,9.9208,0.02400000000000091,0.2419,9637.05,15957.0497
002045.SZ,20110317,9.9748,10.0107,9.8249,9.9208,10.0347,-0.113900000000001,-1.1351,14850.99,24545.6508
002045.SZ,20110316,9.9088,10.1067,9.9088,10.0347,9.9088,0.12590000000000146,1.2706,27232.21,45539.6753
002045.SZ,20110315,10.1366,10.1906,9.8009,9.9088,10.2086,-0.2998000000000012,-2.9367,29953.25,49548.8816
002045.SZ,20110314,10.3285,10.3285,10.0947,10.2086,10.3345,-0.12589999999999968,-1.2182,29804.88,50606.2311
002045.SZ,20110311,10.2625,10.3704,10.2026,10.3345,10.2325,0.10200000000000031,0.9968,39480.97,67844.3464
002045.SZ,20110310,10.1906,10.2925,10.1546,10.2325,10.2146,0.01789999999999914,0.1752,32145.3,54803.0245
002045.SZ,20110309,10.2325,10.2505,10.1127,10.2146,10.2325,-0.01789999999999914,-0.1749,27077.36,45920.0615
002045.SZ,20110308,10.3165,10.3884,10.1546,10.2325,10.3105,-0.0779999999999994,-0.7565,24939.96,42613.2395
002045.SZ,20110307,10.2865,10.3644,10.2086,10.3105,10.2865,0.023999999999999133,0.2333,20283.95,34778.7281
002045.SZ,20110304,10.3105,10.4304,10.0467,10.2865,10.3884,-0.10190000000000055,-0.9809,33833.69,57425.3262
002045.SZ,20110303,10.6102,10.6641,10.2985,10.3884,10.5982,-0.20979999999999954,-1.9796,25220.97,44034.0984
002045.SZ,20110302,10.4603,10.5982,10.3704,10.5982,10.4543,0.14390000000000036,1.3765,34923.68,61245.2615
002045.SZ,20110301,10.4064,10.5203,10.3824,10.4543,10.4064,0.047900000000000276,0.4603,30716.69,53484.6118
002045.SZ,20110228,10.3764,10.4543,10.1666,10.4064,10.4004,0.006000000000000227,0.0577,51874.55,89096.2163
002045.SZ,20110225,10.4603,10.4843,10.2925,10.4004,10.4603,-0.05990000000000073,-0.5726,25163.72,43428.3694
002045.SZ,20110224,10.4424,10.5323,10.4124,10.4603,10.4304,0.029899999999999594,0.2867,16035.18,27983.5705
002045.SZ,20110223,10.4364,10.5443,10.3704,10.4304,10.4543,-0.023899999999999366,-0.2286,14474.68,25214.9755
002045.SZ,20110222,10.6701,10.784,10.3764,10.4543,10.7001,-0.2458000000000009,-2.2972,24436.88,42957.0884
002045.SZ,20110221,10.6282,10.7361,10.5682,10.7001,10.7601,-0.05999999999999872,-0.5576,28142.71,50040.7404
002045.SZ,20110218,10.9699,10.9998,10.7001,10.7601,10.9699,-0.20980000000000132,-1.9125,17334.29,31303.8916
002045.SZ,20110217,11.0478,11.1797,10.796,10.9699,11.0718,-0.10189999999999877,-0.9204,25695.45,47104.589
002045.SZ,20110216,10.9819,11.1377,10.856,11.0718,10.9819,0.08990000000000009,0.8186,28281.05,52007.2007
002045.SZ,20110215,10.844,11.1017,10.844,10.9819,10.8799,0.10200000000000031,0.9375,35469.05,65154.5286
002045.SZ,20110214,10.82,10.9399,10.7061,10.8799,10.9099,-0.030000000000001137,-0.275,29409.21,53120.3526
002045.SZ,20110211,10.82,11.0178,10.6701,10.9099,10.9699,-0.0600000000000005,-0.547,53131.1,95801.2303
002045.SZ,20110210,10.3165,11.1137,10.1786,10.9699,10.3225,0.6474000000000011,6.2717,39750.11,71743.948
002045.SZ,20110209,10.4603,10.4603,10.2385,10.3225,10.5023,-0.17980000000000018,-1.712,5012.8,8643.4214
002045.SZ,20110201,10.4483,10.5143,10.3704,10.5023,10.4543,0.04800000000000004,0.4591,5530.01,9640.4618
002045.SZ,20110131,10.2505,10.5982,10.1366,10.4543,10.2565,0.1977999999999991,1.9285,18555.53,32211.3816
002045.SZ,20110128,10.0227,10.3105,9.8189,10.2565,10.0587,0.19780000000000086,1.9665,29557.85,49845.0442
002045.SZ,20110127,10.1007,10.2385,9.771,10.0587,10.1127,-0.05400000000000027,-0.534,23587.76,39365.4774
002045.SZ,20110126,9.753,10.1546,9.741,10.1127,9.741,0.3717000000000006,3.8158,23949.44,40185.878
002045.SZ,20110125,9.711,9.8189,9.6271,9.741,9.759,-0.018000000000000682,-0.1844,4574.6,7400.9344
002045.SZ,20110124,9.9268,9.9568,9.693,9.759,9.9208,-0.1617999999999995,-1.6309,4838.0,7919.5676
002045.SZ,20110121,9.765,9.9448,9.741,9.9208,9.8549,0.06589999999999918,0.6687,6187.24,10177.7202
002045.SZ,20110120,9.9328,9.9448,9.6031,9.8549,9.9328,-0.07789999999999964,-0.7843,10983.69,17869.1572
002045.SZ,20110119,9.711,9.9868,9.6511,9.9328,9.753,0.17980000000000018,1.8435,18028.91,29629.6376
002045.SZ,20110118,9.8009,9.8189,9.6211,9.753,9.8849,-0.1318999999999999,-1.3344,23558.86,37991.7409
002045.SZ,20110117,10.3285,10.3704,9.5791,9.8849,10.3464,-0.46149999999999913,-4.4605,28713.34,46752.1154
002045.SZ,20110114,10.4004,10.4304,10.2146,10.3464,10.4004,-0.05400000000000027,-0.5192,6620.24,11365.0806
002045.SZ,20110113,10.4004,10.4244,10.3045,10.4004,10.3524,0.04800000000000004,0.4637,9414.65,16275.8859
002045.SZ,20110112,10.4064,10.4663,10.1966,10.3524,10.3704,-0.018000000000000682,-0.1736,13071.04,22428.4125
002045.SZ,20110111,10.4004,10.5682,10.2146,10.3704,10.5263,-0.15590000000000082,-1.4811,17079.04,29376.6207
002045.SZ,20110110,10.5742,10.784,10.4543,10.5263,10.6402,-0.11389999999999922,-1.0705,24544.94,43509.5834
002045.SZ,20110107,10.4843,10.6402,10.2026,10.6402,10.4843,0.15590000000000082,1.487,18571.06,32424.7067
002045.SZ,20110106,10.5503,10.6881,10.3944,10.4843,10.6462,-0.16190000000000104,-1.5207,10912.81,19104.7501
002045.SZ,20110105,10.7481,10.8799,10.4903,10.6462,10.7481,-0.10190000000000055,-0.9481,26350.82,47041.8967
002045.SZ,20110104,10.79,10.838,10.6342,10.7481,10.7421,0.006000000000000227,0.0559,13589.31,24301.293
002045.SZ,20101231,10.5982,10.7601,10.5503,10.7421,10.5982,0.14390000000000036,1.3578,12920.44,23004.0859
002045.SZ,20101230,10.4184,10.6222,10.3225,10.5982,10.4184,0.17980000000000018,1.7258,22837.4,39765.4068
002045.SZ,20101229,10.3644,10.4843,10.3045,10.4184,10.4004,0.018000000000000682,0.1731,18998.75,32815.2012
002045.SZ,20101228,10.5023,10.5802,10.1966,10.4004,10.4963,-0.09590000000000032,-0.9137,32853.68,56595.6898
002045.SZ,20101227,10.9819,11.0778,10.4663,10.4963,11.0118,-0.5154999999999994,-4.6813,47675.32,84929.2729
002045.SZ,20101224,11.2036,11.2036,10.838,11.0118,11.2096,-0.19780000000000086,-1.7646,24051.43,43902.5224
002045.SZ,20101223,11.4494,11.5393,11.0898,11.2096,11.4734,-0.2637999999999998,-2.2992,36288.46,68178.0659
002045.SZ,20101222,11.5693,11.7192,11.4254,11.4734,11.5693,-0.09590000000000032,-0.8289,24299.65,47088.8653
002045.SZ,20101221,11.5333,11.6053,11.4254,11.5693,11.5333,0.03599999999999959,0.3121,27610.95,53180.0739
002045.SZ,20101220,11.4974,11.6472,11.2696,11.5333,11.4794,0.0539000000000005,0.4695,41235.15,78997.2388
002045.SZ,20101217,11.6293,11.6293,11.4194,11.4794,11.6173,-0.13790000000000013,-1.187,20160.93,38625.7665
002045.SZ,20101215,11.5633,11.6952,11.3415,11.6173,11.5753,0.041999999999999815,0.3628,52189.83,100490.4895
002045.SZ,20101214,11.7072,11.7731,11.5333,11.5753,11.7012,-0.12589999999999968,-1.076,30384.1,58793.7752
002045.SZ,20101213,11.5094,11.7372,11.5094,11.7012,11.5393,0.16189999999999927,1.403,39621.22,76698.5958
002045.SZ,20101210,11.3895,11.5693,11.3835,11.5393,11.5393,0.0,0.0,20141.7,38662.9091
002045.SZ,20101209,11.4914,11.5693,11.2816,11.5393,11.5393,0.0,0.0,21952.62,41661.1506
002045.SZ,20101208,11.7012,11.7012,11.3535,11.5393,11.6472,-0.107899999999999,-0.9264,23508.08,45480.2733
002045.SZ,20101207,11.7551,11.869,11.5993,11.6472,11.869,-0.2218,-1.8687,21410.27,41810.5296
002045.SZ,20101206,12.2886,12.3786,11.857,11.869,12.3846,-0.515600000000001,-4.1632,25846.58,51889.0545
002045.SZ,20101203,12.3846,12.4685,11.9829,12.3846,12.4385,-0.05389999999999873,-0.4333,41643.22,84655.0581
002045.SZ,20101202,12.4025,12.6483,12.3066,12.4385,12.2287,0.20979999999999954,1.7156,59128.07,123368.5849
002045.SZ,20101201,11.8391,12.2886,11.8391,12.2287,11.9829,0.24579999999999913,2.0513,32860.98,66624.2799
002045.SZ,20101130,12.1268,12.2886,11.5094,11.9829,12.2587,-0.2757999999999985,-2.2498,40779.29,81112.2522
002045.SZ,20101129,11.8091,12.4925,11.7012,12.2587,11.9829,0.2757999999999985,2.3016,77542.75,158739.5988
002045.SZ,20101125,12.0249,12.0788,11.869,11.9829,12.0549,-0.07199999999999918,-0.5973,40246.92,80304.6393
002045.SZ,20101124,11.5693,12.0848,11.5453,12.0549,11.6293,0.4255999999999993,3.6597,56861.13,112732.7975
002045.SZ,20101123,11.7491,11.9769,11.3775,11.6293,11.6892,-0.059899999999998954,-0.5124,52572.76,101913.7058
002045.SZ,20101122,11.4075,12.0728,11.1497,11.6892,11.5273,0.16189999999999927,1.4045,76085.29,148753.7316
002045.SZ,20101119,11.4494,11.5393,11.2336,11.5273,11.3595,0.16779999999999973,1.4772,30183.78,57363.1871
002045.SZ,20101118,11.2396,11.4794,11.0358,11.3595,11.0598,0.2997000000000014,2.7098,24561.25,46036.4986
002045.SZ,20101117,10.79,11.3235,10.7301,11.0598,11.0838,-0.02400000000000091,-0.2165,31848.32,58780.9631
002045.SZ,20101116,11.3355,11.5393,10.9759,11.0838,11.3295,-0.24569999999999936,-2.1687,42955.5,80634.8427
002045.SZ,20101115,11.1257,11.4374,11.0898,11.3295,11.1497,0.17980000000000018,1.6126,33929.07,63896.0785
002045.SZ,20101112,12.0189,12.1688,10.9399,11.1497,12.1508,-1.001100000000001,-8.239,87122.62,166121.6512
002045.SZ,20101111,12.4745,12.4745,12.1388,12.1508,12.4685,-0.3177000000000003,-2.548,57750.06,118888.1585
002045.SZ,20101110,12.6483,12.8401,12.3965,12.4685,12.6183,-0.14979999999999905,-1.1872,79454.19,167585.1221
002045.SZ,20101109,12.1508,12.9001,12.0009,12.6183,12.1388,0.4794999999999998,3.9501,109700.42,229073.4837
002045.SZ,20101108,12.1688,12.2827,11.869,12.1388,12.1328,0.006000000000000227,0.0495,69088.81,138993.7511
002045.SZ,20101105,12.1388,12.4565,12.0668,12.1328,12.1148,0.017999999999998906,0.1486,68824.18,140227.52
002045.SZ,20101104,11.869,12.1508,11.869,12.1148,11.953,0.16180000000000128,1.3536,63795.71,128089.1744
002045.SZ,20101103,11.9889,12.2827,11.7132,11.953,12.0189,-0.06590000000000096,-0.5483,71653.12,142936.7309
002045.SZ,20101102,12.0968,12.5464,11.929,12.0189,12.0848,-0.06589999999999918,-0.5453,134811.4,275567.2477
002045.SZ,20101101,11.4494,12.1028,11.2396,12.0848,11.4854,0.5993999999999993,5.2188,218039.66,428856.072
002045.SZ,20101029,11.5393,11.9829,11.4434,11.4854,11.3415,0.14390000000000036,1.2688,125516.64,243601.4187
002045.SZ,20101028,11.1497,11.4015,11.1497,11.3415,11.1497,0.19180000000000064,1.7202,50608.78,95468.9572
002045.SZ,20101027,11.4015,11.4075,11.1377,11.1497,11.4135,-0.2638000000000016,-2.3113,51935.35,97733.8357
002045.SZ,20101026,11.5034,11.5393,11.1317,11.4135,11.5094,-0.09589999999999854,-0.8332,60719.36,114287.3233
002045.SZ,20101025,11.2636,11.5693,11.0298,11.5094,11.1977,0.3117000000000001,2.7836,99417.34,186644.2565
002045.SZ,20101022,11.2456,11.4494,11.0957,11.1977,11.3235,-0.1257999999999999,-1.111,34028.8,63373.1237
002045.SZ,20101021,11.1977,11.5094,11.1017,11.3235,11.2216,0.10189999999999877,0.9081,25944.96,49065.8475
002045.SZ,20101020,11.0957,11.3655,10.9759,11.2216,11.2276,-0.006000000000000227,-0.0534,32533.95,60542.479
002045.SZ,20101019,10.802,11.3895,10.802,11.2276,10.796,0.4316000000000013,3.9978,28199.86,52544.4227
002045.SZ,20101018,10.9159,10.9219,10.5503,10.796,10.9399,-0.14390000000000036,-1.3154,43280.12,77471.4962
002045.SZ,20101015,11.2096,11.3775,10.8979,10.9399,11.1977,-0.2577999999999996,-2.3023,45569.73,83959.5225
002045.SZ,20101014,11.7491,11.869,11.1497,11.1977,11.929,-0.731300000000001,-6.1304,44702.39,85097.8333
002045.SZ,20101013,11.5993,12.0189,11.2096,11.929,11.5933,0.335700000000001,2.8956,82138.85,156913.9726
002045.SZ,20101012,11.8391,11.8391,11.5094,11.5933,11.905,-0.3117000000000001,-2.6182,47651.18,92296.8118
002045.SZ,20101011,12.8222,12.8222,11.6352,11.905,12.8222,-0.9172000000000011,-7.1532,55109.0,111381.0967
002045.SZ,20101008,12.8102,12.8821,12.6363,12.8222,12.7083,0.113900000000001,0.8963,17242.68,36716.2377
002045.SZ,20100930,12.5284,12.8281,12.2946,12.7083,12.5404,0.1678999999999995,1.3389,17554.01,36868.1078
002045.SZ,20100929,12.7083,12.9121,12.5404,12.5404,12.8222,-0.2818000000000005,-2.1978,15973.85,33854.6769
002045.SZ,20100928,12.4685,12.8881,12.4385,12.8222,12.3486,0.47360000000000113,3.8353,30657.91,65092.6709
002045.SZ,20100927,12.4445,12.5884,12.1448,12.3486,12.4085,-0.05990000000000073,-0.4827,12480.0,25821.5682
002045.SZ,20100921,12.5644,12.6363,12.1448,12.4085,12.5824,-0.17389999999999972,-1.3821,18236.19,37801.2578
002045.SZ,20100920,12.4685,12.6423,12.2407,12.5824,12.4385,0.14390000000000036,1.1569,42823.66,89357.9418
002045.SZ,20100917,12.2707,12.6543,12.1688,12.4385,12.1688,0.2697000000000003,2.2163,43718.2,91199.9576
002045.SZ,20100916,12.4385,12.6603,12.0788,12.1688,12.4385,-0.2697000000000003,-2.1683,31984.6,65478.3021
002045.SZ,20100915,12.7682,12.8102,12.3066,12.4385,12.7083,-0.26980000000000004,-2.123,27611.13,57745.8749
002045.SZ,20100914,12.9061,13.0979,12.5284,12.7083,12.936,-0.22770000000000046,-1.7602,33573.22,71823.7346
002045.SZ,20100913,12.8881,13.0799,12.6843,12.936,12.8821,0.0539000000000005,0.4184,46635.58,100264.3265
002045.SZ,20100910,12.2827,12.8941,12.1688,12.8821,12.2527,0.6293999999999986,5.1368,42650.02,89283.7605
002045.SZ,20100909,12.5224,12.7562,12.1688,12.2527,12.6483,-0.39559999999999995,-3.1277,45843.32,95180.2016
002045.SZ,20100908,12.2167,12.8222,12.0069,12.6483,12.2886,0.35970000000000013,2.9271,78645.97,162950.9134
002045.SZ,20100907,11.6173,12.5164,11.4674,12.2886,11.5873,0.7012999999999998,6.0523,105502.29,210709.042
002045.SZ,20100906,11.5453,11.863,11.2816,11.5873,11.4854,0.10190000000000055,0.8872,50848.62,98308.4513
002045.SZ,20100903,11.4494,11.5214,11.1857,11.4854,11.4734,0.012000000000000455,0.1046,45310.88,85675.5852
002045.SZ,20100902,11.1797,11.6892,11.0718,11.4734,11.0718,0.4016000000000002,3.6272,71903.24,137395.5454
002045.SZ,20100901,11.2516,11.4614,11.0058,11.0718,11.2516,-0.17980000000000018,-1.598,61933.62,115930.9556
002045.SZ,20100831,10.8919,11.3655,10.802,11.2516,10.8979,0.3536999999999999,3.2456,63252.93,118243.5383
002045.SZ,20100830,10.6701,10.9399,10.6701,10.8979,10.6342,0.26370000000000005,2.4797,60147.89,108274.5589
002045.SZ,20100827,10.9699,10.9878,10.5682,10.6342,11.1737,-0.5395000000000003,-4.8283,100059.36,179365.0352
002045.SZ,20100826,11.0838,11.2276,10.9759,11.1737,11.0718,0.10190000000000055,0.9204,42579.11,78907.404
002045.SZ,20100825,11.3355,11.3595,11.0478,11.0718,11.3955,-0.32370000000000054,-2.8406,29021.59,54163.7823
002045.SZ,20100824,11.0658,11.4374,11.0478,11.3955,11.0298,0.36570000000000036,3.3156,71044.75,133808.4965
002045.SZ,20100823,10.772,11.1437,10.7541,11.0298,10.7241,0.30569999999999986,2.8506,45029.87,82369.9416
002045.SZ,20100820,10.7241,10.826,10.6042,10.7241,10.7301,-0.006000000000000227,-0.0559,33937.84,60707.8712
002045.SZ,20100819,10.9639,11.0238,10.7001,10.7301,10.9399,-0.20979999999999954,-1.9178,49913.94,90431.0126
002045.SZ,20100818,10.826,11.0058,10.7541,10.9399,10.778,0.16189999999999927,1.5021,86853.59,158335.9037
002045.SZ,20100817,10.4304,10.8799,10.4304,10.778,10.4603,0.3177000000000003,3.0372,77788.76,138944.0519
002045.SZ,20100816,10.2146,10.5622,10.1906,10.4603,10.2206,0.2397000000000009,2.3453,48756.03,84638.4114
002045.SZ,20100813,10.0407,10.2385,9.9268,10.2206,9.9508,0.26980000000000004,2.7113,38265.99,64410.814
002045.SZ,20100812,10.0647,10.2925,9.8909,9.9508,10.1906,-0.23980000000000068,-2.3531,40694.15,68427.9481
002045.SZ,20100811,10.1786,10.3345,10.0227,10.1906,10.1906,0.0,0.0,35414.34,60006.2136
002045.SZ,20100810,10.6701,10.7181,10.1306,10.1906,10.6342,-0.4436,-4.1714,38834.1,67527.3115
002045.SZ,20100809,10.4304,10.6462,10.3884,10.6342,10.4723,0.16189999999999927,1.546,52474.87,92473.268
002045.SZ,20100806,10.5143,10.5203,10.2985,10.4723,10.4903,-0.017999999999998906,-0.1716,64021.08,110930.5716
002045.SZ,20100805,10.2206,10.5503,10.1606,10.4903,10.3105,0.17980000000000018,1.7439,58974.83,102034.0559
002045.SZ,20100804,10.4184,10.4184,10.0227,10.3105,10.4304,-0.11990000000000123,-1.1495,66951.71,113637.4088
002045.SZ,20100803,10.7181,10.7661,10.3584,10.4304,10.7181,-0.2876999999999992,-2.6842,53599.21,94312.7382
002045.SZ,20100802,10.6102,10.7481,10.5802,10.7181,10.6941,0.023999999999999133,0.2244,53849.4,95785.9086
002045.SZ,20100730,10.79,10.85,10.4304,10.6941,10.8919,-0.1977999999999991,-1.816,62310.82,110073.2816
002045.SZ,20100729,10.9099,11.0538,10.7601,10.8919,10.9039,-0.012000000000000455,-0.1101,40867.1,74135.2078
002045.SZ,20100728,10.772,10.9039,10.6881,10.9039,10.778,0.12589999999999968,1.1681,33287.01,60157.1215
002045.SZ,20100727,10.8979,10.9099,10.7001,10.778,10.8979,-0.11989999999999945,-1.1002,25883.24,46593.8682
002045.SZ,20100726,10.784,10.9159,10.5982,10.8979,10.784,0.11389999999999922,1.0562,40961.12,73843.665
002045.SZ,20100723,10.6761,10.85,10.6701,10.784,10.7361,0.047900000000000276,0.4462,19055.36,34232.8814
002045.SZ,20100722,10.5503,10.844,10.5263,10.7361,10.6222,0.113900000000001,1.0723,22317.73,39941.9611
002045.SZ,20100721,10.6701,10.832,10.5742,10.6222,10.7601,-0.13790000000000013,-1.2816,28098.17,50063.0023
002045.SZ,20100720,10.3584,10.814,10.2505,10.7601,10.3404,0.41969999999999885,4.0588,44354.8,78460.19
002045.SZ,20100719,10.0407,10.3584,10.0107,10.3404,10.1726,0.1678000000000015,1.6495,13806.54,23570.6842
002045.SZ,20100716,10.1846,10.2206,9.9688,10.1726,10.2445,-0.07190000000000119,-0.7018,12747.02,21385.8285
002045.SZ,20100715,10.4903,10.5503,10.2026,10.2445,10.4903,-0.24579999999999913,-2.3431,8692.66,15058.6794
002045.SZ,20100714,10.4903,10.6282,10.3464,10.4903,10.4603,0.02999999999999936,0.2868,18528.02,32488.3983
002045.SZ,20100713,10.5503,10.5503,10.2266,10.4603,10.5982,-0.13790000000000013,-1.3012,19456.09,33761.1009
002045.SZ,20100712,10.4304,10.7181,10.4304,10.5982,10.3704,0.22780000000000022,2.1966,29451.74,52126.4243
002045.SZ,20100709,10.1486,10.4843,10.0167,10.3704,10.1366,0.23380000000000045,2.3065,33247.59,57235.6318
002045.SZ,20100708,10.2026,10.2206,9.8189,10.1366,10.1306,0.006000000000000227,0.0592,23910.8,40022.9323
002045.SZ,20100707,10.0707,10.1366,9.9868,10.1306,10.0227,0.107899999999999,1.0766,14966.35,25126.3318
002045.SZ,20100706,9.699,10.0707,9.699,10.0227,9.8309,0.19180000000000064,1.951,13660.51,22747.7071
002045.SZ,20100705,9.6691,9.8909,9.2914,9.8309,9.783,0.047900000000000276,0.4896,15463.89,24919.9362
002045.SZ,20100702,10.0767,10.1666,9.5732,9.783,10.0767,-0.2937000000000012,-2.9146,37679.64,61783.882
002045.SZ,20100701,9.9508,10.2385,9.9508,10.0767,10.0467,0.030000000000001137,0.2986,18839.17,31763.1932
002045.SZ,20100630,9.8789,10.0527,9.6031,10.0467,9.8909,0.15579999999999927,1.5752,15654.55,25678.7567
002045.SZ,20100629,10.1366,10.2745,9.8429,9.8909,10.2206,-0.329699999999999,-3.2258,29007.4,48172.6526
002045.SZ,20100628,10.3165,10.4004,9.9628,10.2206,10.3345,-0.113900000000001,-1.1021,19781.18,33554.5769
002045.SZ,20100625,10.3944,10.5083,10.2206,10.3345,10.4004,-0.06589999999999918,-0.6336,17857.38,30823.7255
002045.SZ,20100624,10.5023,10.6222,10.2505,10.4004,10.4903,-0.08990000000000009,-0.857,29775.23,51390.9898
002045.SZ,20100623,10.7601,10.838,10.4244,10.4903,10.784,-0.2937000000000012,-2.7235,21199.72,37437.6489
002045.SZ,20100622,10.5802,10.8799,10.5802,10.784,10.6222,0.16180000000000128,1.5232,25614.23,45744.4705
002045.SZ,20100621,10.4903,10.7241,10.2805,10.6222,10.6222,0.0,0.0,40644.52,71240.9156
002045.SZ,20100618,10.8979,11.1077,10.3884,10.6222,11.0658,-0.4436,-4.0087,27169.61,48498.6132
002045.SZ,20100617,11.3415,11.3895,10.9639,11.0658,11.3295,-0.26370000000000005,-2.3276,38939.74,72323.3069
002045.SZ,20100611,11.3895,11.4734,11.0358,11.3295,11.3535,-0.02400000000000091,-0.2114,35696.23,66873.6892
002045.SZ,20100610,11.6352,11.7791,11.2216,11.3535,11.3895,-0.03599999999999959,-0.3161,47594.18,91574.4412
002045.SZ,20100608,11.0778,11.4015,11.0358,11.3895,11.0778,0.3117000000000001,2.8137,53405.46,100633.7793
002045.SZ,20100607,10.9399,11.1377,10.7301,11.0778,11.0658,0.012000000000000455,0.1084,31366.06,57480.3396
002045.SZ,20100604,10.82,11.0718,10.79,11.0658,10.862,0.20379999999999932,1.8763,41970.01,76889.8844
002045.SZ,20100603,10.7301,11.0598,10.6282,10.862,10.5922,0.26980000000000004,2.5472,73453.9,133894.8628
002045.SZ,20100602,10.3464,10.5982,10.2026,10.5922,10.3045,0.2876999999999992,2.792,24231.36,42083.0572
002045.SZ,20100601,10.1067,10.4124,9.9988,10.3045,10.2206,0.08390000000000164,0.8209,31892.71,54408.2551
002045.SZ,20100531,10.3704,10.5383,10.1906,10.2206,10.4843,-0.26370000000000005,-2.5152,23774.78,41087.6539
002045.SZ,20100528,10.6402,10.6761,10.4304,10.4843,10.5203,-0.036000000000001364,-0.3422,21501.91,37820.0346
002045.SZ,20100527,10.3944,10.6522,10.2565,10.5203,10.3944,0.12590000000000146,1.2112,34742.64,60876.3663
002045.SZ,20100526,10.5383,10.6342,10.2385,10.3944,10.5383,-0.14390000000000036,-1.3655,24445.42,42402.6311
002045.SZ,20100525,10.7301,10.7301,10.3764,10.5383,10.79,-0.2516999999999996,-2.3327,33982.57,59989.1847
002045.SZ,20100524,10.3704,10.8799,10.3704,10.79,10.4124,0.37759999999999927,3.6264,46064.56,82400.734
002045.SZ,20100521,9.8309,10.4304,9.771,10.4124,10.3045,0.107899999999999,1.0471,44543.01,76004.3338
002045.SZ,20100520,10.1906,10.4963,10.0587,10.3045,10.2985,0.006000000000000227,0.0583,46843.69,80206.2563
002045.SZ,20100519,9.771,10.3105,9.687,10.2985,9.8909,0.4076000000000004,4.121,51254.23,86703.2316
002045.SZ,20100518,9.5432,9.9448,9.2674,9.8909,9.5911,0.2997999999999994,3.1258,30755.29,49544.4116
002045.SZ,20100517,9.8909,9.9268,9.4712,9.5911,10.0407,-0.44959999999999845,-4.4778,31406.36,50648.1181
002045.SZ,20100514,10.0107,10.2745,9.8309,10.0407,10.1426,-0.10190000000000055,-1.0047,45354.12,76077.1682
002045.SZ,20100513,9.2914,10.2385,9.2854,10.1426,9.3633,0.7792999999999992,8.3229,56711.04,93015.5516
002045.SZ,20100512,9.3514,9.5911,9.0456,9.3633,9.5312,-0.1678999999999995,-1.7616,34837.04,53860.0935
002045.SZ,20100511,10.1186,10.1786,9.2914,9.5312,9.8909,-0.35970000000000013,-3.6367,41968.48,67923.7587
002045.SZ,20100510,10.4843,10.6462,9.5432,9.8909,10.5263,-0.6354000000000006,-6.0363,42225.11,70761.6848
002045.SZ,20100507,10.4783,10.772,10.3225,10.5263,10.79,-0.26369999999999827,-2.4439,39090.91,68745.9779
002045.SZ,20100506,11.0478,11.1617,10.5203,10.79,11.0598,-0.26980000000000004,-2.4395,57990.21,104173.7204
002045.SZ,20100505,10.778,11.1797,10.6102,11.0598,10.9279,0.1318999999999999,1.207,43967.9,80203.0164
002045.SZ,20100504,10.4603,11.0238,10.3884,10.9279,10.6701,0.2577999999999996,2.4161,40044.4,72225.805
002045.SZ,20100430,11.0058,11.0058,10.2805,10.6701,10.9938,-0.32370000000000054,-2.9444,50819.43,88798.2013
002045.SZ,20100429,11.4494,11.6892,10.85,10.9938,11.5993,-0.6054999999999993,-5.2201,44162.0,83254.5255
002045.SZ,20100428,11.4374,11.8391,11.2156,11.5993,11.6892,-0.08990000000000009,-0.7691,40486.74,78287.7933
002045.SZ,20100427,11.6772,11.8391,11.1497,11.6892,11.7431,-0.0539000000000005,-0.459,43486.24,83255.1018
002045.SZ,20100426,11.3475,11.929,11.2096,11.7431,11.4734,0.2697000000000003,2.3507,65250.83,126372.4203
002045.SZ,20100423,11.4494,11.5633,11.2696,11.4734,11.5154,-0.041999999999999815,-0.3647,54013.52,102846.1887
002045.SZ,20100422,10.9039,11.7431,10.85,11.5154,10.9938,0.5215999999999994,4.7445,120304.49,229630.1461
002045.SZ,20100421,10.3584,11.0358,10.2206,10.9938,10.3584,0.6354000000000006,6.1342,76856.55,137811.2025
002045.SZ,20100420,10.1906,10.3704,9.8969,10.3584,10.1786,0.17980000000000018,1.7665,35440.97,60531.526
002045.SZ,20100419,10.4963,10.5802,10.1366,10.1786,10.6222,-0.4436,-4.1762,46273.0,79693.2206
002045.SZ,20100416,10.2565,10.7601,10.2385,10.6222,10.4723,0.1498999999999988,1.4314,56393.7,99377.3285
002045.SZ,20100415,10.814,10.9039,10.3105,10.4723,10.3404,0.1318999999999999,1.2756,121759.23,215260.7865
002045.SZ,20100414,10.1846,10.4184,10.0407,10.3404,10.2505,0.08990000000000009,0.877,39976.86,68596.2619
002045.SZ,20100413,10.5203,10.6462,9.8909,10.2505,10.6222,-0.3716999999999988,-3.4993,71740.44,122749.9333
002045.SZ,20100412,10.5922,10.868,10.4723,10.6222,10.5682,0.05400000000000027,0.511,68318.75,121128.0465
002045.SZ,20100409,10.2805,10.6102,10.1666,10.5682,10.2805,0.2876999999999992,2.7985,74610.34,129591.0315
002045.SZ,20100408,10.1486,10.4064,9.9808,10.2805,10.1426,0.13790000000000013,1.3596,79052.06,135227.3855
002045.SZ,20100407,10.0767,10.1906,9.9808,10.1426,10.0707,0.07189999999999941,0.714,52595.66,88746.0408
002045.SZ,20100406,10.1906,10.2385,9.8909,10.0707,10.0707,0.0,0.0,50590.16,84623.7
002045.SZ,20100402,9.9148,10.1366,9.8129,10.0707,10.0527,0.018000000000000682,0.1791,76581.01,128245.0293
002045.SZ,20100401,9.5971,10.1306,9.5911,10.0527,9.3993,0.6533999999999995,6.9516,164769.77,271724.4923
002045.SZ,20100331,9.3813,9.5312,9.2974,9.3993,9.3633,0.03599999999999959,0.3845,72503.23,113852.035
002045.SZ,20100330,9.0996,9.4233,9.0396,9.3633,9.0876,0.2757000000000005,3.0338,55008.43,84841.8792
002045.SZ,20100329,9.1296,9.1835,8.9677,9.0876,9.0996,-0.012000000000000455,-0.1319,36019.78,54461.0479
002045.SZ,20100326,9.0816,9.1595,8.9078,9.0996,9.0996,0.0,0.0,26067.72,39360.8159
002045.SZ,20100325,9.2914,9.2914,9.0456,9.0996,9.2974,-0.1977999999999991,-2.1275,23737.94,36072.7188
002045.SZ,20100324,9.3574,9.3753,9.2435,9.2974,9.3514,-0.05400000000000027,-0.5775,26182.08,40591.0705
002045.SZ,20100323,9.3334,9.4413,9.0576,9.3514,9.3274,0.023999999999999133,0.2573,60314.42,93035.1954
002045.SZ,20100322,9.3094,9.3873,9.2495,9.3274,9.2794,0.04800000000000004,0.5173,33614.39,52174.4046
002045.SZ,20100319,9.2435,9.3094,9.2015,9.2794,9.2255,0.0539000000000005,0.5843,32455.73,50156.72
002045.SZ,20100318,9.2075,9.3094,9.1296,9.2255,9.1655,0.0600000000000005,0.6546,38696.07,59456.4779
002045.SZ,20100317,8.9617,9.1715,8.9377,9.1655,8.9497,0.21579999999999977,2.4113,32780.79,49678.7314
002045.SZ,20100316,8.9917,9.0217,8.8718,8.9497,8.8298,0.11989999999999945,1.3579,21019.48,31326.5016
002045.SZ,20100315,8.8418,8.9497,8.7459,8.8298,8.8718,-0.041999999999999815,-0.4734,21285.35,31436.1498
002045.SZ,20100312,8.9977,9.0337,8.7339,8.8718,8.9917,-0.11989999999999945,-1.3335,34180.05,50460.2925
002045.SZ,20100311,9.2495,9.3334,8.9437,8.9917,9.2495,-0.2577999999999996,-2.7872,27650.66,41801.3749
002045.SZ,20100309,9.3933,9.3933,9.1176,9.2495,9.3633,-0.11380000000000123,-1.2154,32580.59,50095.5736
002045.SZ,20100308,9.3632,9.4404,9.2504,9.3632,9.3216,0.04160000000000075,0.4463,17330.57,27265.3232
002045.SZ,20100305,9.4938,9.5591,9.1969,9.3216,9.5294,-0.20780000000000065,-2.1806,40234.56,63198.6768
002045.SZ,20100304,9.8025,9.8916,9.3216,9.5294,9.9035,-0.37409999999999854,-3.7775,58682.01,95761.7307
002045.SZ,20100303,9.4701,9.9213,9.381,9.9035,9.4819,0.42159999999999975,4.4464,80197.4,130793.8672
002045.SZ,20100302,9.6541,9.666,9.3632,9.4819,9.6244,-0.14250000000000007,-1.4806,36727.58,58440.8497
002045.SZ,20100301,9.6779,9.7966,9.5591,9.6244,9.7016,-0.07719999999999949,-0.7957,28024.47,45379.0649
002045.SZ,20100225,9.6779,9.85,9.666,9.7016,9.7016,0.0,0.0,25302.98,41416.9296
002045.SZ,20100224,9.6066,9.761,9.5354,9.7016,9.6066,0.09499999999999886,0.9889,29655.83,48288.2801
002045.SZ,20100223,9.6066,9.6779,9.3929,9.6066,9.6066,0.0,0.0,24861.72,39968.2894
002045.SZ,20100222,9.3572,9.6482,9.2919,9.6066,9.3632,0.2433999999999994,2.5995,31580.25,50441.6572
002045.SZ,20100212,9.2207,9.3751,9.2207,9.3632,9.2088,0.15440000000000076,1.6767,22025.43,34565.6094
002045.SZ,20100211,9.1613,9.286,9.1138,9.2088,9.1672,0.04160000000000075,0.4538,21435.88,33246.4929
002045.SZ,20100210,9.1851,9.3097,9.0841,9.1672,9.2029,-0.03570000000000029,-0.3879,24805.97,38294.5565
002045.SZ,20100209,8.7873,9.2622,8.5498,9.2029,8.7873,0.4155999999999995,4.7296,50295.8,76163.1917
002045.SZ,20100208,9.1672,9.2563,8.7279,8.7873,8.7754,0.011900000000000688,0.1356,46127.96,69407.04
002045.SZ,20100205,8.7338,8.9594,8.5795,8.7754,9.0129,-0.2375000000000007,-2.6351,20811.77,30580.1634
002045.SZ,20100204,9.0188,9.1969,8.906,9.0129,9.1138,-0.10089999999999932,-1.1071,16767.02,25525.909
002045.SZ,20100203,8.906,9.2741,8.4013,9.1138,9.1435,-0.02970000000000006,-0.3248,35944.19,53921.8675
002045.SZ,20100202,9.7194,9.7254,8.8466,9.1435,9.5116,-0.3681000000000001,-3.87,63146.38,96445.0656
002045.SZ,20100201,9.4879,9.666,9.381,9.5116,9.4938,0.017799999999999372,0.1875,22356.17,35855.5733
002045.SZ,20100129,9.1198,9.5769,9.1138,9.4938,9.2563,0.2375000000000007,2.5658,32304.83,51372.5139
002045.SZ,20100128,9.0129,9.3038,9.0069,9.2563,9.1435,0.11280000000000001,1.2337,19848.51,30846.2411
002045.SZ,20100127,9.2385,9.381,8.906,9.1435,9.2622,-0.11870000000000047,-1.2816,24298.81,37275.3801
002045.SZ,20100126,9.3572,9.4938,8.8644,9.2622,9.4701,-0.20790000000000042,-2.1953,21991.36,34050.7242
002045.SZ,20100125,9.4047,9.5651,9.191,9.4701,9.5057,-0.035599999999998744,-0.3745,28668.09,45444.6929
002045.SZ,20100122,9.6779,9.6779,9.1732,9.5057,9.7135,-0.20780000000000065,-2.1393,26380.6,41853.8411
002045.SZ,20100121,9.5057,9.7135,9.2029,9.7135,10.0222,-0.3087,-3.0802,39777.58,63816.8489
002045.SZ,20100119,10.0519,10.1766,9.8263,10.0222,10.135,-0.11280000000000001,-1.113,31392.62,52617.7743
002045.SZ,20100118,9.6838,10.1647,9.6779,10.135,9.7847,0.35029999999999895,3.5801,38818.61,65093.397
002045.SZ,20100115,9.9747,9.9747,9.6244,9.7847,9.9629,-0.17819999999999858,-1.7886,48521.36,79507.3794
002045.SZ,20100114,9.856,10.0935,9.8085,9.9629,9.9094,0.05349999999999966,0.5399,65980.74,110734.037
002045.SZ,20100113,9.8025,10.0044,9.4997,9.9094,10.04,-0.13059999999999938,-1.3008,60201.59,99720.4498
002045.SZ,20100112,9.4107,10.0638,9.3157,10.04,9.4404,0.5995999999999988,6.3514,71998.41,118567.2396
002045.SZ,20100111,9.0248,9.5591,8.8466,9.4404,9.1138,0.3266000000000009,3.5836,46756.65,73626.532
002045.SZ,20100108,8.8763,9.1198,8.6151,9.1138,8.8941,0.21969999999999956,2.4702,40738.96,60881.8124
002045.SZ,20100107,9.1019,9.1138,8.8407,8.8941,8.9654,-0.07130000000000081,-0.7953,40626.44,61391.4133
002045.SZ,20100106,8.9654,9.3513,8.8348,8.9654,9.0129,-0.04749999999999943,-0.527,75879.51,115948.5697
002045.SZ,20100105,8.6626,9.0782,8.5498,9.0129,8.6091,0.4038000000000004,4.6904,88626.37,132452.9505
002045.SZ,20100104,8.431,8.627,8.2826,8.6091,8.3835,0.22560000000000002,2.691,56345.57,80671.788
002045.SZ,20091231,8.3123,8.4963,8.2054,8.3835,8.2529,0.13059999999999938,1.5825,46054.4,64466.8577
002045.SZ,20091230,8.3716,8.4132,8.1638,8.2529,8.4013,-0.14840000000000053,-1.7664,43450.34,60341.2559
002045.SZ,20091229,8.4013,8.4191,8.0867,8.4013,8.4013,0.0,0.0,46195.2,64419.4631
002045.SZ,20091228,8.3123,8.4785,8.2232,8.4013,8.342,0.05930000000000035,0.7109,56357.23,79095.2404
002045.SZ,20091225,8.4904,8.4904,8.2529,8.342,8.4785,-0.13649999999999984,-1.61,57607.68,80982.284
002045.SZ,20091224,7.956,8.5201,7.8729,8.4785,7.956,0.5225,6.5674,84414.68,118561.1824
002045.SZ,20091223,7.4098,8.057,7.4098,7.956,7.481,0.47500000000000053,6.3494,41431.72,54585.8655
002045.SZ,20091222,7.5998,7.7185,7.4276,7.481,7.5998,-0.11880000000000024,-1.5632,19273.47,24689.3714
002045.SZ,20091221,7.3979,7.5998,7.392,7.5998,7.4217,0.1780999999999997,2.3997,28223.69,35458.8432
002045.SZ,20091218,7.766,7.766,7.3623,7.4217,7.8373,-0.4155999999999995,-5.3028,24904.33,31616.0774
002045.SZ,20091217,8.152,8.2351,7.8135,7.8373,8.152,-0.3146999999999993,-3.8604,18322.22,24602.3822
002045.SZ,20091216,8.1223,8.2054,8.0748,8.152,8.1104,0.04159999999999897,0.5129,17453.04,23912.7094
002045.SZ,20091215,8.1817,8.2707,8.0748,8.1104,8.1817,-0.07129999999999903,-0.8715,19486.7,26761.1424
002045.SZ,20091214,8.3123,8.3954,8.0213,8.1817,8.3123,-0.13060000000000116,-1.5712,15915.21,21907.9454
002045.SZ,20091211,8.3063,8.4132,8.2529,8.3123,8.3063,0.006000000000000227,0.0722,18028.68,25304.9286
002045.SZ,20091210,8.1579,8.4607,8.1579,8.3063,8.1638,0.14250000000000007,1.7455,55103.64,77322.0297
002045.SZ,20091209,8.2766,8.2826,8.1104,8.1638,8.3123,-0.1485000000000003,-1.7865,20913.53,28877.9189
002045.SZ,20091208,8.3123,8.336,8.1282,8.3123,8.3657,-0.05339999999999989,-0.6383,33864.89,46852.8305
002045.SZ,20091207,8.1757,8.3716,8.0332,8.3657,8.241,0.1247000000000007,1.5132,29787.43,41276.6053
002045.SZ,20091204,8.4845,8.4904,8.0154,8.241,8.532,-0.29100000000000037,-3.4107,70905.69,98865.7514
002045.SZ,20091203,8.4251,8.6685,8.3716,8.532,8.342,0.1899999999999995,2.2776,54032.57,77709.8568
002045.SZ,20091202,8.2292,8.3776,8.152,8.342,8.1935,0.1485000000000003,1.8124,28924.75,40343.5586
002045.SZ,20091201,8.1698,8.3954,8.1342,8.1935,8.1698,0.023699999999999832,0.2901,37505.17,51957.1345
002045.SZ,20091130,8.0154,8.2173,7.9263,8.1698,7.9323,0.2375000000000007,2.9941,34950.98,47702.4677
002045.SZ,20091127,7.7779,8.057,7.7185,7.9323,7.956,-0.02370000000000072,-0.2979,27604.5,36729.9993
002045.SZ,20091126,8.2529,8.2826,7.8432,7.956,8.2707,-0.3146999999999993,-3.805,52748.74,71288.471
002045.SZ,20091125,8.0095,8.3004,7.8907,8.2707,8.0273,0.2433999999999994,3.0322,49887.21,67903.0409
002045.SZ,20091124,8.5854,8.5973,7.8967,8.0273,8.5854,-0.5580999999999996,-6.5006,88644.04,124333.5514
002045.SZ,20091123,8.6626,8.6626,8.4132,8.5854,8.6685,-0.08309999999999995,-0.9586,38929.86,55869.6125
002045.SZ,20091120,8.5795,8.7279,8.5379,8.6685,8.6448,0.023699999999999832,0.2742,28855.16,42089.4185
002045.SZ,20091119,8.4548,8.6982,8.4191,8.6448,8.4488,0.19599999999999973,2.3199,29471.57,42343.6994
002045.SZ,20091118,8.4785,8.5438,8.342,8.4488,8.4785,-0.02970000000000006,-0.3503,29554.33,42082.3144
002045.SZ,20091117,8.6091,8.6388,8.4073,8.4785,8.6091,-0.13059999999999938,-1.517,39843.86,56822.016
002045.SZ,20091116,8.3479,8.7576,8.3123,8.6091,8.2885,0.3205999999999989,3.868,55421.86,80235.4493
002045.SZ,20091113,8.0748,8.3598,8.0392,8.2885,8.1757,0.11280000000000001,1.3797,43350.22,60108.1779
002045.SZ,20091112,7.9857,8.2529,7.9204,8.1757,7.9679,0.20780000000000065,2.608,51853.48,70586.1053
002045.SZ,20091111,8.0629,8.152,7.8848,7.9679,8.0985,-0.13059999999999938,-1.6126,39000.72,52526.1495
002045.SZ,20091110,8.1342,8.2707,8.0451,8.0985,8.1698,-0.07130000000000081,-0.8727,46081.62,63219.0557
002045.SZ,20091109,7.867,8.2232,7.766,8.1698,7.9501,0.21970000000000045,2.7635,61771.09,82827.889
002045.SZ,20091106,7.8551,7.956,7.7304,7.9501,7.8076,0.14250000000000007,1.8251,57992.85,76620.6533
002045.SZ,20091105,7.8076,7.8254,7.6592,7.8076,7.8432,-0.03560000000000052,-0.4539,43140.56,56315.8729
002045.SZ,20091104,7.5701,7.9263,7.5582,7.8432,7.5523,0.2909000000000006,3.8518,99569.31,130614.5044
002045.SZ,20091103,7.481,7.6295,7.392,7.5523,7.4514,0.10090000000000021,1.3541,42706.13,54237.8864
002045.SZ,20091102,7.1248,7.4514,6.9467,7.4514,7.2554,0.19599999999999973,2.7014,48758.06,59144.7976
002045.SZ,20091030,7.1782,7.3564,7.1782,7.2554,7.1129,0.14250000000000007,2.0034,23317.02,28511.9021
002045.SZ,20091029,7.297,7.3504,6.9764,7.1129,7.3682,-0.2553000000000001,-3.4649,33688.88,40506.8644
002045.SZ,20091028,7.3742,7.481,7.2079,7.3682,7.392,-0.023800000000000487,-0.322,25567.28,31500.0959
002045.SZ,20091027,7.2911,7.487,7.2911,7.392,7.481,-0.08899999999999952,-1.1897,26393.17,32884.0798
002045.SZ,20091026,7.7185,7.7542,7.4454,7.481,7.6117,-0.13070000000000004,-1.7171,29900.06,37964.3313
002045.SZ,20091023,7.5879,7.7423,7.5642,7.6117,7.4692,0.14250000000000007,1.9078,52169.83,67229.6869
002045.SZ,20091022,7.5642,7.5701,7.3801,7.4692,7.5701,-0.10090000000000021,-1.3329,29743.24,37418.1996
002045.SZ,20091021,7.487,7.6295,7.4098,7.5701,7.5107,0.05940000000000012,0.7909,49140.51,62402.0713
002045.SZ,20091020,7.481,7.576,7.3742,7.5107,7.5107,0.0,0.0,49964.75,62839.6652
002045.SZ,20091019,7.2079,7.5345,7.1189,7.5107,7.1723,0.33840000000000003,4.7182,56919.62,69644.1699
002045.SZ,20091016,7.3267,7.3564,7.1011,7.1723,7.3267,-0.15439999999999987,-2.1074,48943.3,59112.3457
002045.SZ,20091015,7.3385,7.5523,7.2732,7.3267,7.2851,0.04159999999999986,0.571,31721.07,39648.9618
002045.SZ,20091014,7.1723,7.392,7.1723,7.2851,7.2317,0.05339999999999989,0.7384,25185.42,30954.946
002045.SZ,20091013,7.1842,7.3029,7.0951,7.2317,7.1664,0.06529999999999969,0.9112,26383.13,32017.5351
002045.SZ,20091012,6.9467,7.3089,6.8339,7.1664,6.8932,0.2732000000000001,3.9633,36476.12,43650.5562
002045.SZ,20091009,6.8101,6.9229,6.7448,6.8932,6.6558,0.23740000000000006,3.5668,15972.33,18387.3876
002045.SZ,20090930,6.5429,6.7389,6.4717,6.6558,6.4717,0.18409999999999993,2.8447,16783.11,18834.0348
002045.SZ,20090929,6.8754,6.9467,6.2936,6.4717,6.822,-0.35029999999999983,-5.1349,20990.0,23287.4229
002045.SZ,20090928,6.8042,6.9645,6.7983,6.822,6.8814,-0.05940000000000012,-0.8632,24782.62,28760.1788
002045.SZ,20090925,6.8042,7.0357,6.7983,6.8814,6.8754,0.006000000000000227,0.0873,16896.09,19589.9924
002045.SZ,20090924,6.7686,7.0357,6.7389,6.8754,6.8576,0.01780000000000026,0.2596,29027.82,33718.8691
002045.SZ,20090923,7.1842,7.2732,6.6142,6.8576,7.2139,-0.35630000000000006,-4.9391,48435.23,57864.8727
002045.SZ,20090922,7.4692,7.6295,7.1961,7.2139,7.4692,-0.2553000000000001,-3.418,73413.35,91308.4979
002045.SZ,20090921,7.2495,7.5464,7.0714,7.4692,7.2851,0.18409999999999993,2.5271,55154.62,67769.4095
002045.SZ,20090918,7.7185,7.7779,7.2436,7.2851,7.582,-0.29689999999999994,-3.9159,72415.52,92112.1238
002045.SZ,20090917,7.4276,7.7185,7.3623,7.582,7.3682,0.2138,2.9017,73668.42,94331.1205
002045.SZ,20090916,7.4276,7.677,7.2436,7.3682,7.5404,-0.17220000000000013,-2.2837,89741.69,112817.4806
002045.SZ,20090915,7.2851,7.6592,7.1426,7.5404,7.297,0.24340000000000028,3.3356,95243.57,118089.2842
002045.SZ,20090914,6.8873,7.3029,6.8517,7.297,6.8992,0.39779999999999927,5.7659,74332.36,89689.614
002045.SZ,20090911,6.8636,7.0298,6.8279,6.8992,6.9467,-0.04749999999999943,-0.6838,41034.58,47868.9697
002045.SZ,20090910,7.1248,7.202,6.8636,6.9467,7.2198,-0.27310000000000034,-3.7827,49581.87,58386.3347
002045.SZ,20090909,7.2198,7.3445,6.9526,7.2198,7.1248,0.09500000000000064,1.3334,95749.3,115368.2789
002045.SZ,20090907,6.9111,7.2436,6.7567,7.1248,6.9407,0.18409999999999993,2.6525,103822.59,123099.7755
002045.SZ,20090904,7.0951,7.2436,6.7686,6.9407,7.1248,-0.18409999999999993,-2.5839,88406.96,103211.2418
002045.SZ,20090903,6.9823,7.2436,6.8636,7.1248,6.9942,0.13059999999999938,1.8673,60162.37,71919.6217
002045.SZ,20090902,6.8339,7.0357,6.7983,6.9942,6.9111,0.08309999999999995,1.2024,32736.2,38176.8617
002045.SZ,20090901,6.5014,7.0179,6.442,6.9111,6.5904,0.32070000000000043,4.8662,52586.56,59934.7028
002045.SZ,20090831,6.6439,6.917,6.4005,6.5904,6.8636,-0.2732000000000001,-3.9804,36359.29,41062.9856
002045.SZ,20090828,7.1248,7.1842,6.8576,6.8636,7.2614,-0.39780000000000015,-5.4783,41795.57,49014.9576
002045.SZ,20090827,7.012,7.3267,6.9526,7.2614,6.9407,0.32070000000000043,4.6206,102748.03,124647.6344
002045.SZ,20090826,6.6498,7.0061,6.5311,6.9407,6.6498,0.2908999999999997,4.3746,39782.34,46219.0997
002045.SZ,20090825,6.8695,6.8695,6.4064,6.6498,6.8636,-0.2138,-3.115,35354.71,39340.2524
002045.SZ,20090824,6.6201,6.917,6.4776,6.8636,6.6023,0.2613000000000003,3.9577,45774.96,52509.6032
002045.SZ,20090821,6.2817,6.6439,6.1926,6.6023,6.2698,0.3324999999999996,5.3032,44481.95,48989.9958
002045.SZ,20090820,5.9611,6.3233,5.9611,6.2698,5.9492,0.3205999999999998,5.389,42361.37,44249.3469
002045.SZ,20090819,6.1095,6.163,5.8245,5.9492,6.1095,-0.16029999999999944,-2.6238,21230.69,21379.0384
002045.SZ,20090818,5.8305,6.2105,5.7473,6.1095,5.8305,0.2789999999999999,4.7852,38348.76,38792.6125
002045.SZ,20090817,5.9611,6.1451,5.7652,5.8305,6.068,-0.23749999999999982,-3.914,38613.48,38733.5172
002045.SZ,20090814,6.4836,6.6142,5.9433,6.068,6.5311,-0.46310000000000073,-7.0907,83552.32,87093.117
002045.SZ,20090813,6.7329,6.8279,6.4598,6.5311,6.7329,-0.20179999999999954,-2.9972,43971.27,49287.4307
002045.SZ,20090812,7.1248,7.1248,6.6201,6.7329,6.9764,-0.24350000000000005,-3.4903,22969.83,26212.9225
002045.SZ,20090811,7.1842,7.2376,6.7983,6.9764,7.0714,-0.09499999999999975,-1.3434,31543.02,36924.5571
002045.SZ,20090810,6.537,7.0832,6.5311,7.0714,6.4598,0.6115999999999993,9.4678,86326.27,98293.9147
002045.SZ,20090807,6.7983,6.9348,6.4301,6.4598,6.822,-0.36219999999999963,-5.3093,47481.11,53413.0941
002045.SZ,20090806,7.0417,7.0832,6.7745,6.822,7.1189,-0.29689999999999994,-4.1706,47081.03,54778.3305
002045.SZ,20090805,7.2139,7.392,7.0239,7.1189,7.1842,-0.06529999999999969,-0.9089,69708.53,84593.261
002045.SZ,20090804,6.9467,7.2436,6.9348,7.1842,6.9348,0.24939999999999962,3.5964,105309.13,126134.5085
002045.SZ,20090803,6.9764,7.1723,6.7508,6.9348,6.9526,-0.01780000000000026,-0.256,95238.91,111562.6619
002045.SZ,20090731,6.9467,7.0536,6.7389,6.9526,6.917,0.03560000000000052,0.5147,90627.46,104737.0904
002045.SZ,20090730,6.4183,6.9467,6.4183,6.917,6.4123,0.5046999999999997,7.8708,148045.13,169349.8047
002045.SZ,20090729,6.5489,6.7092,6.0323,6.4123,6.6023,-0.1899999999999995,-2.8778,131662.0,143557.7803
002045.SZ,20090728,6.1036,6.6498,6.0205,6.6023,6.1155,0.4867999999999997,7.9601,132540.84,142358.0758
002045.SZ,20090727,6.0086,6.2045,5.9967,6.1155,6.0264,0.08910000000000018,1.4785,86668.27,89190.2426
002045.SZ,20090724,5.9077,6.0323,5.8245,6.0264,5.9017,0.12469999999999981,2.113,73771.73,73610.1568
002045.SZ,20090723,5.9848,5.9908,5.7711,5.9017,5.9433,-0.04159999999999986,-0.6999,50528.89,49778.2431
002045.SZ,20090722,5.7948,6.0739,5.7948,5.9433,5.8245,0.11880000000000024,2.0397,73180.29,72762.7064
002045.SZ,20090721,6.0086,6.1333,5.8186,5.8245,6.0561,-0.23160000000000025,-3.8242,82747.93,83195.4577
002045.SZ,20090720,5.682,6.2045,5.682,6.0561,5.6761,0.3799999999999999,6.6947,140801.11,140767.7755
002045.SZ,20090717,5.6405,5.777,5.492,5.6761,5.6405,0.03559999999999963,0.6311,72935.43,69273.8189
002045.SZ,20090716,5.8477,5.8526,5.6014,5.6408,5.7935,-0.15270000000000028,-2.6357,73733.52,85658.1835
002045.SZ,20090715,5.7196,5.8526,5.6555,5.7935,5.6753,0.11819999999999986,2.0827,57566.8,67219.4149
002045.SZ,20090714,5.6654,5.695,5.6063,5.6753,5.6408,0.03450000000000042,0.6116,44288.49,50877.0337
002045.SZ,20090713,5.5669,5.695,5.5669,5.6408,5.5176,0.12319999999999975,2.2329,59705.76,68526.8423
002045.SZ,20090710,5.7836,5.7836,5.5176,5.5176,5.5521,-0.03450000000000042,-0.6214,101170.5,115607.2677
002045.SZ,20090708,5.6457,5.7147,5.5422,5.5521,5.5521,0.0,0.0,79762.03,90949.4789
002045.SZ,20090707,5.4683,5.6753,5.424,5.5521,5.4043,0.14780000000000015,2.7349,87299.65,98754.0379
002045.SZ,20090706,5.1728,5.4191,5.1728,5.4043,5.1974,0.20690000000000008,3.9808,66258.14,71678.1415
002045.SZ,20090703,5.158,5.2122,5.1481,5.1974,5.1875,0.00990000000000002,0.1908,27307.2,28731.7004
002045.SZ,20090702,5.222,5.2467,5.1186,5.1875,5.1875,0.0,0.0,40493.13,42502.8594
002045.SZ,20090701,5.1728,5.2713,5.1481,5.1875,5.1728,0.01470000000000038,0.2842,30945.2,32586.8847
002045.SZ,20090630,5.2762,5.3452,5.158,5.1728,5.3205,-0.1477000000000004,-2.7761,33754.49,35772.4482
002045.SZ,20090629,5.2417,5.4191,5.2023,5.3205,5.2417,0.0788000000000002,1.5033,59692.62,64868.1381
002045.SZ,20090626,5.1974,5.2467,5.153,5.2417,5.1777,0.06400000000000006,1.2361,26199.0,27728.0889
002045.SZ,20090625,5.3008,5.3353,5.1383,5.1777,5.291,-0.11330000000000062,-2.1414,49118.98,51925.5791
002045.SZ,20090624,5.3501,5.3797,5.2368,5.291,5.3205,-0.029499999999999638,-0.5545,33354.92,35755.6311
002045.SZ,20090623,5.291,5.3797,5.2319,5.3205,5.3797,-0.0591999999999997,-1.1004,42971.97,46288.6732
002045.SZ,20090622,5.1875,5.3944,5.158,5.3797,5.158,0.22169999999999934,4.2982,89256.01,96328.6283
002045.SZ,20090619,5.1925,5.222,5.1136,5.158,5.2023,-0.044299999999999784,-0.8515,34263.38,35762.3603
002045.SZ,20090618,5.2171,5.3058,5.158,5.2023,5.2023,0.0,0.0,35586.81,37860.8643
002045.SZ,20090617,5.089,5.2171,5.0841,5.2023,5.0841,0.11819999999999986,2.3249,25428.19,26602.4858
002045.SZ,20090616,5.0792,5.1333,5.025,5.0841,5.1383,-0.054199999999999804,-1.0548,16180.38,16663.4581
002045.SZ,20090615,5.0496,5.1383,5.025,5.1383,5.0792,0.05909999999999993,1.1636,22282.03,22993.8464
002045.SZ,20090612,5.2713,5.2762,5.0545,5.0792,5.2368,-0.15759999999999952,-3.0095,40515.1,42481.9405
002045.SZ,20090611,5.2516,5.3156,5.1925,5.2368,5.2368,0.0,0.0,60185.71,64287.3332
002045.SZ,20090610,5.0939,5.3205,5.0841,5.2368,5.0644,0.17239999999999966,3.4042,100720.19,107203.0035
002045.SZ,20090609,4.9117,5.0693,4.9117,5.0644,4.9117,0.15270000000000028,3.1089,46321.99,46955.5568
002045.SZ,20090608,4.9757,5.0397,4.8722,4.9117,5.0151,-0.1034000000000006,-2.0618,52821.8,53024.1429
002045.SZ,20090605,5.0102,5.0545,4.9806,5.0151,4.9806,0.03450000000000042,0.6927,31521.2,32123.7874
002045.SZ,20090604,5.1432,5.2072,4.9264,4.9806,5.1235,-0.14290000000000003,-2.7891,85218.38,86942.0804
002045.SZ,20090603,5.2565,5.2565,5.1136,5.1235,5.2368,-0.11329999999999973,-2.1635,69744.07,73036.7866
002045.SZ,20090602,5.3205,5.3501,5.1925,5.2368,5.3107,-0.07390000000000008,-1.3915,41247.89,44046.2568
002045.SZ,20090601,5.36,5.3747,5.222,5.3107,5.2762,0.03449999999999953,0.6539,25265.97,27140.8598
002045.SZ,20090526,5.222,5.4486,5.1728,5.2762,5.2467,0.029500000000000526,0.5623,44608.33,48407.0758
002045.SZ,20090525,5.0644,5.3156,4.9855,5.2467,5.2122,0.03449999999999953,0.6619,26645.49,27608.907
002045.SZ,20090522,5.2614,5.2713,5.1629,5.2122,5.2614,-0.04919999999999991,-0.9351,19554.39,20729.6594
002045.SZ,20090521,5.4092,5.4092,5.1629,5.2614,5.4191,-0.15770000000000017,-2.9101,34279.98,36642.9442
002045.SZ,20090520,5.2713,5.5521,5.2614,5.4191,5.2565,0.1626000000000003,3.0933,71536.46,78899.0136
002045.SZ,20090519,5.2368,5.2811,5.2023,5.2565,5.2171,0.03939999999999966,0.7552,31176.91,33200.3133
002045.SZ,20090518,5.2368,5.2467,5.1235,5.2171,5.2368,-0.019699999999999385,-0.3762,34962.89,36691.9614
002045.SZ,20090515,5.1728,5.2762,5.1432,5.2368,5.153,0.0838000000000001,1.6262,32426.85,34283.4245
002045.SZ,20090514,5.2171,5.2171,5.0841,5.153,5.2516,-0.09860000000000024,-1.8775,25910.3,27040.6901
002045.SZ,20090513,5.2467,5.3403,5.2171,5.2516,5.2664,-0.014800000000000146,-0.281,33921.88,36261.6939
002045.SZ,20090512,5.0742,5.2713,5.0496,5.2664,5.1481,0.11829999999999963,2.2979,32796.0,34404.1242
002045.SZ,20090511,5.4585,5.5176,5.1432,5.1481,5.4585,-0.31039999999999957,-5.6865,46799.48,50318.7333
002045.SZ,20090508,5.557,5.6654,5.3944,5.4585,5.6457,-0.1871999999999998,-3.3158,46614.59,51905.9346
002045.SZ,20090507,5.7196,5.7886,5.4782,5.6457,5.7886,-0.14290000000000003,-2.4686,78235.37,89368.7957
002045.SZ,20090506,5.4141,5.8625,5.3944,5.7886,5.4141,0.3744999999999994,6.9171,107947.04,124144.685
002045.SZ,20090505,5.4683,5.493,5.36,5.4141,5.4536,-0.039499999999999424,-0.7243,56108.77,61554.4316
002045.SZ,20090504,5.3107,5.5176,5.2811,5.4536,5.3107,0.14290000000000003,2.6908,51776.79,56879.2464
002045.SZ,20090430,5.3205,5.3846,5.222,5.3107,5.3255,-0.014800000000000146,-0.2779,43872.64,47182.5809
002045.SZ,20090429,5.1432,5.3994,5.1038,5.3255,5.1826,0.14290000000000003,2.7573,56261.61,60476.165
002045.SZ,20090428,5.0644,5.2368,5.0102,5.1826,5.0003,0.18229999999999968,3.6458,41573.8,43370.6175
002045.SZ,20090427,4.9757,5.2614,4.9461,5.0003,5.089,-0.08870000000000022,-1.743,44216.24,45916.4481
002045.SZ,20090424,5.2319,5.2467,5.0644,5.089,5.2467,-0.15769999999999929,-3.0057,34978.68,36585.9029
002045.SZ,20090423,5.0348,5.3058,4.9806,5.2467,5.0841,0.1625999999999994,3.1982,54614.18,57134.6306
002045.SZ,20090422,5.4092,5.5028,5.025,5.0841,5.2417,-0.15759999999999952,-3.0067,82100.17,88827.8007
002045.SZ,20090421,5.4191,5.4536,5.1136,5.2417,5.4585,-0.2168000000000001,-3.9718,77669.1,83217.0367
002045.SZ,20090420,5.4043,5.5915,5.1974,5.4585,5.5127,-0.054199999999999804,-0.9832,87050.74,95868.014
002045.SZ,20090417,5.9117,5.9117,5.4437,5.5127,6.0102,-0.4975000000000005,-8.2776,144987.44,165806.1111
002045.SZ,20090416,5.4191,6.0102,5.3747,6.0102,5.4634,0.5468000000000002,10.0084,125156.85,145409.1575
002045.SZ,20090415,5.2959,5.5915,5.222,5.4634,5.3846,0.0788000000000002,1.4634,99784.56,110233.8241
002045.SZ,20090414,5.3107,5.493,5.1629,5.3846,5.36,0.02459999999999951,0.459,114137.35,122314.8082
002045.SZ,20090413,5.0742,5.3944,5.0496,5.36,5.1333,0.22670000000000012,4.4163,147235.14,155934.9454
002045.SZ,20090410,4.956,5.3895,4.8969,5.1333,5.0693,0.06400000000000006,1.2625,166791.73,175259.3796
002045.SZ,20090409,4.9806,5.3205,4.9264,5.0693,4.9215,0.14780000000000015,3.0031,220695.16,227857.4389
002045.SZ,20090408,4.8181,4.9215,4.8181,4.9215,4.4732,0.4482999999999997,10.0219,148557.16,148260.3952
002045.SZ,20090407,4.4338,4.4831,4.3747,4.4732,4.4289,0.04430000000000067,1.0002,39711.6,35636.9996
002045.SZ,20090403,4.4831,4.6801,4.355,4.4289,4.4289,0.0,0.0,97098.04,89379.122
002045.SZ,20090402,4.1776,4.5077,4.0988,4.4289,4.1875,0.24139999999999961,5.7648,108230.49,95280.511
002045.SZ,20090401,4.0397,4.1875,4.0347,4.1875,4.02,0.16750000000000043,4.1667,57219.71,47780.2734
002045.SZ,20090331,3.9411,4.0249,3.8919,4.02,4.0347,-0.01470000000000038,-0.3643,40977.31,32936.8303
002045.SZ,20090330,4.015,4.1136,3.9756,4.0347,4.0052,0.029499999999999638,0.7365,39597.15,32631.7408
002045.SZ,20090327,4.0249,4.0791,3.9707,4.0052,3.9953,0.009900000000000464,0.2478,38103.77,31110.6643
002045.SZ,20090326,3.882,4.0003,3.8377,3.9953,3.9165,0.07879999999999976,2.012,44174.86,35118.2346
002045.SZ,20090325,4.015,4.0742,3.9017,3.9165,4.0446,-0.12809999999999988,-3.1672,40118.05,32517.5236
002045.SZ,20090324,4.0052,4.084,3.9609,4.0446,3.9116,0.133,3.4001,63565.81,51692.6973
002045.SZ,20090323,3.8672,3.9411,3.8672,3.9116,3.8919,0.01969999999999983,0.5062,32281.99,25641.0508
002045.SZ,20090320,3.9904,3.9904,3.818,3.8919,3.9658,-0.07390000000000008,-1.8634,33969.61,26791.2855
002045.SZ,20090319,3.9067,3.9855,3.882,3.9658,3.9017,0.06410000000000027,1.6429,32791.47,26242.6568
002045.SZ,20090318,3.8968,4.0249,3.887,3.9017,3.887,0.014699999999999935,0.3782,46432.22,37200.6371
002045.SZ,20090317,3.7786,3.9165,3.7342,3.887,3.7736,0.11339999999999995,3.0051,32953.8,25751.4638
002045.SZ,20090316,3.7884,3.7884,3.6554,3.7736,3.7786,-0.004999999999999893,-0.1323,20366.34,15411.9911
002045.SZ,20090313,3.8722,3.882,3.749,3.7786,3.8574,-0.0788000000000002,-2.0428,22033.21,17073.4957
002045.SZ,20090312,3.7244,3.882,3.7047,3.8574,3.7884,0.06899999999999995,1.8213,27931.28,21398.4908
002045.SZ,20090311,3.8032,3.9165,3.7441,3.7884,3.7195,0.06890000000000018,1.8524,47482.46,37106.6591
002045.SZ,20090310,3.547,3.7293,3.5224,3.7195,3.6357,0.0838000000000001,2.3049,24238.26,18070.2729
002045.SZ,20090309,3.9411,3.9904,3.552,3.6357,3.9067,-0.2709999999999999,-6.9368,50944.68,39163.6001
002045.SZ,20090306,3.7441,3.9658,3.6505,3.9067,3.8131,0.0935999999999999,2.4547,48096.37,38188.8471
002045.SZ,20090305,3.7392,3.8426,3.6554,3.8131,3.7096,0.10349999999999993,2.7901,42275.85,32187.829
002045.SZ,20090304,3.4879,3.7145,3.4879,3.7096,3.4978,0.2118000000000002,6.0552,38975.16,28735.4787
002045.SZ,20090303,3.4485,3.5421,3.3007,3.4978,3.547,-0.049200000000000355,-1.3871,18886.7,13221.7284
002045.SZ,20090302,3.4633,3.5815,3.4633,3.547,3.5372,0.009800000000000253,0.2771,17600.29,12679.3906
002045.SZ,20090227,3.6357,3.7392,3.3253,3.5372,3.6948,-0.15759999999999996,-4.2655,34437.63,24570.6464
002045.SZ,20090226,3.9411,3.9806,3.547,3.6948,3.9214,-0.22660000000000036,-5.7785,25509.9,19792.527
002045.SZ,20090225,4.0003,4.0249,3.7934,3.9214,3.9067,0.01470000000000038,0.3763,39884.44,31703.484
002045.SZ,20090224,4.153,4.1628,3.9067,3.9067,4.2072,-0.30050000000000043,-7.1425,38245.75,31248.7753
002045.SZ,20090223,4.1727,4.2318,4.02,4.2072,4.1628,0.04440000000000044,1.0666,36554.02,30843.9463
002045.SZ,20090220,3.9658,4.1628,3.9658,4.1628,3.9904,0.17239999999999966,4.3204,32991.89,27375.637
002045.SZ,20090219,3.9609,4.0298,3.882,3.9904,3.8574,0.133,3.4479,26253.11,21087.6056
002045.SZ,20090218,3.8377,4.0249,3.8032,3.8574,3.8574,0.0,0.0,40212.06,32136.9232
002045.SZ,20090217,4.0397,4.0397,3.8278,3.8574,4.0249,-0.16749999999999954,-4.1616,31015.22,24688.2257
002045.SZ,20090216,4.0446,4.1727,3.9658,4.0249,3.9904,0.03449999999999953,0.8646,52592.91,43291.6419
002045.SZ,20090213,3.8328,4.02,3.8328,3.9904,3.7096,0.28080000000000016,7.5695,54723.97,43701.2112
002045.SZ,20090212,3.6603,3.7195,3.5372,3.7096,3.6357,0.07390000000000008,2.0326,30786.73,22739.5084
002045.SZ,20090211,3.6209,3.7884,3.5864,3.6357,3.7145,-0.0788000000000002,-2.1214,43378.06,32344.4095
002045.SZ,20090210,3.5963,3.8278,3.5766,3.7145,3.616,0.09850000000000003,2.724,37843.77,28664.8569
002045.SZ,20090209,3.6948,3.7096,3.5224,3.616,3.6357,-0.01969999999999983,-0.5418,49469.06,36436.0358
002045.SZ,20090206,3.4436,3.6702,3.4436,3.6357,3.4485,0.1871999999999998,5.4284,42885.58,31157.3302
002045.SZ,20090205,3.3746,3.5864,3.3303,3.4485,3.3746,0.07390000000000008,2.1899,70099.8,49699.0269
002045.SZ,20090204,3.3401,3.4337,3.3401,3.3746,3.35,0.024599999999999955,0.7343,37728.32,25869.3576
002045.SZ,20090203,3.2712,3.3746,3.2416,3.35,3.2613,0.08870000000000022,2.7198,36202.74,24416.0606
002045.SZ,20090202,3.1923,3.3007,3.1775,3.2613,3.1775,0.08379999999999965,2.6373,29260.19,19226.2598
002045.SZ,20090123,3.1825,3.212,3.1529,3.1775,3.1825,-0.004999999999999893,-0.1571,22519.48,14561.7006
002045.SZ,20090122,3.2022,3.2268,3.1332,3.1825,3.1923,-0.009799999999999809,-0.307,20514.57,13226.9196
002045.SZ,20090121,3.0544,3.2268,3.0298,3.1923,3.1086,0.08369999999999989,2.6925,41180.45,26331.5191
002045.SZ,20090120,3.0101,3.1283,3.0051,3.1086,3.0101,0.09850000000000003,3.2723,22462.45,13928.5533
002045.SZ,20090119,3.0987,3.1234,2.9953,3.0101,3.0741,-0.06400000000000006,-2.0819,24149.64,14957.1309
002045.SZ,20090116,3.0889,3.1677,3.0593,3.0741,3.079,-0.0049000000000001265,-0.1591,32226.9,20438.4853
002045.SZ,20090115,3.0396,3.1234,3.0101,3.079,3.0642,0.014800000000000146,0.483,32480.43,20242.4611
002045.SZ,20090114,2.9756,3.0692,2.946,3.0642,2.9657,0.09850000000000003,3.3213,22932.22,14085.5773
002045.SZ,20090113,3.0938,3.0938,2.9608,2.9657,3.1135,-0.14780000000000015,-4.7471,31414.13,19133.3926
002045.SZ,20090112,3.1037,3.2367,3.1037,3.1135,3.1234,-0.00990000000000002,-0.317,45631.04,29417.7389
002045.SZ,20090109,2.9805,3.1381,2.9559,3.1234,2.9657,0.15770000000000017,5.3175,24321.11,15191.4763
002045.SZ,20090108,3.0101,3.0544,2.9164,2.9657,3.0938,-0.12809999999999988,-4.1405,18995.8,11504.243
002045.SZ,20090107,3.1037,3.1283,3.0445,3.0938,3.1037,-0.00990000000000002,-0.319,20127.98,12580.3223
002045.SZ,20090106,2.9608,3.1135,2.9608,3.1037,2.9953,0.10840000000000005,3.619,26423.15,16409.4165
002045.SZ,20090105,2.9164,3.0101,2.8869,2.9953,2.8573,0.1379999999999999,4.8297,15083.37,9057.4246
002045.SZ,20081231,2.8869,2.9559,2.8573,2.8573,2.882,-0.024700000000000166,-0.857,14001.0,8269.2656
002045.SZ,20081230,2.9312,2.9706,2.8524,2.882,2.946,-0.06400000000000006,-2.1724,17607.07,10451.976
002045.SZ,20081226,2.9608,3.0248,2.9312,2.946,2.946,0.0,0.0,16700.81,10117.5486
002045.SZ,20081225,2.8967,3.0248,2.8967,2.946,2.882,0.06400000000000006,2.2207,24454.02,14654.0168
002045.SZ,20081224,2.9115,2.9854,2.8475,2.882,2.9608,-0.07879999999999976,-2.6614,22544.66,13356.3665
002045.SZ,20081223,3.2514,3.2564,2.9608,2.9608,3.2909,-0.3301000000000003,-10.0307,45893.18,28807.0353
002045.SZ,20081222,3.1923,3.3746,3.1529,3.2909,3.1973,0.09360000000000035,2.9275,48013.75,31768.163
002045.SZ,20081219,3.2367,3.3204,3.1578,3.1973,3.2613,-0.06400000000000006,-1.9624,46940.56,30722.2796
002045.SZ,20081218,3.0298,3.2613,2.9608,3.2613,3.0347,0.2265999999999999,7.467,64957.3,41429.9057
002045.SZ,20081217,2.9608,3.079,2.9509,3.0347,2.946,0.08869999999999978,3.0109,51665.91,31758.1825
002045.SZ,20081216,2.882,2.9509,2.7834,2.946,2.882,0.06400000000000006,2.2207,20738.57,12042.7393
002045.SZ,20081215,2.8672,2.9756,2.8031,2.882,2.7539,0.12810000000000032,4.6516,29394.87,17229.3082
002045.SZ,20081212,2.8228,2.8623,2.7292,2.7539,2.877,-0.12309999999999999,-4.2788,33713.44,19116.8404
002045.SZ,20081211,2.9854,3.0987,2.877,2.877,2.9608,-0.0838000000000001,-2.8303,48693.58,29665.4762
002045.SZ,20081210,2.7884,2.9608,2.7884,2.9608,2.8327,0.12809999999999988,4.5222,25788.61,15090.4703
002045.SZ,20081209,2.9559,2.9559,2.7933,2.8327,2.9312,-0.09850000000000003,-3.3604,32817.41,19091.8649
002045.SZ,20081208,2.9066,2.9805,2.8327,2.9312,2.8475,0.08369999999999989,2.9394,40607.89,24173.6204
002045.SZ,20081205,2.7292,2.8672,2.7194,2.8475,2.7194,0.12810000000000032,4.7106,29045.92,16608.6043
002045.SZ,20081204,2.8573,2.8721,2.7095,2.7194,2.7884,-0.0690000000000004,-2.4745,44909.59,25499.4738
002045.SZ,20081203,2.6603,2.7982,2.6159,2.7884,2.6159,0.17250000000000032,6.5943,40847.29,22593.622
002045.SZ,20081202,2.4878,2.68,2.4632,2.6159,2.547,0.06889999999999974,2.7051,21653.49,11448.7367
002045.SZ,20081201,2.4386,2.5667,2.414,2.547,2.4238,0.1232000000000002,5.0829,12630.24,6427.5646
002045.SZ,20081128,2.4878,2.5371,2.414,2.4238,2.4977,-0.07390000000000008,-2.9587,9586.89,4777.5254
002045.SZ,20081127,2.6603,2.6997,2.4878,2.4977,2.4928,0.0049000000000001265,0.1966,22165.06,11625.4833
002045.SZ,20081126,2.4928,2.5519,2.4681,2.4928,2.5322,-0.0394000000000001,-1.556,7032.29,3580.263
002045.SZ,20081125,2.5371,2.5864,2.4632,2.5322,2.5026,0.02959999999999985,1.1828,15190.1,7839.7474
002045.SZ,20081124,2.5765,2.5962,2.4632,2.5026,2.6061,-0.10349999999999993,-3.9715,18638.12,9464.7071
002045.SZ,20081121,2.4632,2.6849,2.3992,2.6061,2.547,0.05909999999999993,2.3204,24928.06,12883.6185
002045.SZ,20081120,2.5174,2.6603,2.4731,2.547,2.5568,-0.009799999999999809,-0.3833,21064.93,11035.3881
002045.SZ,20081119,2.3745,2.5617,2.3745,2.5568,2.3548,0.20199999999999996,8.5782,19687.92,9932.1871
002045.SZ,20081118,2.5617,2.6061,2.3548,2.3548,2.6159,-0.2610999999999999,-9.9813,22309.97,11246.9237
002045.SZ,20081117,2.547,2.6258,2.478,2.6159,2.547,0.06889999999999974,2.7051,25894.28,13401.8135
002045.SZ,20081114,2.4386,2.5864,2.409,2.547,2.4238,0.1232000000000002,5.0829,25593.71,12853.6404
002045.SZ,20081113,2.3401,2.4731,2.3154,2.4238,2.3647,0.05909999999999993,2.4993,20717.17,10185.6576
002045.SZ,20081112,2.2662,2.3696,2.2662,2.3647,2.2859,0.0788000000000002,3.4472,7431.23,3512.8493
002045.SZ,20081111,2.3154,2.3401,2.2711,2.2859,2.3401,-0.05420000000000025,-2.3161,8366.78,3911.962
002045.SZ,20081110,2.207,2.3548,2.207,2.3401,2.1873,0.15280000000000005,6.9858,17736.69,8259.7819
002045.SZ,20081107,2.1036,2.2169,2.1036,2.1873,2.1479,0.0394000000000001,1.8343,3595.85,1593.1793
002045.SZ,20081106,2.1923,2.1923,2.143,2.1479,2.2218,-0.07390000000000008,-3.3261,3574.99,1570.2336
002045.SZ,20081105,2.1923,2.2612,2.1331,2.2218,2.1331,0.08869999999999978,4.1583,5917.62,2650.7703
002045.SZ,20081104,2.2267,2.2267,2.0987,2.1331,2.2218,-0.08869999999999978,-3.9923,4788.15,2079.2056
002045.SZ,20081103,2.2465,2.2563,2.1726,2.2218,2.212,0.009799999999999809,0.443,5183.64,2333.81
002045.SZ,20081031,2.143,2.2908,2.1331,2.212,2.1331,0.07889999999999997,3.6988,14660.23,6610.4241
002045.SZ,20081030,2.1036,2.2021,2.0937,2.1331,2.0494,0.08370000000000033,4.0841,7547.83,3281.816
002045.SZ,20081029,2.1184,2.1479,2.0445,2.0494,2.0888,-0.0394000000000001,-1.8863,3916.23,1669.7612
002045.SZ,20081028,2.0691,2.1134,2.0149,2.0888,2.0395,0.04930000000000012,2.4173,4148.06,1739.8186
002045.SZ,20081027,2.1824,2.2267,2.0297,2.0395,2.2415,-0.20199999999999996,-9.0118,5064.06,2199.1905
002045.SZ,20081024,2.2809,2.2957,2.1923,2.2415,2.2612,-0.019700000000000273,-0.8712,3192.62,1454.585
002045.SZ,20081023,2.2267,2.2908,2.2218,2.2612,2.2809,-0.01969999999999983,-0.8637,2364.19,1081.6922
002045.SZ,20081022,2.3056,2.3598,2.2809,2.2809,2.3548,-0.07390000000000008,-3.1383,2277.24,1076.1331
002045.SZ,20081021,2.3647,2.4189,2.345,2.3548,2.3647,-0.00990000000000002,-0.4187,4059.15,1957.7692
002045.SZ,20081020,2.3056,2.3893,2.2366,2.3647,2.2809,0.0838000000000001,3.674,3357.05,1588.7147
002045.SZ,20081017,2.2563,2.2957,2.2366,2.2809,2.2366,0.044299999999999784,1.9807,2573.62,1182.4102
002045.SZ,20081016,2.2957,2.3154,2.2218,2.2366,2.3647,-0.12809999999999988,-5.4172,3926.32,1804.6222
002045.SZ,20081015,2.2908,2.3893,2.2908,2.3647,2.3548,0.00990000000000002,0.4204,2133.51,1018.7547
002045.SZ,20081014,2.4632,2.5125,2.345,2.3548,2.3401,0.014699999999999935,0.6282,8067.93,4006.9387
002045.SZ,20081013,2.2711,2.345,2.1923,2.3401,2.2809,0.05920000000000014,2.5955,4217.26,1951.1942
002045.SZ,20081010,2.4484,2.4632,2.2711,2.2809,2.5076,-0.22670000000000012,-9.0405,8482.2,4071.2647
002045.SZ,20081009,2.5617,2.5765,2.5026,2.5076,2.5273,-0.01969999999999983,-0.7795,2704.5,1392.4207
002045.SZ,20081008,2.5371,2.5617,2.4928,2.5273,2.5864,-0.05909999999999993,-2.285,3670.6,1878.4007
002045.SZ,20081007,2.5223,2.611,2.4731,2.5864,2.5568,0.02959999999999985,1.1577,3166.15,1639.6814
002045.SZ,20081006,2.7095,2.7489,2.5568,2.5568,2.7884,-0.23160000000000025,-8.3058,6828.6,3678.7226
002045.SZ,20080926,2.9017,2.9066,2.7539,2.7884,2.882,-0.0935999999999999,-3.2477,12615.19,7203.7352
002045.SZ,20080925,2.8573,2.9164,2.8228,2.882,2.8524,0.029600000000000293,1.0377,13271.64,7758.248
002045.SZ,20080924,2.7489,2.8524,2.7145,2.8524,2.8081,0.044299999999999784,1.5776,7938.21,4497.3234
002045.SZ,20080923,2.8228,2.9362,2.7884,2.8081,2.9559,-0.14780000000000015,-5.0002,20186.3,11697.0683
002045.SZ,20080922,2.882,3.0002,2.7637,2.9559,2.744,0.21189999999999998,7.7223,35501.93,20760.5253
002045.SZ,20080919,2.7095,2.744,2.6455,2.744,2.4928,0.2512000000000003,10.077,13325.6,7367.4168
002045.SZ,20080918,2.6258,2.6258,2.4189,2.4928,2.6356,-0.14280000000000026,-5.4181,8516.22,4308.14
002045.SZ,20080917,2.6406,2.744,2.6258,2.6356,2.6849,-0.04929999999999968,-1.8362,3958.57,2136.3569
002045.SZ,20080916,2.7785,2.7785,2.6159,2.6849,2.7884,-0.10350000000000037,-3.7118,7933.8,4336.2014
002045.SZ,20080912,2.9214,2.9706,2.7785,2.7884,2.9362,-0.1477999999999997,-5.0337,14712.19,8476.4322
002045.SZ,20080911,2.8672,2.9756,2.8475,2.9362,2.8623,0.07390000000000008,2.5818,18557.81,11011.6576
002045.SZ,20080910,2.8327,2.9164,2.8081,2.8623,2.8721,-0.009800000000000253,-0.3412,9351.07,5438.3945
002045.SZ,20080909,2.8327,2.9411,2.7933,2.8721,2.8918,-0.01969999999999983,-0.6812,13790.35,8019.4886
002045.SZ,20080908,2.7489,2.946,2.7145,2.8918,2.7292,0.16259999999999986,5.9578,18033.87,10329.0486
002045.SZ,20080905,2.7588,2.7736,2.6997,2.7292,2.7982,-0.06899999999999995,-2.4659,5564.9,3088.3459
002045.SZ,20080904,2.7095,2.8475,2.7095,2.7982,2.7292,0.06899999999999995,2.5282,5641.45,3182.2061
002045.SZ,20080903,2.7243,2.7687,2.6751,2.7292,2.7095,0.019700000000000273,0.7271,3772.1,2082.5981
002045.SZ,20080902,2.6849,2.7539,2.6652,2.7095,2.6898,0.01969999999999983,0.7324,5300.83,2913.102
002045.SZ,20080901,2.7834,2.7834,2.6751,2.6898,2.8081,-0.11830000000000007,-4.2128,4304.0,2365.9094
002045.SZ,20080829,2.7539,2.8426,2.7342,2.8081,2.7342,0.07390000000000008,2.7028,4879.1,2767.9832
002045.SZ,20080828,2.7243,2.7588,2.6603,2.7342,2.7243,0.00990000000000002,0.3634,6983.5,3850.8858
002045.SZ,20080827,2.7834,2.7834,2.6603,2.7243,2.7834,-0.05909999999999993,-2.1233,2885.25,1605.1573
002045.SZ,20080826,2.9312,2.9362,2.7637,2.7834,2.9312,-0.14780000000000015,-5.0423,3564.0,2033.4158
002045.SZ,20080825,2.9411,2.9953,2.9066,2.9312,2.9312,0.0,0.0,1448.0,870.811
002045.SZ,20080822,2.946,2.9903,2.8672,2.9312,2.9312,0.0,0.0,1760.26,1049.9875
002045.SZ,20080821,3.0051,3.0495,2.9312,2.9312,3.0692,-0.1379999999999999,-4.4963,4114.75,2487.3558
002045.SZ,20080820,2.8524,3.0987,2.7243,3.0692,2.8475,0.2216999999999998,7.7858,7588.44,4599.6971
002045.SZ,20080819,2.7194,2.8573,2.7194,2.8475,2.7982,0.04930000000000012,1.7618,1708.6,975.7723
002045.SZ,20080818,2.9362,3.0495,2.7982,2.7982,3.0002,-0.20199999999999996,-6.7329,2878.0,1686.584
002045.SZ,20080815,2.9805,3.0445,2.9657,3.0002,2.9805,0.01969999999999983,0.661,3167.11,1938.728
002045.SZ,20080814,2.9312,3.0002,2.8573,2.9805,2.946,0.034499999999999975,1.1711,3798.8,2281.6674
002045.SZ,20080813,2.8426,2.9559,2.8426,2.946,2.946,0.0,0.0,2611.49,1533.4536
002045.SZ,20080812,2.9756,3.0051,2.9066,2.946,2.9854,-0.03939999999999966,-1.3198,2773.85,1663.0762
002045.SZ,20080811,3.2564,3.2564,2.9608,2.9854,3.2514,-0.266,-8.1811,16379.41,10269.0768
002045.SZ,20080808,3.4584,3.4682,3.1775,3.2514,3.4584,-0.2070000000000003,-5.9854,16073.33,10748.6352
002045.SZ,20080807,3.5864,3.616,3.4534,3.4584,3.5963,-0.1378999999999997,-3.8345,14551.91,10398.2295
002045.SZ,20080806,3.4879,3.6308,3.3795,3.5963,3.3746,0.2216999999999998,6.5697,20634.3,14729.4379
002045.SZ,20080805,3.3746,3.4386,3.35,3.3746,3.3598,0.014800000000000146,0.4405,9002.37,6188.9838
002045.SZ,20080804,3.3992,3.3992,3.3253,3.3598,3.3992,-0.0394000000000001,-1.1591,3570.73,2439.3956
002045.SZ,20080801,3.35,3.4485,3.3056,3.3992,3.4091,-0.00990000000000002,-0.2904,8969.96,6135.7419
002045.SZ,20080731,3.5323,3.5323,3.3549,3.4091,3.5076,-0.09850000000000003,-2.8082,8347.2,5814.9058
002045.SZ,20080730,3.4781,3.5372,3.4633,3.5076,3.4534,0.05420000000000025,1.5695,8989.67,6377.1145
002045.SZ,20080729,3.5076,3.5076,3.4485,3.4534,3.5273,-0.07390000000000008,-2.0951,9558.51,6745.4906
002045.SZ,20080728,3.5076,3.5717,3.4978,3.5273,3.5125,0.014799999999999702,0.4214,8294.19,5954.0467
002045.SZ,20080725,3.5224,3.547,3.4584,3.5125,3.5766,-0.06409999999999982,-1.7922,7185.82,5126.6598
002045.SZ,20080724,3.5027,3.5815,3.4879,3.5766,3.4879,0.08870000000000022,2.5431,11086.09,7970.8922
002045.SZ,20080723,3.5323,3.5963,3.4633,3.4879,3.547,-0.059100000000000374,-1.6662,9044.33,6462.8967
002045.SZ,20080722,3.547,3.5963,3.4879,3.547,3.5766,-0.02959999999999985,-0.8276,10273.2,7376.6314
002045.SZ,20080721,3.3992,3.5963,3.3795,3.5766,3.4534,0.1232000000000002,3.5675,15361.75,11000.2614
002045.SZ,20080718,3.3845,3.4584,3.2317,3.4534,3.3007,0.15269999999999984,4.6263,8873.94,6023.674
002045.SZ,20080717,3.2958,3.4239,3.2761,3.3007,3.2514,0.04930000000000012,1.5163,13451.28,9157.0351
002045.SZ,20080716,3.3401,3.3943,3.2022,3.2514,3.35,-0.09860000000000024,-2.9433,16895.71,11309.487
002045.SZ,20080715,3.4485,3.483,3.3007,3.35,3.4485,-0.09850000000000003,-2.8563,18984.9,13029.3896
002045.SZ,20080714,3.35,3.4731,3.35,3.4485,3.3943,0.05420000000000025,1.5968,12045.97,8373.3117
002045.SZ,20080711,3.3992,3.4337,3.2613,3.3943,3.414,-0.019700000000000273,-0.577,18756.02,12685.5885
002045.SZ,20080710,3.4189,3.5717,3.3549,3.414,3.4534,-0.03939999999999966,-1.1409,19614.12,13920.635
002045.SZ,20080709,3.3795,3.5076,3.3795,3.4534,3.414,0.03939999999999966,1.1541,21757.13,15212.4953
002045.SZ,20080708,3.2909,3.4337,3.2564,3.414,3.3106,0.10340000000000016,3.1233,17572.06,11952.6782
002045.SZ,20080707,3.1332,3.3204,3.1332,3.3106,3.1283,0.18230000000000013,5.8274,12293.0,8151.372
002045.SZ,20080704,3.1381,3.1825,3.0642,3.1283,3.1529,-0.024599999999999955,-0.7802,8824.14,5597.8815
002045.SZ,20080703,2.9903,3.2022,2.9362,3.1529,3.0248,0.12809999999999988,4.235,13072.62,8248.0974
002045.SZ,20080702,3.015,3.0839,2.9854,3.0248,2.9805,0.044299999999999784,1.4863,4699.99,2898.7225
002045.SZ,20080701,3.079,3.079,2.9559,2.9805,3.0445,-0.06400000000000006,-2.1022,5007.75,3056.8218
002045.SZ,20080630,3.0298,3.0938,2.9805,3.0445,3.0298,0.01470000000000038,0.4852,5895.91,3651.8546
002045.SZ,20080627,3.2022,3.2416,3.0051,3.0298,3.3401,-0.31030000000000024,-9.2901,16604.03,10419.8076
002045.SZ,20080626,3.3795,3.3943,3.2514,3.3401,3.3746,-0.034499999999999975,-1.0223,18366.95,12349.9655
002045.SZ,20080625,3.3303,3.3746,3.212,3.3746,3.1431,0.23150000000000004,7.3653,17475.19,11746.3036
002045.SZ,20080624,3.0347,3.1874,2.9657,3.1431,3.0101,0.133,4.4185,20525.58,12832.2915
002045.SZ,20080623,2.9657,3.0396,2.946,3.0101,3.015,-0.0049000000000001265,-0.1625,5503.79,3341.3258
002045.SZ,20080620,3.0002,3.1234,2.813,3.015,2.9854,0.029600000000000293,0.9915,10372.99,6353.7001
002045.SZ,20080619,3.2514,3.3253,2.9854,2.9854,3.3155,-0.3301000000000003,-9.9563,8689.32,5533.5733
002045.SZ,20080618,3.079,3.3845,3.079,3.3155,3.1628,0.15270000000000028,4.828,11326.5,7509.3574
002045.SZ,20080617,3.3992,3.4485,3.1283,3.1628,3.3943,-0.23150000000000004,-6.8203,7549.49,5012.5784
002045.SZ,20080616,3.4584,3.5224,3.3894,3.3943,3.5076,-0.11330000000000018,-3.2301,4337.41,3024.4063
002045.SZ,20080613,3.6948,3.7392,3.4879,3.5076,3.6702,-0.16259999999999986,-4.4303,5487.17,3988.2964
002045.SZ,20080612,3.6998,3.7638,3.5963,3.6702,3.6948,-0.024599999999999955,-0.6658,6475.71,4808.1216
002045.SZ,20080611,3.8919,3.8919,3.6505,3.6948,3.9017,-0.20690000000000008,-5.3028,11013.61,8327.4446
002045.SZ,20080610,4.1875,4.1875,3.9017,3.9017,4.3353,-0.4336000000000002,-10.0016,6423.99,5188.6023
002045.SZ,20080606,4.3057,4.3796,4.2761,4.3353,4.3057,0.029600000000000293,0.6875,6350.3,5580.3045
002045.SZ,20080605,4.2958,4.3303,4.2417,4.3057,4.2909,0.014800000000000146,0.3449,4239.59,3686.2137
002045.SZ,20080604,4.3895,4.3895,4.2663,4.2909,4.3895,-0.09860000000000024,-2.2463,7724.37,6741.4818
002045.SZ,20080603,4.4929,4.4929,4.3599,4.3895,4.4486,-0.05909999999999993,-1.3285,5926.8,5298.869
002045.SZ,20080602,4.4338,4.4978,4.3747,4.4486,4.4486,0.0,0.0,5496.3,4949.0599
002045.SZ,20080530,4.4042,4.4831,4.2663,4.4486,4.4338,0.014800000000000146,0.3338,9311.49,8323.0274
002045.SZ,20080529,4.5225,4.5717,4.4338,4.4338,4.5372,-0.1034000000000006,-2.2789,5905.3,5399.4313
002045.SZ,20080528,4.4732,4.5865,4.4387,4.5372,4.4831,0.05410000000000004,1.2068,7917.21,7288.8727
002045.SZ,20080527,4.5619,4.5619,4.3648,4.4831,4.5767,-0.09359999999999946,-2.0451,6585.45,5949.6939
002045.SZ,20080526,4.4781,4.6506,4.4338,4.5767,4.5028,0.07390000000000008,1.6412,16460.34,15242.8816
002045.SZ,20080523,4.3895,4.5964,4.3451,4.5028,4.4633,0.039499999999999424,0.885,13795.81,12517.0201
002045.SZ,20080522,4.5077,4.5619,4.4338,4.4633,4.552,-0.08869999999999933,-1.9486,9605.97,8753.0746
002045.SZ,20080521,4.4831,4.5717,4.2909,4.552,4.4831,0.0688999999999993,1.5369,16045.36,14388.8579
002045.SZ,20080520,4.9067,4.9511,4.4338,4.4831,4.9067,-0.42359999999999953,-8.6331,11974.04,11490.1571
002045.SZ,20080519,4.7836,4.9215,4.754,4.9067,4.8722,0.03449999999999953,0.7081,8562.9,8376.8291
002045.SZ,20080516,5.0003,5.0841,4.7786,4.8722,5.0151,-0.14290000000000003,-2.8494,14121.46,14178.9282
002045.SZ,20080515,4.9708,5.1875,4.9708,5.0151,4.956,0.05909999999999993,1.1925,25310.9,26037.3646
002045.SZ,20080514,4.7639,4.9609,4.7639,4.956,4.754,0.20200000000000085,4.2491,17859.69,17753.1589
002045.SZ,20080513,4.6752,4.8525,4.6358,4.754,4.8772,-0.12320000000000064,-2.526,23768.87,22872.4674
002045.SZ,20080512,4.7836,4.9708,4.6555,4.8772,4.8575,0.019700000000000273,0.4056,14323.09,13990.444
002045.SZ,20080509,5.025,5.0447,4.7885,4.8575,4.9954,-0.13790000000000013,-2.7605,14313.01,14266.2348
002045.SZ,20080508,4.9018,5.0003,4.7786,4.9954,4.9166,0.0788000000000002,1.6027,13508.19,13406.3043
002045.SZ,20080507,5.1875,5.222,4.9166,4.9166,5.2171,-0.30050000000000043,-5.7599,23627.54,24340.0368
002045.SZ,20080506,5.2713,5.4092,5.1728,5.2171,5.3205,-0.10339999999999971,-1.9434,23098.8,24780.9835
002045.SZ,20080505,5.2516,5.3403,5.0742,5.3205,5.2368,0.08370000000000033,1.5983,25989.62,27432.7639
002045.SZ,20080430,5.0693,5.2713,5.0348,5.2368,5.025,0.21179999999999932,4.2149,23191.69,24199.0467
002045.SZ,20080429,4.9855,5.1629,4.9314,5.025,5.0348,-0.009799999999999365,-0.1946,15558.09,15985.8232
002045.SZ,20080428,5.1432,5.1629,4.9412,5.0348,5.2368,-0.20199999999999996,-3.8573,26776.83,27428.565
002045.SZ,20080425,5.3944,5.4733,5.222,5.2368,5.557,-0.3202000000000007,-5.7621,52492.56,56911.5053
002045.SZ,20080424,5.4191,5.6457,5.222,5.557,5.158,0.399,7.7356,90148.66,100034.207
002045.SZ,20080423,4.9264,5.2072,4.7294,5.158,5.0742,0.0838000000000001,1.6515,52025.7,52351.2557
002045.SZ,20080422,4.6604,5.1235,4.6555,5.0742,4.6555,0.4187000000000003,8.9937,70258.58,68872.8255
002045.SZ,20080421,4.6506,4.7294,4.5077,4.6555,4.4141,0.24139999999999961,5.4688,27943.83,26233.5705
002045.SZ,20080418,4.3993,4.5028,4.3057,4.4141,4.4141,0.0,0.0,11531.17,10305.8635
002045.SZ,20080417,4.4042,4.5323,4.3451,4.4141,4.4042,0.00990000000000002,0.2248,8903.29,8024.4625
002045.SZ,20080416,4.5569,4.5569,4.3747,4.4042,4.5372,-0.133,-2.9313,4731.68,4289.245
002045.SZ,20080415,4.3796,4.5668,4.2367,4.5372,4.419,0.11820000000000075,2.6748,7392.27,6624.2908
002045.SZ,20080414,4.7786,4.7786,4.4092,4.419,4.8525,-0.43350000000000044,-8.9335,6272.49,5833.1269
002045.SZ,20080411,4.7097,4.8772,4.7047,4.8525,4.7294,0.12309999999999999,2.6029,10214.7,9912.9814
002045.SZ,20080410,4.6308,4.7294,4.5569,4.7294,4.6801,0.04929999999999968,1.0534,6653.81,6268.0
002045.SZ,20080409,4.9708,5.0003,4.6604,4.6801,4.9757,-0.2955999999999994,-5.9409,8443.56,8285.2241
002045.SZ,20080408,4.9264,5.0151,4.8279,4.9757,4.9511,0.02459999999999951,0.4969,9221.52,9267.4892
002045.SZ,20080407,4.552,5.0053,4.4831,4.9511,4.6752,0.27590000000000003,5.9014,10305.07,10101.8955
002045.SZ,20080403,4.5767,4.7688,4.3156,4.6752,4.5816,0.09360000000000035,2.043,7094.9,6566.8605
002045.SZ,20080402,4.9264,4.9757,4.5077,4.5816,4.8722,-0.2906000000000004,-5.9645,10087.52,9710.3947
002045.SZ,20080401,5.2713,5.291,4.8722,4.8722,5.4141,-0.5419,-10.0091,11247.63,11446.2587
002045.SZ,20080331,5.4191,5.4191,5.1481,5.4141,5.5324,-0.11829999999999963,-2.1383,8296.54,8909.1275
002045.SZ,20080328,5.3205,5.6851,5.1481,5.5324,5.4437,0.08870000000000022,1.6294,13982.47,15300.6484
002045.SZ,20080327,5.7886,5.7886,5.4289,5.4437,5.8132,-0.3695000000000004,-6.3562,8830.67,9945.2696
002045.SZ,20080326,5.9856,6.0102,5.7639,5.8132,5.9117,-0.09849999999999959,-1.6662,8766.13,10481.8113
002045.SZ,20080325,5.7639,5.9413,5.6408,5.9117,5.8625,0.04919999999999991,0.8392,8492.14,9994.8739
002045.SZ,20080324,6.0004,6.0546,5.7294,5.8625,5.9413,-0.0788000000000002,-1.3263,10191.72,12250.1185
002045.SZ,20080321,5.8871,6.0349,5.7738,5.9413,5.8871,0.054199999999999804,0.9207,11253.1,13529.7668
002045.SZ,20080320,5.7196,6.0102,5.4191,5.8871,5.7639,0.12320000000000064,2.1374,12991.12,15094.9179
002045.SZ,20080319,5.6802,5.8969,5.6161,5.7639,5.5915,0.17239999999999966,3.0833,9116.13,10646.6176
002045.SZ,20080318,5.7133,5.8738,5.3049,5.5917,5.689,-0.09729999999999972,-1.7103,15037.31,17175.1462
002045.SZ,20080317,6.0731,6.1752,5.6647,5.689,6.1752,-0.4862000000000002,-7.8734,11644.5,14167.7718
002045.SZ,20080314,6.1801,6.253,6.0196,6.1752,6.2044,-0.02919999999999945,-0.4706,10849.74,13660.5287
002045.SZ,20080313,6.2239,6.4086,6.1315,6.2044,6.4281,-0.2237,-3.48,10271.15,13171.9987
002045.SZ,20080312,6.7101,6.7344,6.4086,6.4281,6.3551,0.07299999999999951,1.1487,11058.05,14867.1471
002045.SZ,20080310,6.6128,6.6372,6.2725,6.3551,6.6566,-0.3014999999999999,-4.5293,14015.0,18618.9115
002045.SZ,20080307,6.8317,6.8754,6.6566,6.6566,6.8706,-0.21399999999999952,-3.1147,11285.11,15603.1274
002045.SZ,20080306,6.8657,7.0261,6.8414,6.8706,6.89,-0.019400000000000084,-0.2816,20551.08,29294.9734
002045.SZ,20080305,6.6858,6.9046,6.5253,6.89,6.7539,0.1360999999999999,2.0151,15295.78,21137.8932
002045.SZ,20080304,6.9483,6.9532,6.7295,6.7539,6.8997,-0.14580000000000037,-2.1131,20194.91,28433.6834
002045.SZ,20080303,6.7295,6.9629,6.6177,6.8997,6.7344,0.16530000000000022,2.4546,24902.96,35178.8089
002045.SZ,20080229,6.6517,6.7539,6.5788,6.7344,6.6615,0.07289999999999974,1.0943,13786.59,18950.3033
002045.SZ,20080228,6.6615,6.7198,6.5691,6.6615,6.6858,-0.02430000000000021,-0.3635,11926.82,16333.3071
002045.SZ,20080227,6.6955,6.7101,6.4621,6.6858,6.5642,0.12160000000000082,1.8525,11737.26,16040.8858
002045.SZ,20080226,6.6615,6.7587,6.3746,6.5642,6.4913,0.07289999999999974,1.123,16877.67,22700.4212
002045.SZ,20080225,6.8025,6.8657,6.467,6.4913,6.7101,-0.21879999999999988,-3.2608,16812.76,22985.1317
002045.SZ,20080222,6.9143,6.9143,6.5739,6.7101,6.997,-0.28690000000000015,-4.1003,26283.48,36423.2068
002045.SZ,20080221,6.4621,7.0991,6.4281,6.997,6.4718,0.5251999999999999,8.1152,66540.53,93093.7761
002045.SZ,20080220,6.8025,6.8025,6.467,6.4718,6.8706,-0.3987999999999996,-5.8044,47656.04,64141.8687
002045.SZ,20080219,6.8122,6.9824,6.8122,6.8706,6.8122,0.058399999999999785,0.8573,21332.8,30273.1512
002045.SZ,20080218,6.7198,6.9483,6.715,6.8122,6.6323,0.17989999999999995,2.7125,21976.76,30934.9408
002045.SZ,20080215,6.4621,6.6372,6.4183,6.6323,6.4572,0.1750999999999996,2.7117,16350.11,22042.437
002045.SZ,20080214,6.4427,6.5205,6.4281,6.4572,6.4038,0.05339999999999989,0.8339,8163.79,10867.9756
002045.SZ,20080213,6.2773,6.5545,6.2725,6.4038,6.3697,0.03410000000000046,0.5353,11889.07,15709.069
002045.SZ,20080205,6.1947,6.5059,6.1023,6.3697,6.2093,0.1604000000000001,2.5832,17842.5,23346.919
002045.SZ,20080204,5.971,6.2628,5.937,6.2093,5.6939,0.5153999999999996,9.0518,28180.33,35569.2283
002045.SZ,20080201,5.9078,5.9564,5.5674,5.6939,5.8835,-0.18959999999999955,-3.2226,14836.16,17393.2899
002045.SZ,20080131,5.9759,6.0002,5.8446,5.8835,5.9613,-0.07779999999999987,-1.3051,6372.14,7763.709
002045.SZ,20080130,5.937,6.0974,5.8106,5.9613,5.9127,0.04859999999999953,0.822,10861.9,13286.8877
002045.SZ,20080129,5.6987,6.0002,5.6987,5.9127,5.7522,0.16049999999999986,2.7902,10429.98,12583.8824
002045.SZ,20080128,6.3308,6.3503,5.7522,5.7522,6.3892,-0.6369999999999996,-9.9699,21632.93,26680.3742
002045.SZ,20080125,6.467,6.5496,6.3357,6.3892,6.467,-0.07779999999999987,-1.203,18813.51,24966.6792
002045.SZ,20080124,6.2725,6.4913,6.2239,6.467,6.2433,0.2237,3.583,25229.58,32880.6293
002045.SZ,20080123,6.0683,6.3114,6.005,6.2433,6.0439,0.1993999999999998,3.2992,27883.11,35434.1559
002045.SZ,20080122,6.4572,6.608,6.0439,6.0439,6.715,-0.6711,-9.994,33280.28,42935.7221
002045.SZ,20080121,7.2498,7.2547,6.7004,6.715,7.2498,-0.5347999999999997,-7.3768,22225.6,32016.6633
002045.SZ,20080118,7.1234,7.2936,7.0553,7.2498,7.2012,0.04859999999999953,0.6749,15164.87,22467.1275
002045.SZ,20080117,7.3908,7.5853,7.0164,7.2012,7.4249,-0.2237,-3.0128,35639.86,53367.5647
002045.SZ,20080116,7.4686,7.5659,7.2984,7.4249,7.4929,-0.06799999999999962,-0.9075,35375.53,53883.4093
002045.SZ,20080115,7.4394,7.5124,7.3665,7.4929,7.4394,0.05349999999999966,0.7191,25617.1,39303.6795
002045.SZ,20080114,7.245,7.6048,7.1963,7.4394,7.2936,0.14580000000000037,1.999,33616.15,51151.1981
002045.SZ,20080111,7.5124,7.6485,7.2255,7.2936,7.5464,-0.2528000000000006,-3.3499,46273.97,69941.415
002045.SZ,20080110,7.5756,7.8284,7.4783,7.5464,7.5561,-0.009699999999999598,-0.1284,98730.38,155537.085
002045.SZ,20080109,6.8851,7.5561,6.8268,7.5561,6.8706,0.6855000000000002,9.9773,69140.1,103870.0721
002045.SZ,20080108,7.2936,7.2936,6.8219,6.8706,7.2984,-0.4278000000000004,-5.8616,34133.11,49491.4172
002045.SZ,20080107,7.1477,7.3179,7.1234,7.2984,7.2206,0.07779999999999987,1.0775,23458.98,34896.2994
002045.SZ,20080104,7.2887,7.3568,7.1963,7.2206,7.2936,-0.07299999999999951,-1.0009,23631.16,35390.9951
002045.SZ,20080103,6.9921,7.3665,6.856,7.2936,7.0116,0.28200000000000003,4.0219,49090.62,73166.1629
002045.SZ,20080102,6.9094,7.0748,6.8171,7.0116,6.8706,0.14100000000000001,2.0522,23701.41,33953.9239
002045.SZ,20071228,7.0261,7.0261,6.856,6.8706,6.9629,-0.09230000000000071,-1.3256,14113.36,20020.5866
002045.SZ,20071227,6.8608,7.1088,6.8608,6.9629,6.8365,0.1264000000000003,1.8489,27613.2,39651.6951
002045.SZ,20071226,6.7441,6.8803,6.7198,6.8365,6.7441,0.0923999999999996,1.3701,24314.34,34098.0811
002045.SZ,20071225,6.8073,6.8073,6.6517,6.7441,6.7684,-0.024299999999999322,-0.359,17183.03,23738.9121
002045.SZ,20071224,6.8073,6.9192,6.7198,6.7684,6.7539,0.014499999999999957,0.2147,19456.61,27289.7302
002045.SZ,20071221,6.5885,6.8073,6.5885,6.7539,6.7101,0.04380000000000006,0.6527,13614.2,18859.9893
002045.SZ,20071220,6.7344,6.7344,6.5691,6.7101,6.6517,0.058399999999999785,0.878,13309.27,18176.3181
002045.SZ,20071219,6.3697,6.6517,6.3697,6.6517,6.4427,0.20899999999999963,3.244,18038.42,24347.9888
002045.SZ,20071218,6.5302,6.6128,6.326,6.4427,6.5399,-0.09719999999999995,-1.4863,7697.51,10235.1826
002045.SZ,20071217,6.3989,6.6031,6.3989,6.5399,6.3989,0.14100000000000001,2.2035,16837.23,22578.1014
002045.SZ,20071214,6.1995,6.4086,6.1315,6.3989,6.2336,0.16530000000000022,2.6518,12124.07,15601.182
002045.SZ,20071213,6.5156,6.6128,6.2336,6.2336,6.5399,-0.30630000000000024,-4.6836,16924.01,22364.8673
002045.SZ,20071212,6.4475,6.6128,6.3697,6.5399,6.4524,0.08750000000000036,1.3561,14448.05,19325.5655
002045.SZ,20071211,6.3892,6.4816,6.3308,6.4524,6.4621,-0.009700000000000486,-0.1501,14568.81,19215.9349
002045.SZ,20071210,6.2336,6.5545,6.2336,6.4621,6.1655,0.29660000000000064,4.8106,39552.61,52178.1579
002045.SZ,20071207,5.9272,6.185,5.8786,6.1655,5.9029,0.26259999999999994,4.4487,16613.1,20679.2885
002045.SZ,20071206,5.971,5.9807,5.8738,5.9029,5.9564,-0.05350000000000055,-0.8982,5164.41,6287.1706
002045.SZ,20071205,5.8835,6.005,5.8397,5.9564,5.8689,0.08750000000000036,1.4909,10307.13,12550.049
002045.SZ,20071204,6.0196,6.0585,5.8494,5.8689,5.9321,-0.06320000000000014,-1.0654,7439.71,9023.6349
002045.SZ,20071203,5.8349,6.0294,5.8154,5.9321,5.83,0.10210000000000008,1.7513,9477.03,11611.0847
002045.SZ,20071130,5.9321,5.971,5.8008,5.83,5.8932,-0.06320000000000014,-1.0724,5150.56,6226.4884
002045.SZ,20071129,5.8446,5.9321,5.7425,5.8932,5.723,0.17020000000000035,2.974,10231.97,12339.5004
002045.SZ,20071128,5.7036,5.9078,5.689,5.723,5.7036,0.019400000000000084,0.3401,5050.81,6017.3195
002045.SZ,20071127,5.6404,5.7911,5.6404,5.7036,5.7376,-0.03399999999999981,-0.5926,3804.13,4472.3655
002045.SZ,20071126,5.8543,5.8738,5.7036,5.7376,5.7473,-0.009700000000000486,-0.1688,4824.46,5754.9551
002045.SZ,20071123,5.6501,5.7619,5.5431,5.7473,5.7376,0.009700000000000486,0.1691,8735.74,10146.0491
002045.SZ,20071122,5.8932,5.8932,5.6695,5.7376,5.8349,-0.09730000000000061,-1.6676,10195.74,12179.2813
002045.SZ,20071121,5.9856,6.0245,5.7862,5.8349,5.971,-0.1360999999999999,-2.2794,8517.07,10341.838
002045.SZ,20071120,5.7862,6.0294,5.7862,5.971,5.8932,0.07779999999999987,1.3202,9334.53,11418.1292
002045.SZ,20071119,5.655,5.9224,5.655,5.8932,5.6598,0.2334000000000005,4.1238,8884.46,10634.6849
002045.SZ,20071116,5.6161,5.7862,5.5723,5.6598,5.7328,-0.0730000000000004,-1.2734,8495.29,9840.1134
002045.SZ,20071115,5.7376,5.8349,5.5917,5.7328,5.689,0.04380000000000006,0.7699,12292.98,14449.9444
002045.SZ,20071114,5.6306,5.7376,5.5917,5.689,5.5091,0.17989999999999995,3.2655,7747.82,9022.0309
002045.SZ,20071113,5.5674,5.7376,5.4118,5.5091,5.5188,-0.009699999999999598,-0.1758,8504.86,9727.9056
002045.SZ,20071112,5.5869,5.6404,5.3486,5.5188,5.6404,-0.12159999999999993,-2.1559,11766.72,13211.055
002045.SZ,20071109,5.8592,6.005,5.5723,5.6404,5.9078,-0.2674000000000003,-4.5262,18220.19,21625.6489
002045.SZ,20071108,6.2239,6.3697,5.9078,5.9078,6.2725,-0.3647,-5.8143,9773.03,12391.3338
002045.SZ,20071107,6.1266,6.2773,6.1266,6.2725,6.1509,0.12159999999999993,1.9769,12342.69,15776.8003
002045.SZ,20071106,6.2628,6.2628,6.0342,6.1509,6.0877,0.06320000000000014,1.0382,7751.22,9763.8613
002045.SZ,20071105,5.971,6.2676,5.971,6.0877,5.9661,0.12159999999999993,2.0382,9320.93,11784.8445
002045.SZ,20071102,5.8592,6.0683,5.8397,5.9661,6.2093,-0.24319999999999986,-3.9167,12733.18,15566.446
002045.SZ,20071031,5.6841,6.2093,5.6695,6.2093,5.6452,0.5640999999999998,9.9926,25383.63,31154.9923
002045.SZ,20071030,5.7668,5.7668,5.5431,5.6452,5.6209,0.02430000000000021,0.4323,11227.64,12951.5525
002045.SZ,20071029,5.723,5.8057,5.5237,5.6209,5.6695,-0.04860000000000042,-0.8572,8132.78,9466.1898
002045.SZ,20071026,5.3632,5.7182,5.3632,5.6695,5.548,0.12150000000000016,2.19,11985.32,13762.8328
002045.SZ,20071025,5.9807,5.9807,5.5188,5.548,6.0391,-0.4911000000000003,-8.132,21188.76,24541.5026
002045.SZ,20071024,6.3697,6.4183,6.0196,6.0391,6.3649,-0.3257999999999992,-5.1187,18560.54,23677.2763
002045.SZ,20071023,6.3843,6.5059,6.2384,6.3649,6.3989,-0.034000000000000696,-0.5313,9925.63,12933.6987
002045.SZ,20071022,6.3697,6.5691,6.2336,6.3989,6.4232,-0.024299999999999322,-0.3783,13372.84,17552.3243
002045.SZ,20071019,6.5496,6.608,6.3503,6.4232,6.467,-0.04380000000000006,-0.6773,12889.97,17047.4641
002045.SZ,20071018,6.7636,6.8073,6.4475,6.467,6.7441,-0.2771000000000008,-4.1088,25032.61,33763.9408
002045.SZ,20071017,6.9094,6.997,6.6663,6.7441,6.9046,-0.16049999999999986,-2.3245,28304.64,39402.6199
002045.SZ,20071016,7.0018,7.2936,6.8219,6.9046,7.0018,-0.09719999999999995,-1.3882,33065.67,47699.0341
002045.SZ,20071015,7.138,7.5027,6.924,7.0018,7.1039,-0.10210000000000008,-1.4372,58785.51,87162.203
002045.SZ,20071012,6.6615,7.138,6.2628,7.1039,6.6663,0.43760000000000066,6.5644,109416.51,155605.3847
002045.SZ,20071011,6.4621,6.7539,6.4329,6.6663,6.4329,0.2333999999999996,3.6282,51115.09,69800.2917
002045.SZ,20071010,6.3697,6.4572,6.3697,6.4329,6.4183,0.014599999999999724,0.2275,17362.32,22888.3521
002045.SZ,20071009,6.4038,6.467,6.3211,6.4183,6.4038,0.014499999999999957,0.2264,13280.78,17407.4312
002045.SZ,20071008,6.3989,6.5837,6.3989,6.4038,6.3697,0.03410000000000046,0.5353,15181.03,20197.0452
002045.SZ,20070928,6.3162,6.4232,6.2676,6.3697,6.2141,0.15559999999999974,2.504,14195.8,18499.8716
002045.SZ,20070926,6.4232,6.4427,6.1752,6.2141,6.4086,-0.19449999999999967,-3.035,12516.08,16150.6928
002045.SZ,20070925,6.2968,6.4086,6.1752,6.4086,6.3065,0.10210000000000008,1.619,18350.2,23811.7933
002045.SZ,20070924,6.4038,6.535,6.2239,6.3065,6.4183,-0.11180000000000057,-1.7419,22176.72,28828.7346
002045.SZ,20070921,6.4913,6.5642,6.2725,6.4183,6.4816,-0.06329999999999991,-0.9766,22120.25,29137.0065
002045.SZ,20070920,6.5156,6.6372,6.4086,6.4816,6.5156,-0.03399999999999981,-0.5218,23579.0,31437.906
002045.SZ,20070919,6.7733,6.7733,6.4572,6.5156,6.7684,-0.2527999999999997,-3.735,21874.87,29545.5111
002045.SZ,20070918,6.8073,6.8754,6.6323,6.7684,6.8365,-0.06810000000000027,-0.9961,22539.41,31166.7819
002045.SZ,20070917,6.6031,6.8803,6.5448,6.8365,6.6372,0.19930000000000003,3.0028,27757.82,38295.5682
002045.SZ,20070914,6.6906,6.7198,6.5205,6.6372,6.6809,-0.043700000000000294,-0.6541,20229.77,27437.3068
002045.SZ,20070913,6.6128,6.6906,6.5156,6.6809,6.6031,0.07779999999999987,1.1782,15475.3,20985.3153
002045.SZ,20070912,6.5399,6.8073,6.4232,6.6031,6.6858,-0.0827,-1.2369,24708.21,33393.0559
002045.SZ,20070911,7.0894,7.2644,6.5642,6.6858,6.9532,-0.2673999999999994,-3.8457,38124.04,55211.384
002045.SZ,20070907,7.279,7.2887,6.9046,6.9532,7.2741,-0.32089999999999996,-4.4115,31896.07,46219.3075
002045.SZ,20070906,7.2109,7.5318,7.1137,7.2741,7.2061,0.06799999999999962,0.9436,60616.06,91749.0178
002045.SZ,20070905,6.8365,7.2401,6.8365,7.2061,6.8754,0.3307000000000002,4.8099,58358.18,84920.5893
002045.SZ,20070904,6.8657,7.0845,6.856,6.8754,6.856,0.019400000000000084,0.283,36295.9,51949.9716
002045.SZ,20070903,6.7587,6.9386,6.7441,6.856,6.7441,0.11189999999999944,1.6592,30995.62,43635.3192
002045.SZ,20070831,6.715,6.9678,6.715,6.7441,6.715,0.02910000000000057,0.4334,29694.69,41778.8674
002045.SZ,20070830,6.4718,6.715,6.4718,6.715,6.4232,0.2918000000000003,4.5429,27699.59,37706.359
002045.SZ,20070829,6.6274,6.7344,6.3211,6.4232,6.6226,-0.1994000000000007,-3.0109,36657.93,48802.8506
002045.SZ,20070828,6.608,6.7052,6.5642,6.6226,6.6955,-0.07289999999999974,-1.0888,19975.14,27168.8011
002045.SZ,20070827,6.8851,6.9775,6.6517,6.6955,6.8754,-0.17989999999999995,-2.6166,43958.8,61834.6451
002045.SZ,20070824,6.8414,7.138,6.8317,6.8754,6.8025,0.07289999999999974,1.0717,50083.18,71688.6649
002045.SZ,20070823,6.5739,6.8025,6.5739,6.8025,6.5642,0.23830000000000062,3.6303,39394.21,54289.6587
002045.SZ,20070822,6.5399,6.6372,6.467,6.5642,6.6031,-0.03890000000000082,-0.5891,29076.8,39082.8819
002045.SZ,20070821,6.7587,6.7587,6.5642,6.6031,6.6712,-0.06809999999999938,-1.0208,20608.36,28073.0366
002045.SZ,20070820,6.4913,6.715,6.4913,6.6712,6.4572,0.21399999999999952,3.3141,32822.76,44676.4602
002045.SZ,20070817,6.6226,6.7198,6.4183,6.4572,6.6031,-0.14590000000000014,-2.2096,19577.1,26459.4233
002045.SZ,20070816,6.6615,6.6761,6.4718,6.6031,6.7004,-0.09729999999999972,-1.4522,17437.33,23599.2142
002045.SZ,20070815,6.5205,6.7587,6.4232,6.7004,6.501,0.1993999999999998,3.0672,31250.25,42402.1623
002045.SZ,20070814,6.5594,6.6566,6.326,6.501,6.5399,-0.038899999999999935,-0.5948,19267.06,25612.0285
002045.SZ,20070813,6.5156,6.8025,6.5156,6.5399,6.4961,0.04380000000000006,0.6743,43437.31,59240.0207
002045.SZ,20070810,6.1509,6.5059,6.1315,6.4961,6.1412,0.35489999999999977,5.779,37410.56,48599.2701
002045.SZ,20070809,6.1023,6.2822,6.078,6.1412,6.1023,0.03890000000000082,0.6375,11798.59,14995.1848
002045.SZ,20070808,6.2384,6.2384,6.0196,6.1023,6.2725,-0.17020000000000035,-2.7134,17830.68,22447.288
002045.SZ,20070807,6.3892,6.4183,6.2239,6.2725,6.4232,-0.1506999999999996,-2.3462,20725.31,26878.5345
002045.SZ,20070806,6.2336,6.5059,6.1266,6.4232,6.1801,0.2430999999999992,3.9336,27830.35,35859.118
002045.SZ,20070803,6.3017,6.3211,6.0683,6.1801,6.2725,-0.0923999999999996,-1.4731,23386.69,29650.9819
002045.SZ,20070802,6.1315,6.326,6.0196,6.2725,6.0974,0.1750999999999996,2.8717,24236.82,30998.5486
002045.SZ,20070801,6.5059,6.6615,6.078,6.0974,6.5059,-0.4084999999999992,-6.2789,33734.1,44261.5651
002045.SZ,20070731,6.5594,6.6615,6.4183,6.5059,6.5545,-0.04860000000000042,-0.7415,30123.92,40511.9586
002045.SZ,20070730,6.4281,6.5642,6.3308,6.5545,6.4086,0.14590000000000014,2.2766,49773.03,65634.3436
002045.SZ,20070727,6.0926,6.5059,6.0926,6.4086,6.0828,0.3258000000000001,5.3561,38072.35,49524.4056
002045.SZ,20070726,6.0683,6.1752,6.0196,6.0828,6.0537,0.02909999999999968,0.4807,36619.92,45845.9859
002045.SZ,20070725,5.9807,6.078,5.9078,6.0537,5.9807,0.0730000000000004,1.2206,23366.17,28832.8422
002045.SZ,20070724,6.1072,6.1266,5.9564,5.9807,6.078,-0.09730000000000061,-1.6009,37249.76,46100.5042
002045.SZ,20070723,5.7571,6.1412,5.7376,6.078,5.7862,0.2918000000000003,5.043,30077.4,36942.8379
002045.SZ,20070720,5.5528,5.8106,5.5528,5.7862,5.5431,0.2431000000000001,4.3856,23366.88,27471.4189
002045.SZ,20070719,5.4605,5.6501,5.4605,5.5431,5.5383,0.0048000000000003595,0.0867,8992.2,10285.1391
002045.SZ,20070718,5.6161,5.6355,5.4507,5.5383,5.6161,-0.07780000000000076,-1.3853,12033.7,13738.1879
002045.SZ,20070717,5.4556,5.6793,5.4264,5.6161,5.4507,0.1654,3.0345,17066.66,19599.7337
002045.SZ,20070716,5.3972,5.5577,5.3486,5.4507,5.3875,0.06320000000000014,1.1731,15953.63,17992.0428
002045.SZ,20070713,5.3535,5.4848,5.3097,5.3875,5.4653,-0.07779999999999987,-1.4235,10515.4,11618.3833
002045.SZ,20070712,5.441,5.5528,5.3,5.4653,5.6258,-0.16049999999999986,-2.8529,23993.51,26784.9251
002045.SZ,20070711,5.4848,5.6355,5.4848,5.6258,5.4702,0.15559999999999974,2.8445,7675.31,8795.6237
002045.SZ,20070710,5.7862,5.7862,5.4605,5.4702,5.7862,-0.31599999999999984,-5.4613,14295.4,16400.9668
002045.SZ,20070709,5.655,5.8154,5.6015,5.7862,5.6647,0.12150000000000016,2.1449,21930.77,25854.042
002045.SZ,20070706,5.3486,5.723,5.3097,5.6647,5.3486,0.3160999999999996,5.91,18197.86,20443.0803
002045.SZ,20070705,5.6161,5.7862,5.3438,5.3486,5.7473,-0.39869999999999983,-6.9372,24403.07,27589.7414
002045.SZ,20070704,5.9807,6.0926,5.689,5.7473,6.0294,-0.2820999999999998,-4.6787,18256.4,22035.3032
002045.SZ,20070703,5.9613,6.185,5.9613,6.0294,5.9272,0.10219999999999985,1.7243,23302.73,29142.8866
002045.SZ,20070702,5.5431,5.9321,5.5431,5.9272,5.6598,0.2674000000000003,4.7245,25282.51,29737.8019
002045.SZ,20070629,5.937,6.1169,5.5188,5.6598,6.1315,-0.47170000000000023,-7.6931,46694.75,55167.3225
002045.SZ,20070628,6.6566,6.7004,6.1266,6.1315,6.6858,-0.5543000000000005,-8.2907,20303.12,26826.6699
002045.SZ,20070627,6.6372,6.7004,6.4183,6.6858,6.6372,0.04860000000000042,0.7322,18246.55,24671.2982
002045.SZ,20070626,6.2482,6.6372,6.1801,6.6372,6.3017,0.3354999999999997,5.324,24697.62,32593.4059
002045.SZ,20070625,6.856,7.0505,6.253,6.3017,6.9483,-0.6465999999999994,-9.3059,44129.8,60202.3471
002045.SZ,20070622,7.1866,7.4638,6.6615,6.9483,7.2693,-0.3210000000000006,-4.4158,40053.48,59126.6775
002045.SZ,20070621,7.3811,7.561,7.172,7.2693,7.3811,-0.11179999999999968,-1.5147,35422.75,53178.0089
002045.SZ,20070620,7.9014,7.9257,7.2352,7.3811,7.9014,-0.5202999999999998,-6.5849,42744.32,67586.8817
002045.SZ,20070619,8.0083,8.0083,7.8041,7.9014,8.0132,-0.11179999999999968,-1.3952,31599.7,51218.4214
002045.SZ,20070618,7.8771,8.198,7.8041,8.0132,7.7458,0.2673999999999994,3.4522,62772.15,102934.7899
002045.SZ,20070615,7.4394,7.9694,7.3714,7.7458,7.4394,0.3064,4.1186,66556.19,106631.0843
002045.SZ,20070614,7.5805,7.6291,7.3762,7.4394,7.6631,-0.2237,-2.9192,41876.41,64524.516
002045.SZ,20070613,7.6826,7.8333,7.5124,7.6631,7.4638,0.19930000000000003,2.6702,76344.07,120714.7049
002045.SZ,20070612,6.8073,7.4638,6.8025,7.4638,6.783,0.6807999999999996,10.0369,64510.75,94572.5134
002045.SZ,20070611,6.7101,6.8803,6.7101,6.783,6.8073,-0.024299999999999322,-0.357,34055.05,47574.6543
002045.SZ,20070608,6.9532,7.0505,6.6128,6.8073,6.9289,-0.12159999999999993,-1.755,53335.81,74371.6436
002045.SZ,20070607,6.7699,7.0131,6.7235,6.9282,6.7583,0.16990000000000016,2.5139,38408.37,68807.1055
002045.SZ,20070606,6.542,6.8278,6.1906,6.7583,6.4493,0.30900000000000016,4.7912,35648.81,61088.2178
002045.SZ,20070605,6.5574,6.8355,5.9395,6.4493,6.5999,-0.15059999999999985,-2.2819,38661.44,62237.1103
002045.SZ,20070604,6.9552,7.241,6.5845,6.5999,6.9205,-0.3205999999999998,-4.6326,46554.89,83780.0809
002045.SZ,20070601,6.8741,7.2217,6.6656,6.9205,6.9475,-0.027000000000000135,-0.3886,47243.43,85166.9472
002045.SZ,20070531,7.1483,7.3993,6.5227,6.9475,7.2487,-0.3012000000000006,-4.1552,44438.26,78960.9937
002045.SZ,20070530,7.4882,7.8859,7.2487,7.2487,8.0559,-0.807199999999999,-10.02,62049.0,120731.2214
002045.SZ,20070529,7.9748,8.1794,7.8705,8.0559,7.9748,0.08109999999999928,1.017,52940.67,109909.0644
002045.SZ,20070528,7.9593,8.2142,7.9593,7.9748,7.8203,0.15450000000000053,1.9756,90967.31,189884.5565
002045.SZ,20070525,7.4573,7.8782,7.3877,7.8203,7.438,0.38229999999999986,5.1398,90714.65,179608.9065
002045.SZ,20070524,7.6349,7.6813,7.3414,7.438,7.5422,-0.10420000000000051,-1.3816,50039.51,97225.8923
002045.SZ,20070523,7.326,7.5538,7.268,7.5422,7.2796,0.26259999999999994,3.6073,48099.86,92043.5636
002045.SZ,20070522,7.2294,7.4071,7.1947,7.2796,7.1831,0.0965000000000007,1.3434,42640.72,80281.4249
002045.SZ,20070521,6.99,7.214,6.905,7.1831,7.2256,-0.042500000000000426,-0.5882,54822.83,100755.6376
002045.SZ,20070518,7.241,7.4534,7.2256,7.2256,7.0904,0.1352000000000002,1.9068,34367.65,65059.9779
002045.SZ,20070516,6.9629,7.1753,6.7583,7.0904,6.9977,0.09269999999999978,1.3247,32446.41,58407.0192
002045.SZ,20070515,7.492,7.492,6.9938,6.9977,7.4148,-0.4170999999999996,-5.6252,51709.13,96432.9824
002045.SZ,20070514,7.3414,7.5229,7.3298,7.4148,7.4109,0.0038999999999997925,0.0526,35712.34,68432.5755
002045.SZ,20070511,7.6465,7.6465,7.3375,7.4109,7.6658,-0.2549000000000001,-3.3252,48724.47,93822.4421
002045.SZ,20070510,7.8589,7.9052,7.6002,7.6658,7.801,-0.1352000000000002,-1.7331,36893.57,73375.9142
002045.SZ,20070509,8.1292,8.1292,7.5191,7.801,8.1872,-0.38620000000000054,-4.7171,47471.09,95893.4654
002045.SZ,20070508,7.8975,8.2258,7.743,8.1872,7.716,0.4712000000000005,6.1068,62416.17,128972.8335
002045.SZ,20070430,7.3375,7.743,7.3182,7.716,7.4032,0.3128000000000002,4.2252,38707.23,76454.9846
002045.SZ,20070427,7.4534,7.5499,7.3414,7.4032,7.4071,-0.0038999999999997925,-0.0527,21656.49,41775.9832
002045.SZ,20070426,7.5306,7.6658,7.2989,7.4071,7.3762,0.030899999999999928,0.4189,30263.43,58495.4747
002045.SZ,20070425,7.5577,7.5577,7.2603,7.3762,7.5731,-0.1969000000000003,-2.6,28698.48,54856.7869
002045.SZ,20070424,7.7662,7.7817,7.5345,7.5731,7.7817,-0.20859999999999967,-2.6806,41347.43,81553.5755
002045.SZ,20070423,7.4264,7.8203,7.2603,7.7817,7.4071,0.37460000000000004,5.0573,47534.3,92326.7233
002045.SZ,20070420,7.2989,7.5113,7.268,7.4071,7.241,0.16610000000000014,2.2939,15615.58,30055.6697
002045.SZ,20070419,7.7276,7.7315,7.0711,7.241,7.7624,-0.5214000000000008,-6.717,23784.22,45644.3571
002045.SZ,20070418,7.8241,7.8241,7.5693,7.7624,7.8203,-0.057899999999999174,-0.7404,28883.02,57311.6071
002045.SZ,20070417,7.5422,7.8589,7.4611,7.8203,7.492,0.3282999999999996,4.382,28674.26,56807.6479
002045.SZ,20070416,7.5229,7.6851,7.4534,7.492,7.4959,-0.0038999999999997925,-0.052,21627.19,42119.7557
002045.SZ,20070413,7.9091,7.9091,7.4457,7.4959,7.9361,-0.4401999999999999,-5.5468,26104.98,52152.658
002045.SZ,20070412,7.7932,7.9941,7.577,7.9361,7.8782,0.05790000000000006,0.7349,34947.07,69870.3467
002045.SZ,20070411,7.5306,7.9245,7.4727,7.8782,7.465,0.4131999999999998,5.5352,33134.46,66277.3084
002045.SZ,20070410,7.3993,7.5499,7.3105,7.465,7.4071,0.05790000000000006,0.7817,25663.63,49211.9453
002045.SZ,20070409,7.2642,7.5384,7.2603,7.4071,7.2217,0.18539999999999957,2.5673,23645.65,45480.0252
002045.SZ,20070406,7.3375,7.5538,7.1638,7.2217,7.4225,-0.2008000000000001,-2.7053,23617.61,44413.7401
002045.SZ,20070405,7.102,7.4418,7.0672,7.4225,7.102,0.3205,4.5128,15366.11,28904.3855
002045.SZ,20070404,7.2024,7.2217,7.0479,7.102,7.2217,-0.11969999999999992,-1.6575,24118.53,44272.2061
002045.SZ,20070403,7.1406,7.2603,7.0827,7.2217,7.156,0.06570000000000054,0.9181,14453.72,26783.566
002045.SZ,20070402,6.9127,7.1792,6.9089,7.156,6.9436,0.2123999999999997,3.0589,15557.8,28283.2557
002045.SZ,20070330,6.9552,7.0595,6.7351,6.9436,6.9127,0.030899999999999928,0.447,16010.12,28409.0277
002045.SZ,20070329,6.9977,7.1638,6.8703,6.9127,6.9977,-0.08499999999999996,-1.2147,17093.44,30968.0258
002045.SZ,20070328,7.2564,7.353,6.8432,6.9977,7.2603,-0.26259999999999994,-3.6169,19414.46,35679.1014
002045.SZ,20070327,7.4688,7.4766,7.1831,7.2603,7.4688,-0.2084999999999999,-2.7916,22880.0,42941.1221
002045.SZ,20070326,7.716,7.716,7.3569,7.4688,7.6465,-0.17769999999999975,-2.3239,14729.88,28542.8069
002045.SZ,20070323,7.4148,7.7044,7.3993,7.6465,7.5113,0.13519999999999932,1.8,12006.11,23589.5539
002045.SZ,20070322,7.3375,7.716,7.241,7.5113,7.3723,0.13900000000000023,1.8854,15192.88,29564.356
002045.SZ,20070321,7.3993,7.4148,7.214,7.3723,7.3955,-0.02320000000000011,-0.3137,8150.46,15383.1573
002045.SZ,20070320,7.3375,7.4302,7.1869,7.3955,7.3414,0.05410000000000004,0.7369,10255.14,19488.3191
002045.SZ,20070319,7.044,7.4882,6.9514,7.3414,7.2526,0.08879999999999999,1.2244,18842.82,35575.1567
002045.SZ,20070316,6.7235,7.3916,6.7235,7.2526,6.7196,0.5330000000000004,7.932,38961.52,70535.3386
002045.SZ,20070315,6.7776,6.8548,6.6231,6.7196,6.7196,0.0,0.0,13104.63,22807.2751
002045.SZ,20070314,6.8934,6.8934,6.6038,6.7196,6.9166,-0.19700000000000006,-2.8482,10541.26,18368.8309
002045.SZ,20070313,6.7969,6.9514,6.7969,6.9166,6.8316,0.08499999999999996,1.2442,11680.61,20839.8135
002045.SZ,20070312,6.9398,6.9514,6.6077,6.8316,6.9514,-0.11979999999999968,-1.7234,16442.12,28864.5511
002045.SZ,20070309,7.2256,7.2294,6.8664,6.9514,7.2024,-0.25100000000000033,-3.4849,16618.15,30085.6245
002045.SZ,20070308,7.1831,7.2101,7.0981,7.2024,7.1329,0.06949999999999967,0.9744,9250.76,17161.7684
002045.SZ,20070307,6.8818,7.1329,6.7583,7.1329,6.8394,0.29349999999999987,4.2913,12475.01,22393.4099
002045.SZ,20070306,6.905,6.9784,6.7969,6.8394,6.905,-0.06559999999999988,-0.95,6911.71,12368.0877
002045.SZ,20070305,6.9089,6.9861,6.7699,6.905,6.905,0.0,0.0,11283.52,20151.7971
002045.SZ,20070302,6.9552,7.1058,6.8123,6.905,6.8548,0.050200000000000244,0.7323,9718.59,17480.0839
002045.SZ,20070301,7.2603,7.2603,6.7583,6.8548,7.3067,-0.4519000000000002,-6.1847,21278.95,38056.2774
002045.SZ,20070228,7.3916,7.5306,6.851,7.3067,7.3916,-0.0849000000000002,-1.1486,18720.06,34230.4926
002045.SZ,20070227,8.2567,8.2567,7.3916,7.3916,8.2142,-0.8225999999999996,-10.0144,13285.66,26224.1445
002045.SZ,20070226,8.0636,8.2721,8.0134,8.2142,8.2258,-0.01159999999999961,-0.141,5867.59,12339.3378
002045.SZ,20070216,7.8821,8.4459,7.7315,8.2258,7.801,0.4247999999999994,5.4455,14879.65,31487.462
002045.SZ,20070215,7.3414,7.8782,7.3375,7.801,7.3375,0.4634999999999998,6.3169,19826.21,38636.3847
002045.SZ,20070214,7.3414,7.4573,7.2603,7.3375,7.38,-0.04249999999999954,-0.5759,10629.04,20212.5976
002045.SZ,20070213,7.2989,7.5229,7.2989,7.38,7.3182,0.061799999999999855,0.8445,10505.26,20148.6137
002045.SZ,20070212,7.4341,7.4727,7.241,7.3182,7.3491,-0.030899999999999928,-0.4205,10484.15,19925.7199
002045.SZ,20070209,7.2564,7.4727,7.1831,7.3491,7.2603,0.08879999999999999,1.2231,6176.59,11758.4246
002045.SZ,20070208,7.3182,7.4727,7.2024,7.2603,7.1831,0.07720000000000038,1.0747,10592.83,20109.5753
002045.SZ,20070207,7.0093,7.2912,6.9436,7.1831,6.9436,0.2394999999999996,3.4492,26216.5,48749.2025
002045.SZ,20070206,7.0363,7.1947,6.8432,6.9436,7.0325,-0.08889999999999976,-1.2641,13034.61,23779.8014
002045.SZ,20070205,6.7196,7.0672,6.7196,7.0325,6.8355,0.19700000000000006,2.882,6547.91,11787.3634
002045.SZ,20070202,6.8934,7.2062,6.7776,6.8355,6.8934,-0.05790000000000006,-0.8399,14914.27,26775.0173
002045.SZ,20070201,6.8741,7.0131,6.7583,6.8934,6.9205,-0.027099999999999902,-0.3916,10943.4,19510.6309
002045.SZ,20070131,7.3182,7.3993,6.681,6.9205,7.2873,-0.36680000000000046,-5.0334,24812.65,44612.4807
002045.SZ,20070130,6.99,7.7315,6.9514,7.2873,7.0286,0.25870000000000015,3.6807,33119.72,63529.5911
002045.SZ,20070129,7.2062,7.2062,6.8239,7.0286,7.0363,-0.007699999999999818,-0.1094,14078.06,25283.2074
002045.SZ,20070126,7.0672,7.1445,6.7969,7.0363,7.1097,-0.07340000000000035,-1.0324,18776.03,33810.1967
002045.SZ,20070125,7.3375,7.3375,7.0788,7.1097,7.3375,-0.22780000000000022,-3.1046,19687.99,36734.9429
002045.SZ,20070124,7.4611,7.5963,7.2912,7.3375,7.3646,-0.027099999999999902,-0.368,24556.8,47245.4837
002045.SZ,20070123,7.2062,7.5654,7.0247,7.3646,7.1445,0.2201000000000004,3.0807,47985.56,89892.8745
002045.SZ,20070122,6.7042,7.2024,6.5768,7.1445,6.5652,0.5792999999999999,8.8238,31604.95,57133.1996
002045.SZ,20070119,6.3721,6.5883,6.3644,6.5652,6.2948,0.27039999999999953,4.2956,20494.02,34584.9774
002045.SZ,20070118,6.1713,6.3721,6.1095,6.2948,6.2369,0.05790000000000006,0.9283,8519.97,13733.9646
002045.SZ,20070117,6.4339,6.7119,6.2176,6.2369,6.4377,-0.2008000000000001,-3.1191,14432.56,24008.2905
002045.SZ,20070116,6.1983,6.4686,6.1056,6.4377,6.2369,0.2008000000000001,3.2195,16648.1,27045.211
002045.SZ,20070115,5.9936,6.2562,5.8391,6.2369,6.0477,0.18920000000000048,3.1285,9120.44,14489.6739
002045.SZ,20070112,6.179,6.3682,6.0245,6.0477,6.3953,-0.3475999999999999,-5.4352,13300.96,21198.2554
002045.SZ,20070111,6.1713,6.5961,6.1713,6.3953,6.1404,0.2549000000000001,4.1512,22641.64,37907.348
002045.SZ,20070110,5.9087,6.2022,5.9048,6.1404,5.9087,0.23170000000000002,3.9213,22999.23,36489.2728
002045.SZ,20070109,5.8932,6.0168,5.8739,5.9087,5.8893,0.019399999999999196,0.3294,12002.11,18430.4615
002045.SZ,20070108,5.8932,6.179,5.7774,5.8893,5.6963,0.1930000000000005,3.3882,18686.68,28712.2839
002045.SZ,20070105,5.1981,5.7078,5.1981,5.6963,5.1981,0.49819999999999975,9.5843,29206.89,41861.4243
002045.SZ,20070104,5.3217,5.395,5.144,5.1981,5.3294,-0.13129999999999953,-2.4637,24623.59,33243.4487
002045.SZ,20061229,5.117,5.4645,5.117,5.3294,5.117,0.2123999999999997,4.1509,19991.03,27658.4291
002045.SZ,20061228,5.4259,5.4568,5.0668,5.117,5.4066,-0.2896000000000001,-5.3564,13375.85,17992.8307
002045.SZ,20061227,5.4066,5.4838,5.341,5.4066,5.3641,0.042500000000000426,0.7923,8565.52,11993.4481
002045.SZ,20061226,5.4066,5.4645,5.2908,5.3641,5.3371,0.026999999999999247,0.5059,6413.43,8926.3427
002045.SZ,20061225,5.3217,5.4916,5.2135,5.3371,5.3294,0.007700000000000706,0.1445,10287.44,14414.7204
002045.SZ,20061222,5.4723,5.4723,5.3294,5.3294,5.4838,-0.15439999999999987,-2.8156,6617.96,9231.2428
002045.SZ,20061221,5.3603,5.5843,5.3217,5.4838,5.4877,-0.0039000000000006807,-0.0711,14132.68,19846.6297
002045.SZ,20061220,5.4066,5.5418,5.2869,5.4877,5.4452,0.042500000000000426,0.7805,11473.25,16211.402
002045.SZ,20061219,5.2521,5.4452,5.2521,5.4452,5.2212,0.2240000000000002,4.2902,33447.15,46416.2477
002045.SZ,20061218,5.2328,5.3448,5.1942,5.2212,5.2135,0.007699999999999818,0.1477,34929.63,47918.1435
002045.SZ,20061215,5.0706,5.3101,5.0436,5.2135,5.0977,0.11580000000000013,2.2716,30396.96,40994.3326
002045.SZ,20061214,4.8157,5.1363,4.7887,5.0977,4.8351,0.26259999999999994,5.4311,60144.68,77643.2304
002045.SZ,20061213,4.6342,4.8621,4.5609,4.8351,4.6342,0.20089999999999986,4.3352,55786.17,68092.9002
002045.SZ,20061212,4.5956,4.642,4.5222,4.6342,4.5956,0.038599999999999746,0.8399,17238.22,20534.3559
002045.SZ,20061211,4.3678,4.5956,4.3678,4.5956,4.4411,0.15450000000000053,3.4789,8239.35,9621.9524
002045.SZ,20061208,4.4798,4.5261,4.3562,4.4411,4.5261,-0.08499999999999996,-1.878,11425.58,13085.9064
002045.SZ,20061207,4.6574,4.7115,4.5029,4.5261,4.669,-0.14290000000000003,-3.0606,21101.44,24916.1203
002045.SZ,20061206,4.6999,4.7849,4.445,4.669,4.7076,-0.038600000000000634,-0.82,16766.49,20167.6179
002045.SZ,20061205,4.7424,4.7655,4.6922,4.7076,4.7694,-0.061799999999999855,-1.2958,13757.47,16817.9237
002045.SZ,20061204,4.5454,4.8505,4.5454,4.7694,4.4103,0.35909999999999975,8.1423,56232.32,68264.6708
002045.SZ,20061201,4.4798,4.5338,4.4025,4.4103,4.4605,-0.050199999999999356,-1.1254,15096.0,17526.4134
002045.SZ,20061130,4.3678,4.4991,4.3639,4.4605,4.4025,0.05799999999999983,1.3174,17674.82,20325.8994
002045.SZ,20061129,4.3794,4.4411,4.2519,4.4025,4.3794,0.023099999999999454,0.5275,9056.04,10294.0853
002045.SZ,20061128,4.2287,4.3794,4.2094,4.3794,4.2365,0.14290000000000003,3.3731,14047.22,15674.9673
002045.SZ,20061127,4.0936,4.2365,4.0627,4.2365,4.1322,0.10430000000000028,2.5241,13032.18,14095.722
002045.SZ,20061124,4.1476,4.1554,4.055,4.1322,4.1283,0.0038999999999997925,0.0945,6216.27,6592.6209
002045.SZ,20061123,4.1322,4.1708,4.0859,4.1283,4.1361,-0.007799999999999585,-0.1886,6485.98,6933.2656
002045.SZ,20061122,4.0163,4.1399,3.9352,4.1361,4.0163,0.11979999999999968,2.9828,15437.44,16105.183
002045.SZ,20061121,3.997,4.0627,3.9043,4.0163,3.997,0.019300000000000317,0.4829,10410.26,10817.2395
002045.SZ,20061120,3.9777,4.0511,3.9391,3.997,3.9584,0.038599999999999746,0.9751,5195.88,5343.9532
002045.SZ,20061117,3.8619,3.997,3.8464,3.9584,3.8735,0.0849000000000002,2.1918,5682.7,5792.792
002045.SZ,20061116,3.9777,4.055,3.8464,3.8735,3.9777,-0.10420000000000007,-2.6196,12010.31,12088.1926
002045.SZ,20061115,3.8735,3.9777,3.8696,3.9777,3.9391,0.03860000000000019,0.9799,5220.87,5339.7929
002045.SZ,20061114,3.9005,3.9584,3.8271,3.9391,3.8619,0.07719999999999994,1.999,3495.01,3515.5506
002045.SZ,20061113,3.997,4.0009,3.8001,3.8619,4.0009,-0.1389999999999998,-3.4742,15825.62,15877.0617
002045.SZ,20061110,4.0163,4.0511,3.97,4.0009,4.0511,-0.050200000000000244,-1.2392,7496.96,7762.7641
002045.SZ,20061109,3.9777,4.055,3.97,4.0511,3.9777,0.07339999999999991,1.8453,7928.41,8218.5429
002045.SZ,20061108,4.0163,4.0627,3.9777,3.9777,4.0163,-0.03860000000000019,-0.9611,6258.35,6505.1409
002045.SZ,20061107,4.1322,4.1322,3.9777,4.0163,4.0936,-0.07730000000000015,-1.8883,7739.87,8076.974
002045.SZ,20061106,4.0936,4.1708,4.0588,4.0936,4.1515,-0.05790000000000006,-1.3947,3949.56,4199.068
002045.SZ,20061103,4.2094,4.2094,4.0588,4.1515,4.2017,-0.050199999999999356,-1.1948,8275.76,8818.8793
002045.SZ,20061102,4.3137,4.3137,4.1322,4.2017,4.2635,-0.061799999999999855,-1.4495,5252.62,5685.4477
002045.SZ,20061101,4.2481,4.306,4.2094,4.2635,4.2558,0.007699999999999818,0.1809,9112.96,10071.8678
002045.SZ,20061031,4.2635,4.3562,4.194,4.2558,4.2481,0.007699999999999818,0.1813,7285.73,8017.5041
002045.SZ,20061030,4.1515,4.2789,4.1322,4.2481,4.1322,0.11589999999999989,2.8048,15108.27,16570.2428
002045.SZ,20061027,4.1322,4.221,4.0936,4.1322,4.082,0.050200000000000244,1.2298,12405.92,13363.1373
002045.SZ,20061026,4.0241,4.1129,4.0241,4.082,4.0936,-0.011600000000000499,-0.2834,3826.6,4049.1305
002045.SZ,20061025,4.055,4.1245,3.9816,4.0936,4.055,0.038600000000000634,0.9519,8426.08,8838.3472
002045.SZ,20061024,3.9777,4.0743,3.9391,4.055,3.997,0.05799999999999983,1.4511,9344.9,9709.8468
002045.SZ,20061023,4.1283,4.1283,3.9275,3.997,4.1708,-0.17379999999999995,-4.1671,12545.29,12958.8676
002045.SZ,20061020,4.2056,4.2056,4.0743,4.1708,4.2017,-0.030899999999999928,-0.7354,8434.93,9057.1358
002045.SZ,20061019,4.1476,4.2403,4.0897,4.2017,4.1438,0.05790000000000006,1.3973,13769.87,14861.6588
002045.SZ,20061018,4.1245,4.167,4.055,4.1438,4.1167,0.027099999999999902,0.6583,6362.06,6765.7242
002045.SZ,20061017,4.0588,4.1747,4.0395,4.1167,4.055,0.06170000000000009,1.5216,8767.9,9282.5396
002045.SZ,20061016,4.1708,4.1785,3.9777,4.055,4.1747,-0.11969999999999992,-2.8673,13968.51,14748.8234
002045.SZ,20061013,4.1322,4.1901,4.1283,4.1747,4.1322,0.04249999999999954,1.0285,6237.78,6696.6531
002045.SZ,20061012,4.2481,4.2674,4.1322,4.1322,4.2519,-0.11969999999999992,-2.8152,11869.51,12891.4508
002045.SZ,20061011,4.0356,4.2983,4.0356,4.2519,4.0395,0.2123999999999997,5.2581,44569.34,48635.5815
002045.SZ,20061010,3.997,4.0665,3.9584,4.0395,4.0009,0.038600000000000634,0.9648,15449.0,16097.5791
002045.SZ,20061009,3.9816,4.0511,3.9584,4.0009,3.9623,0.038599999999999746,0.9742,19191.71,19888.2386
002045.SZ,20060929,3.7846,3.9739,3.7769,3.9623,3.7846,0.17769999999999975,4.6953,22499.56,22862.6346
002045.SZ,20060928,3.8232,3.831,3.7074,3.7846,3.7885,-0.0038999999999997925,-0.1029,17400.86,17046.7932
002045.SZ,20060927,3.7576,3.8078,3.7074,3.7885,3.7653,0.02320000000000011,0.6162,5372.2,5252.9836
002045.SZ,20060926,3.8619,3.8619,3.7306,3.7653,3.8541,-0.08879999999999999,-2.304,9176.86,8949.5951
002045.SZ,20060925,3.8889,3.8889,3.8039,3.8541,3.8812,-0.027100000000000346,-0.6982,9287.06,9212.8146
002045.SZ,20060922,3.8619,3.9005,3.7846,3.8812,3.8773,0.0039000000000002366,0.1006,22721.37,22717.3287
002045.SZ,20060921,3.6533,3.9082,3.6533,3.8773,3.6417,0.2355999999999998,6.4695,35222.69,34903.7582
002045.SZ,20060920,3.5722,3.6688,3.5722,3.6417,3.5993,0.042400000000000215,1.178,7255.29,6818.3038
002045.SZ,20060919,3.6263,3.6688,3.5722,3.5993,3.6302,-0.030899999999999928,-0.8512,11534.8,10793.5918
002045.SZ,20060918,3.6881,3.6881,3.5413,3.6302,3.6649,-0.03469999999999995,-0.9468,11457.39,10686.4511
002045.SZ,20060915,3.6688,3.6919,3.6417,3.6649,3.6688,-0.0039000000000002366,-0.1063,11693.15,11103.8637
002045.SZ,20060914,3.6495,3.6688,3.5838,3.6688,3.6533,0.015499999999999847,0.4243,18860.27,17672.2595
002045.SZ,20060913,3.7074,3.746,3.6302,3.6533,3.7074,-0.05409999999999959,-1.4592,22250.51,21243.9807
002045.SZ,20060912,3.5529,3.7653,3.5529,3.7074,3.5259,0.18149999999999977,5.1476,57348.93,54593.5149
002045.SZ,20060908,3.3791,3.5491,3.3058,3.5259,3.383,0.14290000000000003,4.2241,38307.28,34564.2222
002045.SZ,20060907,3.2633,3.4332,3.2633,3.383,3.3058,0.07719999999999994,2.3353,36414.51,31767.7027
002045.SZ,20060906,3.3289,3.3521,3.244,3.3058,3.3212,-0.01540000000000008,-0.4637,9629.55,8186.388
002045.SZ,20060905,3.4023,3.4023,3.3019,3.3212,3.3984,-0.07719999999999994,-2.2717,7999.64,6920.8256
002045.SZ,20060904,3.2903,3.4023,3.2903,3.3984,3.298,0.10040000000000004,3.0443,12992.26,11347.3151
002045.SZ,20060901,3.271,3.3753,3.271,3.298,3.2671,0.030899999999999928,0.9458,10194.17,8775.6651
002045.SZ,20060831,3.271,3.2942,3.244,3.2671,3.2749,-0.007800000000000029,-0.2382,5531.96,4683.5167
002045.SZ,20060830,3.244,3.2864,3.2247,3.2749,3.2633,0.011600000000000055,0.3555,6644.83,5617.5499
002045.SZ,20060829,3.2169,3.2942,3.2169,3.2633,3.2285,0.034800000000000164,1.0779,11865.97,10058.2399
002045.SZ,20060828,3.1204,3.2401,3.1204,3.2285,3.1397,0.08879999999999999,2.8283,10980.14,9119.6714
002045.SZ,20060825,3.0934,3.1899,3.0934,3.1397,3.1358,0.0038999999999997925,0.1244,12231.59,10004.1352
002045.SZ,20060824,3.0509,3.1822,3.0393,3.1358,3.0547,0.08110000000000017,2.6549,12510.43,10109.1513
002045.SZ,20060823,3.0432,3.1088,3.0161,3.0547,3.0123,0.04239999999999977,1.4076,11742.55,9287.7459
002045.SZ,20060822,3.0161,3.0547,2.9929,3.0123,3.0123,0.0,0.0,8192.11,6429.2424
002045.SZ,20060821,2.8578,3.02,2.8192,3.0123,2.935,0.07730000000000015,2.6337,13799.31,10633.8532
002045.SZ,20060818,2.9621,2.9775,2.9273,2.935,2.9659,-0.030899999999999928,-1.0418,4791.2,3662.5694
002045.SZ,20060817,2.935,2.9929,2.8887,2.9659,2.9427,0.02320000000000011,0.7884,5206.72,3969.2496
002045.SZ,20060816,2.881,2.9543,2.881,2.9427,2.9003,0.04239999999999977,1.4619,3683.96,2791.5164
002045.SZ,20060815,2.8578,2.9118,2.8385,2.9003,2.8578,0.04249999999999998,1.4872,2334.9,1738.9141
002045.SZ,20060814,2.9621,3.0045,2.823,2.8578,2.9736,-0.11579999999999968,-3.8943,6924.01,5204.1088
002045.SZ,20060811,2.9775,2.9929,2.9273,2.9736,2.9698,0.0037999999999995815,0.128,3996.03,3058.7589
002045.SZ,20060810,2.9003,2.9929,2.8887,2.9698,2.8964,0.07340000000000035,2.5342,7457.15,5688.487
002045.SZ,20060809,2.9659,2.9659,2.8925,2.8964,2.9389,-0.04249999999999998,-1.4461,4917.37,3712.4322
002045.SZ,20060808,2.8732,2.9852,2.8694,2.9389,2.8655,0.07339999999999991,2.5615,7366.25,5565.5054
002045.SZ,20060807,2.8964,2.9273,2.8539,2.8655,2.9041,-0.03860000000000019,-1.3292,6508.57,4857.7246
002045.SZ,20060804,2.9929,3.0316,2.8964,2.9041,2.9852,-0.08109999999999973,-2.7167,10541.26,8071.0073
002045.SZ,20060803,3.0238,3.0856,2.9736,2.9852,3.0238,-0.03860000000000019,-1.2765,5941.12,4653.336
002045.SZ,20060802,3.0895,3.1629,2.9929,3.0238,3.0934,-0.06959999999999988,-2.25,10883.57,8579.2866
002045.SZ,20060801,3.0895,3.2053,3.0702,3.0934,3.132,-0.03860000000000019,-1.2324,6518.63,5269.5204
002045.SZ,20060731,3.3212,3.3212,3.1281,3.132,3.3367,-0.20469999999999988,-6.1348,13850.6,11445.2422
002045.SZ,20060728,3.3521,3.3907,3.2749,3.3367,3.3714,-0.03469999999999995,-1.0292,11276.35,9712.5166
002045.SZ,20060727,3.4448,3.4448,3.3212,3.3714,3.4409,-0.06950000000000012,-2.0198,13616.88,11918.4829
002045.SZ,20060726,3.5066,3.5066,3.4293,3.4409,3.4641,-0.02320000000000011,-0.6697,9551.35,8556.5133
002045.SZ,20060725,3.4293,3.5182,3.4216,3.4641,3.4564,0.007700000000000262,0.2228,19352.44,17364.391
002045.SZ,20060724,3.3984,3.4757,3.3019,3.4564,3.4525,0.0038999999999997925,0.113,10121.57,8917.8189
002045.SZ,20060721,3.4564,3.5182,3.4293,3.4525,3.4564,-0.0038999999999997925,-0.1128,11715.5,10540.097
002045.SZ,20060720,3.3946,3.5066,3.3482,3.4564,3.3946,0.061799999999999855,1.8205,14467.58,12861.7899
002045.SZ,20060719,3.4873,3.4873,3.3637,3.3946,3.495,-0.10040000000000004,-2.8727,16200.28,14295.7703
002045.SZ,20060718,3.3328,3.5336,3.3096,3.495,3.3328,0.1621999999999999,4.8668,29725.79,26601.4674
002045.SZ,20060717,3.3019,3.3869,3.2517,3.3328,3.3405,-0.007699999999999818,-0.2305,12411.42,10738.9579
002045.SZ,20060714,3.2787,3.3869,3.1899,3.3405,3.3173,0.02320000000000011,0.6994,19785.12,16951.2265
002045.SZ,20060713,3.5336,3.5413,3.3058,3.3173,3.5529,-0.23560000000000025,-6.6312,41597.52,36694.0361
002045.SZ,20060712,3.6302,3.6688,3.5375,3.5529,3.6533,-0.10040000000000004,-2.7482,35219.76,32926.6977
002045.SZ,20060711,3.5722,3.6881,3.5104,3.6533,3.5722,0.08110000000000017,2.2703,52043.52,48600.0225
002045.SZ,20060710,3.4371,3.5761,3.41,3.5722,3.4255,0.14670000000000005,4.2826,43267.72,39367.6944
002045.SZ,20060707,3.4371,3.4718,3.3984,3.4255,3.4371,-0.011600000000000055,-0.3375,22910.61,20349.2932
002045.SZ,20060706,3.3019,3.4525,3.3019,3.4371,3.3058,0.13129999999999997,3.9718,29165.71,25772.1526
002045.SZ,20060705,3.3791,3.3791,3.2633,3.3058,3.3791,-0.07330000000000014,-2.1692,19468.08,16710.62
002045.SZ,20060704,3.4409,3.4602,3.3598,3.3791,3.4371,-0.05799999999999983,-1.6875,22749.04,20033.8654
002045.SZ,20060703,3.3521,3.468,3.3482,3.4371,3.3482,0.0889000000000002,2.6552,33600.67,29711.8035
002045.SZ,20060630,3.4564,3.468,3.3251,3.3482,3.4371,-0.0889000000000002,-2.5865,32755.5,28586.2431
002045.SZ,20060629,3.3791,3.495,3.3753,3.4371,3.3714,0.06570000000000009,1.9487,49136.95,43845.7854
002045.SZ,20060628,3.2633,3.3984,3.244,3.3714,3.244,0.12739999999999974,3.9273,47320.47,40836.0526
002045.SZ,20060627,3.3096,3.3212,3.2169,3.244,3.2787,-0.03469999999999995,-1.0583,16315.1,13720.8891
002045.SZ,20060626,3.2053,3.3212,3.186,3.2787,3.2247,0.05400000000000027,1.6746,18919.78,16041.2304
002045.SZ,20060623,3.2556,3.2556,3.1551,3.2247,3.2556,-0.030899999999999928,-0.9491,21238.09,17576.9908
002045.SZ,20060622,3.3251,3.3289,3.2401,3.2556,3.298,-0.042400000000000215,-1.2856,11408.24,9638.3381
002045.SZ,20060621,3.3251,3.3675,3.2671,3.298,3.3482,-0.0501999999999998,-1.4993,14679.72,12548.8303
002045.SZ,20060620,3.2208,3.3907,3.1822,3.3482,3.2053,0.14290000000000003,4.4582,41914.62,36104.766
002045.SZ,20060619,3.2285,3.2556,3.1783,3.2053,3.2478,-0.04249999999999998,-1.3086,16836.62,14033.552
002045.SZ,20060616,3.1745,3.2633,3.1629,3.2478,3.1667,0.08109999999999973,2.561,15895.72,13250.5105
002045.SZ,20060615,3.1513,3.2208,3.1397,3.1667,3.1513,0.01540000000000008,0.4887,7868.82,6471.1531
002045.SZ,20060614,3.2053,3.2053,3.1127,3.1513,3.2092,-0.05790000000000006,-1.8042,10466.13,8517.0662
002045.SZ,20060613,3.2053,3.2826,3.1397,3.2092,3.2092,0.0,0.0,18968.55,15860.5716
002045.SZ,20060612,3.1667,3.2169,3.1204,3.2092,3.1667,0.04249999999999998,1.3421,16848.49,13867.5465
002045.SZ,20060609,3.159,3.2169,3.0818,3.1667,3.159,0.007700000000000262,0.2437,37827.95,30835.8609
002045.SZ,20060608,3.047,3.1667,2.8848,3.159,3.0895,0.06949999999999967,2.2496,39471.32,30708.4747
002045.SZ,20060607,3.4293,3.4486,3.0779,3.0895,3.4216,-0.33210000000000006,-9.706,53405.84,44562.0977
002045.SZ,20060606,3.6031,3.6031,3.4023,3.4216,3.5645,-0.14289999999999958,-4.009,42953.36,38827.1909
002045.SZ,20060605,3.3984,3.5915,3.3984,3.5645,3.3984,0.1660999999999997,4.8876,69790.55,63406.9044
002045.SZ,20060602,3.4989,3.5722,3.3598,3.3984,3.4564,-0.05799999999999983,-1.678,57543.73,51255.4744
002045.SZ,20060601,3.3173,3.4718,3.3173,3.4564,3.3173,0.1391,4.1932,53704.01,47411.68
002045.SZ,20060531,3.3212,3.4178,3.2826,3.3173,3.3058,0.011499999999999844,0.3479,38843.32,33722.2603
002045.SZ,20060530,3.3289,3.3405,3.244,3.3058,3.3135,-0.007699999999999818,-0.2324,31821.93,27122.0271
002045.SZ,20060529,3.2556,3.3405,3.244,3.3135,3.2478,0.06570000000000009,2.0229,38370.96,32716.7875
002045.SZ,20060526,3.2247,3.2826,3.1745,3.2478,3.1822,0.06559999999999988,2.0615,30641.52,25730.2119
002045.SZ,20060525,3.1204,3.2015,3.0818,3.1822,3.1011,0.08109999999999973,2.6152,30199.66,24627.5271
002045.SZ,20060524,3.2903,3.383,2.9929,3.1011,3.2942,-0.19309999999999983,-5.8618,60707.86,49325.4335
002045.SZ,20060523,3.5915,3.5915,3.2864,3.2942,3.6031,-0.30889999999999995,-8.5732,54918.24,48502.8957
002045.SZ,20060522,3.522,3.8078,3.522,3.6031,3.4718,0.13129999999999997,3.7819,80569.32,76054.325
002045.SZ,20060519,3.3405,3.5104,3.3405,3.4718,3.3444,0.12740000000000018,3.8094,72050.75,64488.1464
002045.SZ,20060518,3.3907,3.4371,3.244,3.3444,3.3791,-0.0347000000000004,-1.0269,57906.7,49781.2769
002045.SZ,20060517,3.2285,3.4757,3.2285,3.3791,3.2169,0.16220000000000034,5.0421,98417.21,85504.2187
002045.SZ,20060516,3.1513,3.4525,3.0818,3.2169,3.1397,0.07719999999999994,2.4588,128413.09,109348.9437
002045.SZ,20060515,3.1204,3.1474,2.8771,3.1397,3.0354,0.10429999999999984,3.4361,71205.15,54863.4802
002045.SZ,20060512,2.9875,3.0611,2.9471,3.035,3.0112,0.023800000000000043,0.7904,33833.93,42823.9151
002045.SZ,20060511,3.0897,3.1301,2.9756,3.0112,3.0849,-0.0737000000000001,-2.3891,22841.59,29316.1021
002045.SZ,20060510,3.0207,3.1586,2.9708,3.0849,3.0207,0.06420000000000003,2.1253,28073.97,36164.7149
002045.SZ,20060509,2.8401,3.0635,2.8092,3.0207,2.7855,0.2352000000000003,8.4437,35718.62,44449.1126
002045.SZ,20060508,2.6975,2.8163,2.6619,2.7855,2.6975,0.08800000000000008,3.2623,25294.15,29416.9772
002045.SZ,20060428,2.505,2.7213,2.4503,2.6975,2.5264,0.17109999999999959,6.7725,28413.35,31765.6719
002045.SZ,20060427,2.5787,2.6143,2.4979,2.5264,2.5787,-0.05229999999999979,-2.0282,9614.89,10336.2613
002045.SZ,20060426,2.4598,2.612,2.4456,2.5787,2.4789,0.09980000000000011,4.026,14776.49,15847.3856
002045.SZ,20060425,2.543,2.5811,2.4028,2.4789,2.5811,-0.10220000000000029,-3.9596,14185.95,14871.8749
002045.SZ,20060424,2.6286,2.6571,2.5288,2.5811,2.5549,0.026200000000000223,1.0255,23793.74,25801.2382
002045.SZ,20060420,2.65,2.6524,2.5311,2.5549,2.6476,-0.09270000000000023,-3.5013,21911.51,23675.8852
002045.SZ,20060419,2.6143,2.6856,2.6143,2.6476,2.6333,0.01429999999999998,0.543,16466.14,18344.6494
002045.SZ,20060418,2.6975,2.7046,2.6096,2.6333,2.6856,-0.05229999999999979,-1.9474,21945.85,24418.1343
002045.SZ,20060417,2.6286,2.7308,2.5953,2.6856,2.6333,0.05229999999999979,1.9861,39019.03,44086.3089
002045.SZ,20060414,2.448,2.6785,2.448,2.6333,2.4598,0.1735000000000002,7.0534,33215.8,35830.586
002045.SZ,20060413,2.5383,2.6238,2.4361,2.4598,2.5193,-0.059499999999999886,-2.3618,27074.47,28885.6504
002045.SZ,20060412,2.429,2.5834,2.3957,2.5193,2.429,0.09030000000000005,3.7176,32837.21,34878.322
002045.SZ,20060411,2.4123,2.467,2.379,2.429,2.3767,0.05229999999999979,2.2005,26649.65,27227.4453
002045.SZ,20060410,2.2697,2.4171,2.2697,2.3767,2.2626,0.11410000000000009,5.0429,21263.85,20988.0219
002045.SZ,20060407,2.2911,2.2935,2.2531,2.2626,2.2911,-0.028500000000000192,-1.2439,11719.18,11185.8618
002045.SZ,20060406,2.3529,2.3553,2.2911,2.2911,2.3529,-0.061799999999999855,-2.6265,16624.7,16176.3538
002045.SZ,20060405,2.341,2.3695,2.3244,2.3529,2.341,0.0118999999999998,0.5083,12697.69,12565.8934
002045.SZ,20060404,2.341,2.3695,2.3101,2.341,2.3363,0.0047000000000001485,0.2012,11773.39,11599.3266
002045.SZ,20060403,2.2768,2.3481,2.2531,2.3363,2.2768,0.059499999999999886,2.6133,15536.76,15153.1281
002045.SZ,20060331,2.2127,2.2935,2.1984,2.2768,2.2198,0.05699999999999994,2.5678,13887.52,13154.4465
002045.SZ,20060330,2.2483,2.2816,2.2198,2.2198,2.2697,-0.04989999999999961,-2.1985,8245.46,7783.2785
002045.SZ,20060329,2.265,2.2887,2.2459,2.2697,2.2721,-0.0024000000000001798,-0.1056,9525.26,9090.6043
002045.SZ,20060328,2.2507,2.3006,2.2341,2.2721,2.2412,0.030899999999999928,1.3787,12739.62,12181.8593
002045.SZ,20060327,2.2008,2.2459,2.1865,2.2412,2.2055,0.03570000000000029,1.6187,8888.79,8321.3789
002045.SZ,20060324,2.2483,2.2864,2.2055,2.2055,2.2459,-0.04039999999999999,-1.7988,11255.09,10633.536
002045.SZ,20060323,2.2483,2.2721,2.2269,2.2459,2.2507,-0.0048000000000003595,-0.2133,9115.52,8648.2931
002045.SZ,20060322,2.2198,2.265,2.2198,2.2507,2.2269,0.023800000000000043,1.0688,15783.2,14885.4336
002045.SZ,20060321,2.1699,2.2697,2.1699,2.2269,2.1746,0.052300000000000235,2.405,19542.43,18342.9221
002045.SZ,20060320,2.1533,2.1913,2.1414,2.1746,2.1746,0.0,0.0,5057.97,4625.1845
002045.SZ,20060317,2.1628,2.1913,2.139,2.1746,2.1651,0.009500000000000064,0.4388,9119.34,8308.7222
002045.SZ,20060316,2.12,2.1699,2.101,2.1651,2.1319,0.033199999999999896,1.5573,14926.18,13352.6498
002045.SZ,20060315,2.0915,2.1319,2.0796,2.1319,2.0915,0.04039999999999999,1.9316,7126.13,6294.0575
002045.SZ,20060314,2.0796,2.0962,2.0677,2.0915,2.0867,0.0047999999999999154,0.23,2699.89,2363.0341
002045.SZ,20060313,2.0511,2.0962,2.0463,2.0867,2.0558,0.030899999999999928,1.5031,3162.0,2767.3422
002045.SZ,20060310,2.0677,2.101,2.0511,2.0558,2.0677,-0.0118999999999998,-0.5755,6018.86,5235.2739
002045.SZ,20060309,2.0748,2.101,2.0582,2.0677,2.0558,0.0118999999999998,0.5789,6410.15,5619.3229
002045.SZ,20060308,2.0534,2.0772,2.0083,2.0558,2.0558,0.0,0.0,5984.73,5138.874
002045.SZ,20060307,2.0725,2.0891,2.0439,2.0558,2.0725,-0.016699999999999715,-0.8058,6411.15,5578.0975
002045.SZ,20060306,2.0915,2.1152,2.0558,2.0725,2.1152,-0.042700000000000404,-2.0187,10145.16,8844.9538
002045.SZ,20060303,2.1342,2.158,2.082,2.1152,2.1319,-0.016699999999999715,-0.7833,7198.01,6417.4231
002045.SZ,20060302,2.2079,2.2103,2.1105,2.1319,2.2269,-0.0950000000000002,-4.266,12210.71,11150.2866
002045.SZ,20060301,2.177,2.2388,2.177,2.2269,2.177,0.049900000000000055,2.2921,7439.77,6918.2267
002045.SZ,20060228,2.1461,2.2055,2.139,2.177,2.2198,-0.04280000000000017,-1.9281,9660.68,8843.5828
002045.SZ,20060227,2.2745,2.2768,2.2103,2.2198,2.2578,-0.03799999999999981,-1.6831,9265.3,8709.1614
002045.SZ,20060224,2.2222,2.2816,2.2103,2.2578,2.2198,0.03799999999999981,1.7119,10275.0,9720.6036
002045.SZ,20060223,2.2673,2.2697,2.1913,2.2198,2.2792,-0.059399999999999675,-2.6062,12964.94,12090.8851
002045.SZ,20060222,2.3291,2.3481,2.2768,2.2792,2.3291,-0.049900000000000055,-2.1425,15040.09,14660.053
002045.SZ,20060221,2.2982,2.3719,2.2578,2.3291,2.2935,0.035600000000000076,1.5522,12775.28,12420.952
002045.SZ,20060220,2.3363,2.3363,2.2459,2.2935,2.341,-0.04750000000000032,-2.029,11839.64,11323.0674
002045.SZ,20060217,2.3838,2.4194,2.3244,2.341,2.379,-0.03799999999999981,-1.5973,15532.74,15515.932
002045.SZ,20060216,2.4242,2.4313,2.3054,2.379,2.4361,-0.05710000000000015,-2.3439,22374.42,22385.25
002045.SZ,20060215,2.4004,2.4694,2.3885,2.4361,2.3862,0.049900000000000055,2.0912,33123.82,33989.1054
002045.SZ,20060214,2.2768,2.3885,2.2293,2.3862,2.2816,0.10460000000000003,4.5845,24229.86,23891.5136
002045.SZ,20060213,2.2768,2.2935,2.2341,2.2816,2.2816,0.0,0.0,6304.91,6004.3064
002045.SZ,20060210,2.2673,2.2959,2.2483,2.2816,2.2364,0.04519999999999991,2.0211,10746.75,10304.5856
002045.SZ,20060209,2.2341,2.2697,2.2103,2.2364,2.2388,-0.0023999999999997357,-0.1072,5461.69,5168.4146
002045.SZ,20060208,2.2103,2.2578,2.2008,2.2388,2.2246,0.014199999999999768,0.6383,5926.51,5565.2621
002045.SZ,20060207,2.2721,2.2887,2.2055,2.2246,2.2935,-0.06889999999999974,-3.0041,24273.4,22803.3197
002045.SZ,20060206,2.2269,2.3006,2.2269,2.2935,2.2578,0.03569999999999984,1.5812,9579.95,9195.6427
002045.SZ,20060125,2.379,2.3957,2.2222,2.2578,2.3885,-0.13070000000000004,-5.4721,22267.83,21556.7548
002045.SZ,20060124,2.4099,2.4361,2.3577,2.3885,2.4099,-0.021399999999999864,-0.888,20939.52,21153.8614
002045.SZ,20060123,2.2982,2.4123,2.2673,2.4099,2.3006,0.10929999999999973,4.7509,27806.25,27342.5772
002045.SZ,20060120,2.3054,2.3244,2.265,2.3006,2.3268,-0.02619999999999978,-1.126,15224.13,14675.8283
002045.SZ,20060119,2.3386,2.341,2.2768,2.3268,2.3244,0.0024000000000001798,0.1033,17047.65,16499.6422
002045.SZ,20060118,2.284,2.3268,2.2745,2.3244,2.2887,0.03569999999999984,1.5598,18723.1,18171.677
002045.SZ,20060117,2.3291,2.3553,2.2721,2.2887,2.3291,-0.04039999999999999,-1.7346,30652.05,29896.5871
002045.SZ,20060116,2.3529,2.3957,2.3054,2.3291,2.2768,0.05229999999999979,2.2971,74468.01,73714.4022
002045.SZ,20060113,2.2222,2.3054,2.2103,2.2768,2.1937,0.08309999999999995,3.7881,53690.02,51134.1862
002045.SZ,20060112,2.1271,2.2174,2.1129,2.1937,2.1271,0.06660000000000021,3.131,34717.64,31998.6505
002045.SZ,20060111,2.101,2.1509,2.0843,2.1271,2.0915,0.035600000000000076,1.7021,26444.16,23660.6681
002045.SZ,20060110,2.0677,2.0915,2.0344,2.0915,2.0653,0.02619999999999978,1.2686,12719.95,11066.4209
002045.SZ,20060109,2.0392,2.0772,2.0249,2.0653,2.0249,0.04039999999999999,1.9952,13640.09,11797.4906
002045.SZ,20060106,2.0273,2.0392,1.9893,2.0249,2.0154,0.009500000000000064,0.4714,11567.21,9823.893
002045.SZ,20060105,2.0035,2.0154,1.9013,2.0154,1.9988,0.01660000000000017,0.8305,10580.59,8870.949
002045.SZ,20060104,1.9798,2.0059,1.9798,1.9988,1.9845,0.01429999999999998,0.7206,6157.1,5162.1677
002045.SZ,20051230,2.0582,2.0582,1.9845,1.9845,2.0392,-0.05470000000000019,-2.6824,9599.11,8144.5986
002045.SZ,20051228,2.0297,2.0487,2.013,2.0392,2.0202,0.019000000000000128,0.9405,5380.54,4598.3878
002045.SZ,20051227,2.0392,2.0439,2.0035,2.0202,2.0392,-0.019000000000000128,-0.9317,6310.54,5363.9317
002045.SZ,20051226,2.0202,2.0582,2.0059,2.0392,2.0178,0.021400000000000308,1.0606,11827.27,10139.1089
002045.SZ,20051223,1.9869,2.0202,1.975,2.0178,1.9869,0.030899999999999705,1.5552,8101.43,6843.016
002045.SZ,20051222,1.9655,2.0012,1.9607,1.9869,1.9679,0.019000000000000128,0.9655,3909.45,3261.4065
002045.SZ,20051221,1.9774,2.0059,1.9655,1.9679,1.9869,-0.019000000000000128,-0.9563,4229.33,3527.7784
002045.SZ,20051220,1.9964,2.0083,1.9726,1.9869,1.9988,-0.0118999999999998,-0.5954,4383.31,3666.9508
002045.SZ,20051219,2.0083,2.0202,1.9988,1.9988,2.0202,-0.021400000000000086,-1.0593,3982.06,3359.6734
002045.SZ,20051216,1.9916,2.0202,1.9703,2.0202,1.9964,0.023800000000000043,1.1921,6579.94,5531.0644
002045.SZ,20051215,2.0083,2.0416,1.9916,1.9964,2.0083,-0.011900000000000244,-0.5925,8009.01,6792.6452
002045.SZ,20051214,1.9964,2.0273,1.9845,2.0083,2.0083,0.0,0.0,7125.52,6027.4306
002045.SZ,20051213,1.9964,2.0297,1.9726,2.0083,1.975,0.03330000000000011,1.6861,8195.85,6886.8194
002045.SZ,20051212,1.9679,1.9893,1.9607,1.975,1.9679,0.007100000000000106,0.3608,6340.8,5273.0124
002045.SZ,20051209,1.9251,1.9893,1.9156,1.9679,1.9251,0.04279999999999995,2.2233,6902.57,5675.0111
002045.SZ,20051208,1.9441,1.9584,1.9085,1.9251,1.9441,-0.018999999999999906,-0.9773,5853.73,4749.1919
002045.SZ,20051207,1.9251,1.956,1.9085,1.9441,1.9251,0.018999999999999906,0.987,7843.19,6382.6028
002045.SZ,20051206,1.9108,1.9703,1.9037,1.9251,1.956,-0.030899999999999928,-1.5798,12011.89,9787.7196
002045.SZ,20051205,2.1342,2.139,1.9489,1.956,2.139,-0.18299999999999983,-8.5554,19160.23,16358.5612
002045.SZ,20051202,2.1414,2.1675,2.1295,2.139,2.1556,-0.016600000000000392,-0.7701,8871.08,8009.2362
002045.SZ,20051201,2.2032,2.2055,2.1461,2.1556,2.2055,-0.04989999999999961,-2.2625,14276.36,12996.2367
002045.SZ,20051130,2.1438,2.2246,2.1438,2.2055,2.1438,0.061699999999999644,2.8781,37064.73,34188.0187
002045.SZ,20051129,2.1271,2.1746,2.1271,2.1438,2.1342,0.009600000000000275,0.4498,16129.53,14611.7168
002045.SZ,20051128,2.177,2.2032,2.1105,2.1342,2.1818,-0.04760000000000009,-2.1817,21845.87,19722.3556
002045.SZ,20051125,2.2459,2.2768,2.1675,2.1818,2.9138,-0.7320000000000002,-25.1218,68694.88,64008.7149
002045.SZ,20051018,2.1726,2.1994,2.1636,2.1922,2.1726,0.019600000000000062,0.9021,14658.24,17875.0039
002045.SZ,20051017,2.1851,2.2065,2.1672,2.1726,2.1922,-0.019600000000000062,-0.8941,9516.24,11625.687
002045.SZ,20051014,2.1905,2.2012,2.1726,2.1922,2.1869,0.005300000000000082,0.2424,11479.19,14041.7071
002045.SZ,20051013,2.1028,2.1905,2.0993,2.1869,2.1225,0.06440000000000001,3.0342,14862.99,18066.0727
002045.SZ,20051012,2.1028,2.1332,2.0814,2.1225,2.0939,0.02859999999999996,1.3659,4052.13,4778.034
002045.SZ,20051011,2.0653,2.0993,2.0653,2.0939,2.0867,0.007200000000000095,0.345,3599.87,4201.9782
002045.SZ,20051010,2.1189,2.1189,2.0778,2.0867,2.0993,-0.012599999999999945,-0.6002,4064.83,4743.9512
002045.SZ,20050930,2.0742,2.11,2.0563,2.0993,2.0742,0.025100000000000122,1.2101,6331.11,7394.4196
002045.SZ,20050929,2.0885,2.1082,2.0259,2.0742,2.144,-0.0698000000000003,-3.2556,15124.36,17565.2892
002045.SZ,20050916,2.194,2.2048,2.1422,2.144,2.194,-0.04999999999999982,-2.2789,14580.7,17613.0911
002045.SZ,20050915,2.194,2.1976,2.1636,2.194,2.194,0.0,0.0,10616.84,12930.6843
002045.SZ,20050914,2.1833,2.2226,2.169,2.194,2.1851,0.00890000000000013,0.4073,14557.92,17905.0278
002045.SZ,20050913,2.1922,2.2155,2.135,2.1851,2.1922,-0.007100000000000328,-0.3239,15557.52,18881.6162
002045.SZ,20050912,2.2137,2.2369,2.1815,2.1922,2.1779,0.01429999999999998,0.6566,18894.41,23297.9496
002045.SZ,20050909,2.1314,2.2173,2.1297,2.1779,2.1297,0.04820000000000002,2.2632,21598.69,26320.1222
002045.SZ,20050908,2.1618,2.1815,2.1136,2.1297,2.1726,-0.04289999999999994,-1.9746,10840.19,13026.1573
002045.SZ,20050907,2.1028,2.1744,2.0742,2.1726,2.11,0.06260000000000021,2.9668,13014.66,15482.6886
002045.SZ,20050906,2.1797,2.1905,2.0885,2.11,2.1797,-0.0697000000000001,-3.1977,14062.02,16839.0138
002045.SZ,20050905,2.2352,2.2352,2.1618,2.1797,2.1797,0.0,0.0,10618.98,12941.1985
002045.SZ,20050902,2.144,2.2155,2.144,2.1797,2.1386,0.041100000000000136,1.9218,15923.19,19490.4168
002045.SZ,20050901,2.1458,2.1618,2.1171,2.1386,2.1297,0.008899999999999686,0.4179,12476.03,14910.4729
002045.SZ,20050831,2.0492,2.1475,2.0492,2.1297,2.0474,0.08230000000000004,4.0197,15391.28,18109.6051
002045.SZ,20050830,2.0492,2.0885,2.0403,2.0474,2.0689,-0.021500000000000075,-1.0392,10158.94,11672.9794
002045.SZ,20050829,2.11,2.1225,2.0563,2.0689,2.11,-0.04109999999999969,-1.9479,10046.58,11756.0804
002045.SZ,20050826,2.11,2.1243,2.0814,2.11,2.1189,-0.00890000000000013,-0.42,10727.99,12606.4403
002045.SZ,20050825,2.1225,2.1225,2.0742,2.1189,2.11,0.00890000000000013,0.4218,11705.94,13751.0527
002045.SZ,20050824,2.0921,2.1297,2.0635,2.11,2.0635,0.046499999999999986,2.2535,20968.12,24641.4865
002045.SZ,20050823,2.101,2.1064,2.0385,2.0635,2.11,-0.046499999999999986,-2.2038,23785.26,27413.6315
002045.SZ,20050822,2.1064,2.135,2.0742,2.11,2.1136,-0.0036000000000000476,-0.1703,10431.04,12302.0752
002045.SZ,20050819,2.1082,2.1583,2.0653,2.1136,2.1422,-0.02859999999999996,-1.3351,19004.54,22445.0212
002045.SZ,20050818,2.3013,2.3013,2.101,2.1422,2.3103,-0.16809999999999992,-7.2761,28994.39,36189.0442
002045.SZ,20050817,2.228,2.3407,2.2048,2.3103,2.2298,0.0804999999999998,3.6102,33121.61,42240.6943
002045.SZ,20050816,2.296,2.2995,2.2012,2.2298,2.2799,-0.05010000000000003,-2.1975,23599.51,29584.9871
002045.SZ,20050815,2.0939,2.2906,2.0939,2.2799,2.0939,0.18599999999999994,8.8829,37095.33,46225.2778
002045.SZ,20050812,2.1243,2.1994,2.0778,2.0939,2.1422,-0.04829999999999979,-2.2547,19654.0,23546.3944
002045.SZ,20050811,2.1547,2.1779,2.1118,2.1422,2.1636,-0.021400000000000308,-0.9891,17219.26,20592.0811
002045.SZ,20050810,2.1601,2.1958,2.11,2.1636,2.169,-0.005399999999999849,-0.249,14695.85,17639.0857
002045.SZ,20050809,2.0885,2.2083,2.076,2.169,2.1028,0.06620000000000026,3.1482,22223.61,26698.5138
002045.SZ,20050808,2.0742,2.1386,2.0742,2.1028,2.0492,0.05359999999999987,2.6157,29002.68,34128.828
002045.SZ,20050805,1.9616,2.0563,1.9544,2.0492,1.9634,0.08579999999999988,4.37,26868.44,30469.1093
002045.SZ,20050804,1.9759,2.0063,1.9491,1.9634,1.9938,-0.030399999999999983,-1.5247,9219.94,10184.6454
002045.SZ,20050803,1.9991,2.0063,1.9741,1.9938,1.992,0.0018000000000000238,0.0904,11937.58,13273.7592
002045.SZ,20050802,2.0027,2.0081,1.9598,1.992,1.9955,-0.0035000000000000586,-0.1754,7188.74,7955.3729
002045.SZ,20050801,1.9491,2.0099,1.933,1.9955,1.9383,0.05720000000000014,2.951,11828.89,13097.3593
002045.SZ,20050729,1.9312,1.9473,1.9169,1.9383,1.9365,0.0017999999999998018,0.093,5774.58,6255.7987
002045.SZ,20050728,1.9598,1.9651,1.9312,1.9365,1.9455,-0.008999999999999897,-0.4626,12596.39,13735.6855
002045.SZ,20050727,1.8918,1.9491,1.8865,1.9455,1.8829,0.06259999999999999,3.3247,14122.21,15120.291
002045.SZ,20050726,1.8561,1.9276,1.8507,1.8829,1.8686,0.01429999999999998,0.7653,14130.73,14982.2751
002045.SZ,20050725,1.9759,1.9848,1.8632,1.8686,1.9884,-0.1197999999999999,-6.0249,15132.99,16218.868
002045.SZ,20050722,2.0188,2.0474,1.9312,1.9884,2.0206,-0.032200000000000006,-1.5936,23068.32,25470.8526
002045.SZ,20050721,2.0617,2.085,1.9973,2.0206,2.0796,-0.05900000000000016,-2.8371,12235.75,13853.7155
002045.SZ,20050720,2.0653,2.101,2.0403,2.0796,2.0778,0.0018000000000002458,0.0866,6476.54,7511.7116
002045.SZ,20050719,2.0957,2.1171,2.0385,2.0778,2.0993,-0.021500000000000075,-1.0242,8258.09,9571.422
002045.SZ,20050718,2.0742,2.101,2.0635,2.0993,2.0742,0.025100000000000122,1.2101,5853.36,6822.9212
002045.SZ,20050715,2.1475,2.1618,2.0563,2.0742,2.1207,-0.046499999999999986,-2.1927,11883.75,13887.8397
002045.SZ,20050714,2.1368,2.169,2.1118,2.1207,2.1279,-0.007200000000000095,-0.3384,7551.95,9013.6197
002045.SZ,20050713,2.1744,2.1744,2.11,2.1279,2.1744,-0.046499999999999986,-2.1385,14758.9,17648.5444
002045.SZ,20050712,2.0563,2.1994,2.0385,2.1744,2.051,0.12339999999999973,6.0166,27193.32,32676.6566
002045.SZ,20050711,2.0742,2.1422,2.0474,2.051,2.0295,0.021500000000000075,1.0594,16719.07,19665.0072
002045.SZ,20050708,2.0689,2.0689,2.0063,2.0295,2.0599,-0.03039999999999976,-1.4758,6442.25,7318.7816
002045.SZ,20050707,2.0188,2.0671,1.9991,2.0599,2.0206,0.03929999999999989,1.945,9383.7,10729.3723
002045.SZ,20050706,2.0009,2.0706,1.9866,2.0206,1.992,0.02859999999999996,1.4357,14603.26,16646.2738
002045.SZ,20050705,2.0295,2.0546,1.9759,1.992,2.0349,-0.04289999999999994,-2.1082,8102.54,9112.0024
002045.SZ,20050704,1.9759,2.0349,1.9759,2.0349,2.0009,0.03399999999999981,1.6992,8672.75,9755.2138
002045.SZ,20050701,2.0242,2.0653,1.9902,2.0009,2.0474,-0.046499999999999986,-2.2712,11737.6,13293.3053
002045.SZ,20050630,2.11,2.1422,2.0456,2.0474,2.1225,-0.07509999999999994,-3.5383,16304.53,18963.6661
002045.SZ,20050629,2.1046,2.2083,2.101,2.1225,2.11,0.012500000000000178,0.5924,25479.69,30769.9183
002045.SZ,20050628,2.1314,2.1583,2.085,2.11,2.1708,-0.060799999999999965,-2.8008,23781.69,28151.0394
002045.SZ,20050627,2.0671,2.2226,2.0474,2.1708,2.0242,0.14659999999999984,7.2424,45883.01,55373.6378
002045.SZ,20050624,1.9795,2.0295,1.9669,2.0242,1.983,0.0411999999999999,2.0777,13154.87,14716.4508
002045.SZ,20050623,2.0528,2.1046,1.9687,1.983,2.0599,-0.07689999999999975,-3.7332,26171.0,30007.8669
002045.SZ,20050622,2.0295,2.1189,1.9866,2.0599,2.042,0.017900000000000027,0.8766,37782.32,43958.5984
002045.SZ,20050621,2.0081,2.0867,1.9759,2.042,2.0099,0.032099999999999795,1.5971,31353.96,35591.2358
002045.SZ,20050620,1.9276,2.0206,1.8275,2.0099,1.8704,0.13949999999999996,7.4583,30222.47,33341.3234
002045.SZ,20050617,1.9294,1.9455,1.8686,1.8704,1.9222,-0.051799999999999846,-2.6948,9751.35,10333.9447
002045.SZ,20050616,1.899,1.9383,1.8525,1.9222,1.9204,0.0017999999999998018,0.0937,11892.6,12645.3185
002045.SZ,20050615,1.9249,1.9301,1.8747,1.9197,1.911,0.00869999999999993,0.4553,10600.46,11685.8761
002045.SZ,20050614,1.9647,1.9872,1.9058,1.911,1.9405,-0.02949999999999986,-1.5202,14284.68,16027.4463
002045.SZ,20050613,1.9716,1.9768,1.8903,1.9405,1.9543,-0.013800000000000034,-0.7061,16076.26,18041.6128
002045.SZ,20050610,1.9924,2.0235,1.9266,1.9543,2.0028,-0.04850000000000021,-2.4216,22628.71,25770.1121
002045.SZ,20050609,1.9214,2.1066,1.8989,2.0028,1.9387,0.06410000000000005,3.3063,50260.91,58397.4433
002045.SZ,20050608,1.795,1.9699,1.7864,1.9387,1.7968,0.14190000000000014,7.8974,35481.45,38858.9433
002045.SZ,20050607,1.8089,1.8487,1.7881,1.7968,1.8314,-0.034599999999999964,-1.8893,19893.2,20838.8689
002045.SZ,20050606,1.8418,1.8522,1.776,1.8314,1.712,0.11939999999999995,6.9743,45033.46,47123.1473
002045.SZ,20050603,1.757,1.7916,1.6998,1.712,1.776,-0.06400000000000006,-3.6036,16758.8,16783.6279
002045.SZ,20050602,1.7743,1.7968,1.7327,1.776,1.7916,-0.015600000000000058,-0.8707,14854.93,15135.2169
002045.SZ,20050601,1.8781,1.8885,1.7604,1.7916,1.8781,-0.08650000000000002,-4.6057,22100.84,23041.1867
002045.SZ,20050531,1.9197,1.9214,1.8608,1.8781,1.9214,-0.043299999999999894,-2.2536,16698.55,18211.923
002045.SZ,20050530,1.9128,1.9335,1.8747,1.9214,1.9058,0.015600000000000058,0.8186,19738.33,21686.3815
002045.SZ,20050527,2.008,2.0287,1.9058,1.9058,1.9941,-0.08830000000000005,-4.4281,32783.46,37040.0667
002045.SZ,20050526,1.9872,2.0218,1.9768,1.9941,1.9907,0.0034000000000000696,0.1708,31781.71,36650.1664
002045.SZ,20050525,2.0426,2.0426,1.9751,1.9907,2.053,-0.06230000000000002,-3.0346,31163.95,36127.0828
002045.SZ,20050524,2.1707,2.1984,1.9924,2.053,2.2018,-0.14880000000000004,-6.7581,59108.64,70692.5298
002045.SZ,20050523,2.1136,2.2503,2.1136,2.2018,1.8695,0.33230000000000004,17.7748,126250.31,159177.8156
