ts_code,trade_date,open,high,low,close,pre_close,change,pct_chg,vol,amount
002622.SZ,20230316,3.4,3.41,3.3,3.33,3.42,-0.08999999999999986,-2.6316,92510.0,30979.989
002622.SZ,20230315,3.41,3.46,3.41,3.42,3.4,0.020000000000000018,0.5882,79858.8,27434.835
002622.SZ,20230314,3.45,3.45,3.34,3.4,3.45,-0.050000000000000266,-1.4493,102381.0,34694.694
002622.SZ,20230313,3.47,3.48,3.4,3.45,3.46,-0.009999999999999787,-0.289,82404.0,28339.981
002622.SZ,20230310,3.48,3.53,3.46,3.46,3.53,-0.06999999999999984,-1.983,76154.0,26558.663
002622.SZ,20230309,3.52,3.54,3.46,3.53,3.52,0.009999999999999787,0.2841,92347.0,32361.124
002622.SZ,20230308,3.49,3.55,3.45,3.52,3.5,0.020000000000000018,0.5714,102577.37,35992.963
002622.SZ,20230307,3.61,3.61,3.5,3.5,3.61,-0.10999999999999988,-3.0471,111797.0,39644.325
002622.SZ,20230306,3.59,3.63,3.59,3.61,3.61,0.0,0.0,50855.0,18374.618
002622.SZ,20230303,3.61,3.62,3.58,3.61,3.61,0.0,0.0,56664.0,20409.946
002622.SZ,20230302,3.65,3.66,3.6,3.61,3.65,-0.040000000000000036,-1.0959,86041.0,31268.748
002622.SZ,20230301,3.64,3.65,3.61,3.65,3.63,0.020000000000000018,0.551,75944.0,27588.083
002622.SZ,20230228,3.58,3.63,3.57,3.63,3.57,0.06000000000000005,1.6807,79474.0,28673.569
002622.SZ,20230227,3.64,3.64,3.55,3.57,3.65,-0.08000000000000007,-2.1918,121443.0,43568.08
002622.SZ,20230224,3.66,3.67,3.62,3.65,3.66,-0.010000000000000231,-0.2732,61536.8,22385.058
002622.SZ,20230223,3.7,3.7,3.64,3.66,3.7,-0.040000000000000036,-1.0811,89024.0,32611.805
002622.SZ,20230222,3.68,3.73,3.66,3.7,3.68,0.020000000000000018,0.5435,99101.21,36610.581
002622.SZ,20230221,3.69,3.71,3.64,3.68,3.69,-0.009999999999999787,-0.271,103443.0,38029.377
002622.SZ,20230220,3.75,3.75,3.61,3.69,3.75,-0.06000000000000005,-1.6,217762.21,79890.42
002622.SZ,20230217,3.81,3.85,3.75,3.75,3.83,-0.08000000000000007,-2.0888,178963.0,67823.477
002622.SZ,20230216,4.0,4.01,3.79,3.83,3.96,-0.1299999999999999,-3.2828,236035.12,92075.215
002622.SZ,20230215,3.9,4.04,3.9,3.96,3.92,0.040000000000000036,1.0204,305788.87,121755.644
002622.SZ,20230214,3.88,3.93,3.86,3.92,3.86,0.06000000000000005,1.5544,185225.12,72058.119
002622.SZ,20230213,3.86,3.86,3.82,3.86,3.84,0.020000000000000018,0.5208,116375.66,44684.502
002622.SZ,20230210,3.88,3.89,3.83,3.84,3.87,-0.03000000000000025,-0.7752,100699.0,38868.874
002622.SZ,20230209,3.85,3.87,3.83,3.87,3.85,0.020000000000000018,0.5195,105053.0,40426.196
002622.SZ,20230208,3.9,3.91,3.85,3.85,3.9,-0.04999999999999982,-1.2821,109967.0,42583.938
002622.SZ,20230207,3.91,3.93,3.88,3.9,3.9,0.0,0.0,93568.0,36464.079
002622.SZ,20230206,3.92,3.96,3.89,3.9,3.93,-0.03000000000000025,-0.7634,94027.16,36900.027
002622.SZ,20230203,3.94,3.95,3.87,3.93,3.94,-0.009999999999999787,-0.2538,128979.15,50332.906
002622.SZ,20230202,3.97,4.0,3.93,3.94,3.97,-0.03000000000000025,-0.7557,108005.0,42770.523
002622.SZ,20230201,3.93,3.98,3.89,3.97,3.94,0.03000000000000025,0.7614,164632.12,64767.545
002622.SZ,20230131,3.87,3.96,3.86,3.94,3.93,0.009999999999999787,0.2545,156286.12,61357.693
002622.SZ,20230130,3.9,3.96,3.9,3.93,3.88,0.050000000000000266,1.2887,152681.5,60038.898
002622.SZ,20230120,3.81,3.88,3.8,3.88,3.79,0.08999999999999986,2.3747,114305.91,44128.654
002622.SZ,20230119,3.83,3.84,3.78,3.79,3.83,-0.040000000000000036,-1.0444,97612.17,37141.015
002622.SZ,20230118,3.81,3.88,3.8,3.83,3.82,0.010000000000000231,0.2618,72404.09,27735.609
002622.SZ,20230117,3.89,3.9,3.8,3.82,3.89,-0.07000000000000028,-1.7995,117597.0,45139.681
002622.SZ,20230116,3.9,3.94,3.86,3.89,3.91,-0.020000000000000018,-0.5115,162620.0,63295.791
002622.SZ,20230113,3.88,4.0,3.82,3.91,3.86,0.050000000000000266,1.2953,273859.76,107115.251
002622.SZ,20230112,3.96,4.02,3.84,3.86,4.0,-0.14000000000000012,-3.5,390893.0,152298.545
002622.SZ,20230111,3.78,4.17,3.75,4.0,3.79,0.20999999999999996,5.5409,584039.0,234794.904
002622.SZ,20230110,3.79,3.84,3.75,3.79,3.79,0.0,0.0,99633.0,37768.643
002622.SZ,20230109,3.8,3.82,3.76,3.79,3.77,0.020000000000000018,0.5305,71874.0,27217.998
002622.SZ,20230106,3.81,3.84,3.76,3.77,3.82,-0.04999999999999982,-1.3089,96531.0,36602.887
002622.SZ,20230105,3.79,3.83,3.76,3.82,3.79,0.029999999999999805,0.7916,94255.02,35836.022
002622.SZ,20230104,3.8,3.84,3.77,3.79,3.8,-0.009999999999999787,-0.2632,88017.02,33512.266
002622.SZ,20230103,3.7,3.82,3.7,3.8,3.7,0.09999999999999964,2.7027,112746.0,42652.533
002622.SZ,20221230,3.75,3.75,3.69,3.7,3.71,-0.009999999999999787,-0.2695,83033.06,30806.37
002622.SZ,20221229,3.77,3.8,3.71,3.71,3.79,-0.08000000000000007,-2.1108,101700.74,38168.79
002622.SZ,20221228,3.86,3.89,3.78,3.79,3.91,-0.1200000000000001,-3.0691,177565.0,67960.59
002622.SZ,20221227,3.82,4.14,3.76,3.91,3.81,0.10000000000000009,2.6247,289518.0,113150.236
002622.SZ,20221226,3.74,3.81,3.7,3.81,3.73,0.08000000000000007,2.1448,112525.0,42365.869
002622.SZ,20221223,3.74,3.85,3.71,3.73,3.79,-0.06000000000000005,-1.5831,96236.6,36174.316
002622.SZ,20221222,3.79,3.93,3.78,3.79,3.78,0.010000000000000231,0.2646,134682.6,51760.22
002622.SZ,20221221,3.89,3.94,3.76,3.78,3.91,-0.13000000000000034,-3.3248,126260.6,48207.315
002622.SZ,20221220,3.92,3.95,3.82,3.91,3.92,-0.009999999999999787,-0.2551,99290.0,38590.905
002622.SZ,20221219,4.09,4.13,3.9,3.92,4.09,-0.16999999999999993,-4.1565,179126.0,71096.464
002622.SZ,20221216,4.15,4.18,4.07,4.09,4.19,-0.10000000000000053,-2.3866,147579.0,60537.746
002622.SZ,20221215,4.26,4.29,4.17,4.19,4.27,-0.07999999999999918,-1.8735,199243.0,83977.015
002622.SZ,20221214,4.13,4.35,4.05,4.27,4.17,0.09999999999999964,2.3981,371933.54,156249.131
002622.SZ,20221213,4.15,4.35,4.15,4.17,4.02,0.15000000000000036,3.7313,330910.6,139379.838
002622.SZ,20221212,4.12,4.13,4.02,4.02,4.16,-0.14000000000000057,-3.3654,194498.0,78847.883
002622.SZ,20221209,4.09,4.24,4.08,4.16,4.06,0.10000000000000053,2.4631,246667.0,102847.198
002622.SZ,20221208,4.14,4.16,4.06,4.06,4.14,-0.08000000000000007,-1.9324,147581.0,60445.09
002622.SZ,20221207,4.13,4.19,4.09,4.14,4.18,-0.040000000000000036,-0.9569,154449.18,63846.932
002622.SZ,20221206,4.27,4.33,4.16,4.18,4.27,-0.08999999999999986,-2.1077,238492.0,100609.478
002622.SZ,20221205,4.23,4.29,4.2,4.27,4.24,0.02999999999999936,0.7075,165341.0,70302.248
002622.SZ,20221202,4.19,4.24,4.17,4.24,4.21,0.03000000000000025,0.7126,132359.2,55661.266
002622.SZ,20221201,4.15,4.22,4.14,4.21,4.12,0.08999999999999986,2.1845,168660.18,70586.946
002622.SZ,20221130,4.15,4.17,4.1,4.12,4.16,-0.040000000000000036,-0.9615,138302.0,57148.276
002622.SZ,20221129,4.07,4.19,4.06,4.16,4.08,0.08000000000000007,1.9608,176414.06,72888.206
002622.SZ,20221128,4.05,4.12,4.02,4.08,4.13,-0.04999999999999982,-1.2107,200792.0,81340.023
002622.SZ,20221125,4.22,4.23,4.11,4.13,4.27,-0.13999999999999968,-3.2787,191457.0,79341.613
002622.SZ,20221124,4.3,4.31,4.22,4.27,4.3,-0.03000000000000025,-0.6977,151588.0,64465.294
002622.SZ,20221123,4.19,4.3,4.15,4.3,4.19,0.10999999999999943,2.6253,247964.06,104971.56
002622.SZ,20221122,4.28,4.33,4.18,4.19,4.31,-0.11999999999999922,-2.7842,302101.0,127887.131
002622.SZ,20221121,4.44,4.44,4.27,4.31,4.48,-0.17000000000000082,-3.7946,356154.0,153972.905
002622.SZ,20221118,4.34,4.57,4.34,4.48,4.38,0.10000000000000053,2.2831,525372.0,235585.253
002622.SZ,20221117,4.32,4.48,4.32,4.38,4.37,0.009999999999999787,0.2288,286089.0,125449.207
002622.SZ,20221116,4.35,4.42,4.28,4.37,4.36,0.009999999999999787,0.2294,343479.0,149569.239
002622.SZ,20221115,4.4,4.41,4.31,4.36,4.43,-0.0699999999999994,-1.5801,420595.0,182942.944
002622.SZ,20221114,4.4,4.46,4.3,4.43,4.4,0.02999999999999936,0.6818,366711.0,161158.255
002622.SZ,20221111,4.51,4.56,4.37,4.4,4.45,-0.04999999999999982,-1.1236,490895.0,218632.859
002622.SZ,20221110,4.5,4.58,4.38,4.45,4.66,-0.20999999999999996,-4.5064,609932.26,272713.515
002622.SZ,20221109,4.47,4.8,4.4,4.66,4.38,0.28000000000000025,6.3927,800035.47,368928.266
002622.SZ,20221108,4.4,4.59,4.31,4.38,4.2,0.17999999999999972,4.2857,573620.92,252345.483
002622.SZ,20221107,4.12,4.26,4.12,4.2,4.16,0.040000000000000036,0.9615,258025.0,108045.706
002622.SZ,20221104,4.05,4.23,4.05,4.16,4.07,0.08999999999999986,2.2113,371560.0,153196.139
002622.SZ,20221103,4.06,4.13,4.03,4.07,4.12,-0.04999999999999982,-1.2136,229848.0,93586.278
002622.SZ,20221102,4.09,4.19,4.05,4.12,4.13,-0.009999999999999787,-0.2421,292859.0,120511.005
002622.SZ,20221101,4.04,4.17,4.04,4.13,4.04,0.08999999999999986,2.2277,309989.18,127045.865
002622.SZ,20221031,3.94,4.1,3.91,4.04,3.95,0.08999999999999986,2.2785,264877.0,107253.072
002622.SZ,20221028,4.16,4.16,3.93,3.95,4.21,-0.2599999999999998,-6.1758,414788.0,167373.029
002622.SZ,20221027,4.35,4.41,4.2,4.21,4.45,-0.2400000000000002,-5.3933,455175.0,194874.462
002622.SZ,20221026,4.19,4.55,4.18,4.45,4.15,0.2999999999999998,7.2289,727391.0,317575.358
002622.SZ,20221025,4.25,4.28,4.04,4.15,4.29,-0.13999999999999968,-3.2634,477046.49,196982.952
002622.SZ,20221024,4.43,4.45,4.2,4.29,4.45,-0.16000000000000014,-3.5955,551588.36,238667.632
002622.SZ,20221021,4.44,4.62,4.37,4.45,4.5,-0.04999999999999982,-1.1111,590308.0,263646.676
002622.SZ,20221020,4.48,4.78,4.43,4.5,4.48,0.019999999999999574,0.4464,876836.06,402727.596
002622.SZ,20221019,4.53,4.61,4.43,4.48,4.6,-0.11999999999999922,-2.6087,676860.0,303823.622
002622.SZ,20221018,4.62,4.79,4.53,4.6,4.67,-0.07000000000000028,-1.4989,1006605.84,469342.638
002622.SZ,20221017,4.77,4.96,4.63,4.67,4.72,-0.04999999999999982,-1.0593,1609967.93,768889.131
002622.SZ,20221014,4.28,4.72,4.18,4.72,4.29,0.4299999999999997,10.0233,1005639.93,460930.256
002622.SZ,20221013,4.1,4.5,4.07,4.29,4.16,0.1299999999999999,3.125,890678.21,379799.322
002622.SZ,20221012,3.87,4.28,3.84,4.16,3.89,0.27,6.9409,777051.29,317593.658
002622.SZ,20221011,3.93,3.97,3.59,3.89,3.98,-0.08999999999999986,-2.2613,560746.0,213221.258
002622.SZ,20221010,3.86,4.02,3.86,3.98,3.89,0.08999999999999986,2.3136,558246.67,219418.527
002622.SZ,20220930,4.22,4.24,3.89,3.89,4.32,-0.43000000000000016,-9.9537,855808.21,346954.23
002622.SZ,20220929,4.28,4.45,4.05,4.32,4.3,0.020000000000000462,0.4651,976431.09,418421.426
002622.SZ,20220928,4.43,4.77,4.18,4.3,4.43,-0.1299999999999999,-2.9345,1523578.41,685949.341
002622.SZ,20220927,4.05,4.43,3.95,4.43,4.03,0.39999999999999947,9.9256,1086084.0,453511.651
002622.SZ,20220926,4.09,4.21,4.02,4.03,4.2,-0.16999999999999993,-4.0476,1157872.23,475754.988
002622.SZ,20220923,3.85,4.2,3.84,4.2,3.82,0.38000000000000034,9.9476,1089230.29,454070.998
002622.SZ,20220922,4.03,4.04,3.8,3.82,4.02,-0.19999999999999973,-4.9751,509623.0,198132.135
002622.SZ,20220921,4.01,4.07,3.96,4.02,4.13,-0.11000000000000032,-2.6634,380379.0,152632.65
002622.SZ,20220920,4.05,4.15,3.91,4.13,4.05,0.08000000000000007,1.9753,693334.0,278415.569
002622.SZ,20220919,4.0,4.25,3.94,4.05,3.93,0.11999999999999966,3.0534,729223.08,296439.244
002622.SZ,20220916,4.0,4.23,3.89,3.93,4.08,-0.1499999999999999,-3.6765,1017467.38,412775.492
002622.SZ,20220915,3.7,4.08,3.62,4.08,3.71,0.3700000000000001,9.973,819575.08,321505.029
002622.SZ,20220914,3.65,3.75,3.61,3.71,3.8,-0.08999999999999986,-2.3684,547529.0,200730.165
002622.SZ,20220913,4.15,4.15,3.73,3.8,3.86,-0.06000000000000005,-1.5544,892285.93,348467.054
002622.SZ,20220909,3.86,3.86,3.86,3.86,3.51,0.3500000000000001,9.9715,161230.0,62234.78
002622.SZ,20220908,3.54,3.56,3.47,3.51,3.54,-0.03000000000000025,-0.8475,161594.0,56602.733
002622.SZ,20220907,3.48,3.6,3.44,3.54,3.48,0.06000000000000005,1.7241,251230.0,88658.527
002622.SZ,20220906,3.47,3.49,3.43,3.48,3.47,0.009999999999999787,0.2882,145813.0,50451.643
002622.SZ,20220905,3.45,3.48,3.4,3.47,3.43,0.040000000000000036,1.1662,167801.0,57780.429
002622.SZ,20220902,3.37,3.45,3.34,3.43,3.35,0.08000000000000007,2.3881,184301.0,62595.975
002622.SZ,20220901,3.47,3.47,3.34,3.35,3.45,-0.10000000000000009,-2.8986,255788.0,87053.766
002622.SZ,20220831,3.61,3.67,3.42,3.45,3.66,-0.20999999999999996,-5.7377,470089.32,164665.221
002622.SZ,20220830,3.81,3.88,3.63,3.66,3.8,-0.13999999999999968,-3.6842,507507.32,188378.431
002622.SZ,20220829,3.69,3.88,3.64,3.8,3.81,-0.010000000000000231,-0.2625,708610.61,263759.658
002622.SZ,20220826,3.95,4.22,3.78,3.81,4.2,-0.3900000000000001,-9.2857,1292233.47,514958.848
002622.SZ,20220825,4.01,4.2,4.0,4.2,3.82,0.38000000000000034,9.9476,1629001.59,674805.587
002622.SZ,20220824,3.48,3.82,3.48,3.82,3.47,0.34999999999999964,10.0865,373643.73,139862.433
002622.SZ,20220823,3.54,3.54,3.45,3.47,3.54,-0.06999999999999984,-1.9774,125694.0,43683.593
002622.SZ,20220822,3.53,3.55,3.48,3.54,3.56,-0.020000000000000018,-0.5618,152379.73,53386.048
002622.SZ,20220819,3.6,3.62,3.52,3.56,3.64,-0.08000000000000007,-2.1978,217995.73,77613.261
002622.SZ,20220818,3.66,3.72,3.59,3.64,3.73,-0.08999999999999986,-2.4129,343919.0,124721.879
002622.SZ,20220817,3.59,3.93,3.56,3.73,3.57,0.16000000000000014,4.4818,655935.0,248383.163
002622.SZ,20220816,3.52,3.58,3.52,3.57,3.52,0.04999999999999982,1.4205,147880.0,52444.029
002622.SZ,20220815,3.49,3.52,3.45,3.52,3.53,-0.009999999999999787,-0.2833,113990.0,39767.264
002622.SZ,20220812,3.52,3.55,3.5,3.53,3.55,-0.020000000000000018,-0.5634,129664.0,45626.966
002622.SZ,20220811,3.52,3.55,3.45,3.55,3.48,0.06999999999999984,2.0115,160739.6,56302.669
002622.SZ,20220810,3.48,3.51,3.42,3.48,3.48,0.0,0.0,147344.0,50884.765
002622.SZ,20220809,3.5,3.55,3.47,3.48,3.51,-0.029999999999999805,-0.8547,135154.06,47231.97
002622.SZ,20220808,3.47,3.52,3.41,3.51,3.48,0.029999999999999805,0.8621,130287.06,45443.224
002622.SZ,20220805,3.52,3.55,3.43,3.48,3.55,-0.06999999999999984,-1.9718,203013.06,70470.607
002622.SZ,20220804,3.42,3.59,3.41,3.55,3.42,0.1299999999999999,3.8012,284567.7,100250.654
002622.SZ,20220803,3.48,3.66,3.37,3.42,3.48,-0.06000000000000005,-1.7241,324047.86,113975.623
002622.SZ,20220802,3.69,3.77,3.45,3.48,3.79,-0.31000000000000005,-8.1794,482479.8,171404.632
002622.SZ,20220801,3.84,3.91,3.67,3.79,3.99,-0.20000000000000018,-5.0125,627564.85,236763.337
002622.SZ,20220729,3.75,4.2,3.75,3.99,3.9,0.0900000000000003,2.3077,1060599.96,417408.031
002622.SZ,20220728,4.33,4.33,3.88,3.9,4.0,-0.10000000000000009,-2.5,1267327.0,519773.673
002622.SZ,20220727,3.8,4.0,3.8,4.0,3.64,0.3599999999999999,9.8901,389056.59,153624.631
002622.SZ,20220726,3.3,3.64,3.25,3.64,3.31,0.33000000000000007,9.9698,299526.61,106320.198
002622.SZ,20220725,3.38,3.39,3.3,3.31,3.35,-0.040000000000000036,-1.194,107965.0,36046.585
002622.SZ,20220722,3.37,3.42,3.33,3.35,3.39,-0.040000000000000036,-1.1799,148582.0,50011.009
002622.SZ,20220721,3.38,3.48,3.36,3.39,3.35,0.040000000000000036,1.194,230887.06,78838.359
002622.SZ,20220720,3.3,3.47,3.27,3.35,3.29,0.06000000000000005,1.8237,226618.26,76301.049
002622.SZ,20220719,3.27,3.34,3.25,3.29,3.27,0.020000000000000018,0.6116,115300.8,37926.17
002622.SZ,20220718,3.13,3.3,3.1,3.27,3.13,0.14000000000000012,4.4728,180356.0,58630.93
002622.SZ,20220715,3.18,3.23,3.11,3.13,3.26,-0.1299999999999999,-3.9877,116987.0,36908.582
002622.SZ,20220714,3.27,3.27,3.22,3.26,3.26,0.0,0.0,90913.06,29524.022
002622.SZ,20220713,3.23,3.26,3.18,3.26,3.2,0.05999999999999961,1.875,106639.06,34518.337
002622.SZ,20220712,3.28,3.28,3.19,3.2,3.26,-0.05999999999999961,-1.8405,91365.0,29502.836
002622.SZ,20220711,3.21,3.27,3.18,3.26,3.24,0.019999999999999574,0.6173,113688.0,36730.255
002622.SZ,20220708,3.23,3.34,3.2,3.24,3.19,0.050000000000000266,1.5674,168676.0,55387.032
002622.SZ,20220707,3.14,3.22,3.08,3.19,3.1,0.08999999999999986,2.9032,125380.3,39802.048
002622.SZ,20220706,3.16,3.17,3.05,3.1,3.16,-0.06000000000000005,-1.8987,160186.0,49607.321
002622.SZ,20220705,3.17,3.22,3.11,3.16,3.18,-0.020000000000000018,-0.6289,101583.0,32056.698
002622.SZ,20220704,3.2,3.25,3.16,3.18,3.25,-0.06999999999999984,-2.1538,130021.3,41465.123
002622.SZ,20220701,3.27,3.48,3.22,3.25,3.2,0.04999999999999982,1.5625,305006.0,101442.196
002622.SZ,20220630,3.21,3.25,3.18,3.2,3.21,-0.009999999999999787,-0.3115,108084.74,34815.318
002622.SZ,20220629,3.24,3.26,3.18,3.21,3.24,-0.03000000000000025,-0.9259,124605.06,40093.848
002622.SZ,20220628,3.14,3.25,3.11,3.24,3.13,0.11000000000000032,3.5144,177467.0,56872.254
002622.SZ,20220627,3.16,3.18,3.11,3.13,3.16,-0.03000000000000025,-0.9494,95420.0,29886.104
002622.SZ,20220624,3.17,3.24,3.15,3.16,3.17,-0.009999999999999787,-0.3155,91445.32,29135.829
002622.SZ,20220623,3.16,3.17,3.09,3.17,3.1,0.06999999999999984,2.2581,91678.06,28784.345
002622.SZ,20220622,3.18,3.18,3.1,3.1,3.15,-0.04999999999999982,-1.5873,71792.06,22571.99
002622.SZ,20220621,3.17,3.18,3.12,3.15,3.14,0.009999999999999787,0.3185,100030.94,31558.915
002622.SZ,20220620,3.13,3.18,3.08,3.14,3.12,0.020000000000000018,0.641,129402.94,40474.551
002622.SZ,20220617,3.16,3.2,3.09,3.12,3.1,0.020000000000000018,0.6452,141838.0,44467.357
002622.SZ,20220616,3.05,3.12,3.05,3.1,3.06,0.040000000000000036,1.3072,112608.99,34817.787
002622.SZ,20220615,3.05,3.14,3.04,3.06,3.03,0.03000000000000025,0.9901,134273.91,41464.265
002622.SZ,20220614,3.02,3.04,2.92,3.03,3.04,-0.010000000000000231,-0.3289,98885.0,29482.278
002622.SZ,20220613,3.01,3.05,3.0,3.04,3.02,0.020000000000000018,0.6623,59270.6,17947.522
002622.SZ,20220610,2.96,3.06,2.96,3.02,3.0,0.020000000000000018,0.6667,66938.8,20250.331
002622.SZ,20220609,3.08,3.08,2.98,3.0,3.06,-0.06000000000000005,-1.9608,83010.8,25020.782
002622.SZ,20220608,3.1,3.12,3.01,3.06,3.1,-0.040000000000000036,-1.2903,83328.74,25477.209
002622.SZ,20220607,3.17,3.19,3.08,3.1,3.17,-0.06999999999999984,-2.2082,74986.0,23319.569
002622.SZ,20220606,3.13,3.18,3.12,3.17,3.09,0.08000000000000007,2.589,87355.0,27570.623
002622.SZ,20220602,3.13,3.13,3.06,3.09,3.1,-0.010000000000000231,-0.3226,45143.0,13928.208
002622.SZ,20220601,3.07,3.14,3.05,3.1,3.07,0.03000000000000025,0.9772,74418.3,23105.562
002622.SZ,20220531,3.07,3.11,3.04,3.07,3.06,0.009999999999999787,0.3268,54861.07,16824.234
002622.SZ,20220530,3.05,3.07,3.02,3.06,3.04,0.020000000000000018,0.6579,64076.0,19518.925
002622.SZ,20220527,3.06,3.1,3.01,3.04,3.06,-0.020000000000000018,-0.6536,49580.0,15124.579
002622.SZ,20220526,3.1,3.11,3.03,3.06,3.08,-0.020000000000000018,-0.6494,59276.0,18165.554
002622.SZ,20220525,2.99,3.09,2.98,3.08,3.0,0.08000000000000007,2.6667,68994.0,21037.341
002622.SZ,20220524,3.19,3.2,2.99,3.0,3.17,-0.16999999999999993,-5.3628,92558.0,28427.521
002622.SZ,20220523,3.19,3.19,3.13,3.17,3.14,0.029999999999999805,0.9554,55951.92,17659.569
002622.SZ,20220520,3.11,3.14,3.07,3.14,3.06,0.08000000000000007,2.6144,86508.0,26887.424
002622.SZ,20220519,2.99,3.07,2.96,3.06,3.03,0.03000000000000025,0.9901,67074.0,20364.752
002622.SZ,20220518,2.99,3.07,2.99,3.03,2.98,0.04999999999999982,1.6779,77231.0,23409.664
002622.SZ,20220517,3.0,3.0,2.93,2.98,2.99,-0.010000000000000231,-0.3344,44840.0,13277.427
002622.SZ,20220516,2.98,3.03,2.95,2.99,2.98,0.010000000000000231,0.3356,62732.0,18743.136
002622.SZ,20220513,3.0,3.03,2.95,2.98,2.98,0.0,0.0,53820.0,16050.794
002622.SZ,20220512,2.93,3.0,2.92,2.98,2.94,0.040000000000000036,1.3605,68982.0,20482.18
002622.SZ,20220511,2.93,3.06,2.92,2.94,2.97,-0.03000000000000025,-1.0101,108644.0,32414.31
002622.SZ,20220510,2.88,3.09,2.85,2.97,2.9,0.07000000000000028,2.4138,130808.0,39157.354
002622.SZ,20220509,2.8,2.91,2.8,2.9,2.83,0.06999999999999984,2.4735,67375.3,19431.801
002622.SZ,20220506,2.85,2.86,2.8,2.83,2.9,-0.06999999999999984,-2.4138,55842.0,15840.406
002622.SZ,20220505,2.88,2.94,2.85,2.9,2.88,0.020000000000000018,0.6944,86354.0,25043.775
002622.SZ,20220429,2.67,2.93,2.67,2.88,2.69,0.18999999999999995,7.0632,124428.46,35346.687
002622.SZ,20220428,2.77,2.79,2.66,2.69,2.78,-0.08999999999999986,-3.2374,78712.0,21416.272
002622.SZ,20220427,2.64,2.78,2.56,2.78,2.69,0.08999999999999986,3.3457,110247.6,29398.599
002622.SZ,20220426,2.86,2.93,2.66,2.69,2.85,-0.16000000000000014,-5.614,99348.72,27677.712
002622.SZ,20220425,3.09,3.09,2.85,2.85,3.13,-0.2799999999999998,-8.9457,140904.0,41524.307
002622.SZ,20220422,3.1,3.17,3.02,3.13,3.12,0.009999999999999787,0.3205,80563.0,24967.591
002622.SZ,20220421,3.29,3.3,3.09,3.12,3.28,-0.1599999999999997,-4.878,121975.72,38546.796
002622.SZ,20220420,3.35,3.37,3.25,3.28,3.33,-0.050000000000000266,-1.5015,92435.09,30542.791
002622.SZ,20220419,3.31,3.37,3.29,3.33,3.33,0.0,0.0,72638.93,24187.667
002622.SZ,20220418,3.28,3.35,3.23,3.33,3.29,0.040000000000000036,1.2158,90377.34,29891.608
002622.SZ,20220415,3.35,3.36,3.25,3.29,3.36,-0.06999999999999984,-2.0833,125727.0,41402.312
002622.SZ,20220414,3.4,3.43,3.36,3.36,3.38,-0.020000000000000018,-0.5917,115308.0,38979.324
002622.SZ,20220413,3.5,3.5,3.35,3.38,3.47,-0.0900000000000003,-2.5937,125765.0,42637.235
002622.SZ,20220412,3.37,3.47,3.37,3.47,3.41,0.06000000000000005,1.7595,100723.0,34550.661
002622.SZ,20220411,3.54,3.57,3.39,3.41,3.57,-0.1599999999999997,-4.4818,155559.0,54018.43
002622.SZ,20220408,3.67,3.71,3.54,3.57,3.69,-0.1200000000000001,-3.252,220188.0,79144.775
002622.SZ,20220407,3.81,3.82,3.66,3.69,3.84,-0.1499999999999999,-3.9062,253322.17,94140.94
002622.SZ,20220406,3.87,3.94,3.78,3.84,3.97,-0.13000000000000034,-3.2746,364735.0,140672.89
002622.SZ,20220401,3.82,4.09,3.78,3.97,3.96,0.010000000000000231,0.2525,636573.42,248980.458
002622.SZ,20220331,3.74,4.1,3.73,3.96,3.73,0.22999999999999998,6.1662,831721.4,332452.537
002622.SZ,20220330,3.68,3.74,3.55,3.73,3.64,0.08999999999999986,2.4725,343896.44,124943.112
002622.SZ,20220329,3.57,3.84,3.51,3.64,3.57,0.07000000000000028,1.9608,418358.72,152633.981
002622.SZ,20220328,3.54,3.69,3.43,3.57,3.64,-0.07000000000000028,-1.9231,469746.0,167943.175
002622.SZ,20220325,3.3,3.64,3.3,3.64,3.31,0.33000000000000007,9.9698,171320.0,60993.855
002622.SZ,20220324,3.39,3.39,3.29,3.31,3.4,-0.08999999999999986,-2.6471,84259.0,28001.619
002622.SZ,20220323,3.38,3.41,3.36,3.4,3.38,0.020000000000000018,0.5917,87194.0,29565.152
002622.SZ,20220322,3.39,3.41,3.33,3.38,3.38,0.0,0.0,70496.0,23757.95
002622.SZ,20220321,3.38,3.41,3.33,3.38,3.38,0.0,0.0,81821.0,27643.211
002622.SZ,20220318,3.34,3.4,3.29,3.38,3.32,0.06000000000000005,1.8072,83190.0,28043.384
002622.SZ,20220317,3.29,3.4,3.29,3.32,3.26,0.06000000000000005,1.8405,111157.72,37176.568
002622.SZ,20220316,3.26,3.27,3.09,3.26,3.2,0.05999999999999961,1.875,147100.0,47097.979
002622.SZ,20220315,3.43,3.43,3.2,3.2,3.44,-0.23999999999999977,-6.9767,113717.68,37737.321
002622.SZ,20220314,3.44,3.54,3.44,3.44,3.5,-0.06000000000000005,-1.7143,73127.0,25449.254
002622.SZ,20220311,3.39,3.52,3.31,3.5,3.4,0.10000000000000009,2.9412,114664.0,39125.04
002622.SZ,20220310,3.44,3.46,3.38,3.4,3.39,0.009999999999999787,0.295,73853.0,25216.274
002622.SZ,20220309,3.42,3.47,3.2,3.39,3.43,-0.040000000000000036,-1.1662,135947.06,45467.005
002622.SZ,20220308,3.6,3.61,3.4,3.43,3.59,-0.1599999999999997,-4.4568,125193.0,43467.375
002622.SZ,20220307,3.67,3.67,3.56,3.59,3.67,-0.08000000000000007,-2.1798,90036.0,32450.924
002622.SZ,20220304,3.74,3.76,3.65,3.67,3.76,-0.08999999999999986,-2.3936,111721.0,41224.404
002622.SZ,20220303,3.84,3.84,3.75,3.76,3.81,-0.050000000000000266,-1.3123,95616.0,36139.521
002622.SZ,20220302,3.81,3.86,3.77,3.81,3.79,0.020000000000000018,0.5277,73565.0,28002.178
002622.SZ,20220301,3.72,3.81,3.72,3.79,3.72,0.06999999999999984,1.8817,92130.0,34907.13
002622.SZ,20220228,3.77,3.81,3.65,3.72,3.78,-0.05999999999999961,-1.5873,92036.0,34169.435
002622.SZ,20220225,3.73,3.82,3.7,3.78,3.68,0.09999999999999964,2.7174,148316.67,56031.211
002622.SZ,20220224,3.83,3.88,3.62,3.68,3.84,-0.1599999999999997,-4.1667,213709.6,80088.028
002622.SZ,20220223,3.86,3.88,3.81,3.84,3.84,0.0,0.0,97971.6,37684.818
002622.SZ,20220222,3.86,3.9,3.79,3.84,3.86,-0.020000000000000018,-0.5181,106696.0,41036.063
002622.SZ,20220221,3.77,3.89,3.76,3.86,3.77,0.08999999999999986,2.3873,137838.6,53079.234
002622.SZ,20220218,3.76,3.78,3.72,3.77,3.77,0.0,0.0,53769.0,20189.747
002622.SZ,20220217,3.78,3.82,3.76,3.77,3.79,-0.020000000000000018,-0.5277,74549.0,28170.698
002622.SZ,20220216,3.73,3.87,3.71,3.79,3.72,0.06999999999999984,1.8817,100289.0,38012.225
002622.SZ,20220215,3.75,3.76,3.67,3.72,3.74,-0.020000000000000018,-0.5348,69144.06,25637.583
002622.SZ,20220214,3.73,3.79,3.7,3.74,3.74,0.0,0.0,52999.78,19898.108
002622.SZ,20220211,3.8,3.81,3.74,3.74,3.82,-0.07999999999999963,-2.0942,74242.0,27964.221
002622.SZ,20220210,3.83,3.83,3.79,3.82,3.84,-0.020000000000000018,-0.5208,69333.06,26413.037
002622.SZ,20220209,3.81,3.85,3.77,3.84,3.8,0.040000000000000036,1.0526,93809.0,35788.152
002622.SZ,20220208,3.7,3.83,3.67,3.8,3.69,0.10999999999999988,2.981,122300.0,46140.942
002622.SZ,20220207,3.74,3.8,3.63,3.69,3.73,-0.040000000000000036,-1.0724,140101.0,51522.28
002622.SZ,20220128,3.55,3.79,3.55,3.73,3.55,0.18000000000000016,5.0704,181946.0,66846.103
002622.SZ,20220127,3.69,3.73,3.53,3.55,3.69,-0.14000000000000012,-3.794,111027.0,39929.245
002622.SZ,20220126,3.6,3.71,3.6,3.69,3.62,0.06999999999999984,1.9337,105000.0,38510.326
002622.SZ,20220125,3.82,3.82,3.61,3.62,3.83,-0.20999999999999996,-5.483,163095.0,60293.099
002622.SZ,20220124,3.89,3.9,3.75,3.83,3.89,-0.06000000000000005,-1.5424,128938.07,48993.884
002622.SZ,20220121,4.04,4.19,3.88,3.89,4.14,-0.24999999999999956,-6.0386,222149.0,87289.096
002622.SZ,20220120,3.99,4.21,3.87,4.14,3.99,0.14999999999999947,3.7594,360942.4,145613.166
002622.SZ,20220119,4.02,4.08,3.94,3.99,4.04,-0.04999999999999982,-1.2376,168387.65,67587.627
002622.SZ,20220118,4.17,4.18,4.03,4.04,4.18,-0.13999999999999968,-3.3493,177504.04,72280.477
002622.SZ,20220117,4.13,4.22,4.11,4.18,4.13,0.04999999999999982,1.2107,111379.0,46404.678
002622.SZ,20220114,4.35,4.36,4.09,4.13,4.34,-0.20999999999999996,-4.8387,252065.8,106124.913
002622.SZ,20220113,4.41,4.41,4.34,4.34,4.4,-0.0600000000000005,-1.3636,110024.15,48044.612
002622.SZ,20220112,4.38,4.43,4.37,4.4,4.37,0.03000000000000025,0.6865,81278.15,35667.4
002622.SZ,20220111,4.41,4.44,4.32,4.37,4.4,-0.03000000000000025,-0.6818,111969.52,49158.457
002622.SZ,20220110,4.39,4.44,4.36,4.4,4.41,-0.009999999999999787,-0.2268,77488.43,34049.091
002622.SZ,20220107,4.49,4.53,4.41,4.41,4.51,-0.09999999999999964,-2.2173,122347.34,54559.112
002622.SZ,20220106,4.5,4.53,4.45,4.51,4.55,-0.040000000000000036,-0.8791,138826.8,62345.619
002622.SZ,20220105,4.42,4.59,4.39,4.55,4.44,0.10999999999999943,2.4775,258651.58,116048.018
002622.SZ,20220104,4.42,4.49,4.39,4.44,4.4,0.040000000000000036,0.9091,148782.0,65932.292
002622.SZ,20211231,4.43,4.45,4.38,4.4,4.39,0.010000000000000675,0.2278,97261.05,42923.425
002622.SZ,20211230,4.4,4.44,4.38,4.39,4.41,-0.020000000000000462,-0.4535,97585.0,43014.81
002622.SZ,20211229,4.49,4.5,4.38,4.41,4.48,-0.07000000000000028,-1.5625,116494.95,51438.171
002622.SZ,20211228,4.41,4.49,4.39,4.48,4.41,0.07000000000000028,1.5873,120333.98,53327.531
002622.SZ,20211227,4.39,4.44,4.36,4.41,4.39,0.020000000000000462,0.4556,95643.0,42113.985
002622.SZ,20211224,4.52,4.52,4.37,4.39,4.54,-0.15000000000000036,-3.304,197125.99,87143.582
002622.SZ,20211223,4.61,4.68,4.52,4.54,4.67,-0.1299999999999999,-2.7837,218621.0,99999.642
002622.SZ,20211222,4.5,4.82,4.47,4.67,4.5,0.16999999999999993,3.7778,301570.39,140744.854
002622.SZ,20211221,4.37,4.6,4.37,4.5,4.41,0.08999999999999986,2.0408,221252.66,98892.907
002622.SZ,20211220,4.45,4.58,4.34,4.41,4.82,-0.41000000000000014,-8.5062,483216.8,214882.674
002622.SZ,20211217,4.9,4.94,4.8,4.82,4.93,-0.10999999999999943,-2.2312,189562.72,92184.643
002622.SZ,20211216,4.85,4.94,4.84,4.93,4.84,0.08999999999999986,1.8595,174224.54,85486.347
002622.SZ,20211215,4.82,4.86,4.79,4.84,4.85,-0.009999999999999787,-0.2062,103374.1,49980.915
002622.SZ,20211214,4.8,4.93,4.74,4.85,4.8,0.04999999999999982,1.0417,163460.25,78830.961
002622.SZ,20211213,4.86,4.88,4.78,4.8,4.86,-0.0600000000000005,-1.2346,153878.0,73972.211
002622.SZ,20211210,4.81,4.9,4.78,4.86,4.86,0.0,0.0,192691.49,93411.869
002622.SZ,20211209,4.74,4.97,4.7,4.86,4.74,0.1200000000000001,2.5316,228823.75,111151.628
002622.SZ,20211208,4.68,4.77,4.65,4.74,4.68,0.0600000000000005,1.2821,111063.54,52522.639
002622.SZ,20211207,4.77,4.79,4.61,4.68,4.75,-0.07000000000000028,-1.4737,157798.0,73836.664
002622.SZ,20211206,4.8,4.89,4.73,4.75,4.8,-0.04999999999999982,-1.0417,155185.04,74245.992
002622.SZ,20211203,4.85,4.89,4.76,4.8,4.86,-0.0600000000000005,-1.2346,178130.75,85553.073
002622.SZ,20211202,5.02,5.04,4.86,4.86,5.02,-0.15999999999999925,-3.1873,221690.67,109114.406
002622.SZ,20211201,4.87,5.14,4.87,5.02,4.86,0.15999999999999925,3.2922,307382.1,154057.533
002622.SZ,20211130,4.96,5.03,4.82,4.86,4.96,-0.09999999999999964,-2.0161,253417.67,124830.068
002622.SZ,20211129,4.9,5.08,4.89,4.96,5.08,-0.1200000000000001,-2.3622,248775.0,124073.179
002622.SZ,20211126,5.2,5.22,5.05,5.08,5.19,-0.11000000000000032,-2.1195,224961.5,114631.339
002622.SZ,20211125,5.17,5.21,5.1,5.19,5.17,0.020000000000000462,0.3868,213195.69,110104.01
002622.SZ,20211124,5.21,5.26,5.14,5.17,5.24,-0.07000000000000028,-1.3359,233444.71,120755.618
002622.SZ,20211123,5.33,5.41,5.21,5.24,5.33,-0.08999999999999986,-1.6886,306163.64,161900.127
002622.SZ,20211122,5.54,5.6,5.31,5.33,5.42,-0.08999999999999986,-1.6605,448428.1,242103.532
002622.SZ,20211119,5.12,5.65,5.12,5.42,5.15,0.2699999999999996,5.2427,634258.8,340659.756
002622.SZ,20211118,5.14,5.35,5.14,5.15,5.19,-0.040000000000000036,-0.7707,301562.0,157165.87
002622.SZ,20211117,5.06,5.24,5.03,5.19,5.04,0.15000000000000036,2.9762,332073.1,171401.682
002622.SZ,20211116,5.13,5.13,5.02,5.04,5.15,-0.11000000000000032,-2.1359,245603.3,124606.663
002622.SZ,20211115,5.15,5.18,5.06,5.15,5.11,0.040000000000000036,0.7828,280146.0,143548.588
002622.SZ,20211112,5.2,5.29,5.09,5.11,5.33,-0.21999999999999975,-4.1276,477800.75,246344.615
002622.SZ,20211111,5.28,5.48,5.01,5.33,5.19,0.13999999999999968,2.6975,719434.55,378163.664
002622.SZ,20211110,4.72,5.19,4.68,5.19,4.72,0.47000000000000064,9.9576,315346.76,158639.684
002622.SZ,20211109,4.63,4.77,4.63,4.72,4.66,0.05999999999999961,1.2876,165624.12,77977.329
002622.SZ,20211108,4.53,4.66,4.53,4.66,4.61,0.04999999999999982,1.0846,142545.12,65650.786
002622.SZ,20211105,4.69,4.78,4.6,4.61,4.65,-0.040000000000000036,-0.8602,234480.09,109365.017
002622.SZ,20211104,4.5,4.74,4.48,4.65,4.52,0.13000000000000078,2.8761,293721.11,135989.236
002622.SZ,20211103,4.49,4.54,4.41,4.52,4.5,0.019999999999999574,0.4444,189327.92,84785.439
002622.SZ,20211102,4.58,4.69,4.46,4.5,4.62,-0.1200000000000001,-2.5974,271161.31,123952.669
002622.SZ,20211101,4.72,4.75,4.59,4.62,4.77,-0.14999999999999947,-3.1447,314343.27,146807.501
002622.SZ,20211029,4.63,4.94,4.57,4.77,4.82,-0.05000000000000071,-1.0373,511406.86,242107.492
002622.SZ,20211028,4.93,5.06,4.7,4.82,4.7,0.1200000000000001,2.5532,871259.97,426285.587
002622.SZ,20211027,4.45,4.7,4.43,4.7,4.27,0.4300000000000006,10.0703,474833.09,222227.407
002622.SZ,20211026,4.33,4.37,4.25,4.27,4.34,-0.07000000000000028,-1.6129,133075.16,57202.045
002622.SZ,20211025,4.3,4.38,4.26,4.34,4.31,0.03000000000000025,0.6961,117324.0,50881.342
002622.SZ,20211022,4.33,4.42,4.31,4.31,4.32,-0.010000000000000675,-0.2315,130219.0,56707.253
002622.SZ,20211021,4.43,4.43,4.31,4.32,4.43,-0.10999999999999943,-2.4831,157805.17,68794.76
002622.SZ,20211020,4.51,4.53,4.4,4.43,4.51,-0.08000000000000007,-1.7738,172205.0,76431.287
002622.SZ,20211019,4.36,4.54,4.32,4.51,4.35,0.16000000000000014,3.6782,270546.07,120773.008
002622.SZ,20211018,4.21,4.36,4.21,4.35,4.25,0.09999999999999964,2.3529,220091.25,94516.874
002622.SZ,20211015,4.5,4.54,4.24,4.25,4.53,-0.28000000000000025,-6.181,432358.25,187266.316
002622.SZ,20211014,4.62,4.62,4.5,4.53,4.63,-0.09999999999999964,-2.1598,215482.0,97845.299
002622.SZ,20211013,4.63,4.74,4.57,4.63,4.69,-0.0600000000000005,-1.2793,225596.67,104994.933
002622.SZ,20211012,4.59,4.7,4.47,4.69,4.59,0.10000000000000053,2.1786,350405.67,161079.149
002622.SZ,20211011,4.77,4.77,4.55,4.59,4.72,-0.1299999999999999,-2.7542,283577.7,130850.223
002622.SZ,20211008,4.84,4.94,4.67,4.72,4.8,-0.08000000000000007,-1.6667,335808.95,160233.024
002622.SZ,20210930,4.82,4.87,4.61,4.8,4.96,-0.16000000000000014,-3.2258,478935.56,229197.393
002622.SZ,20210929,5.38,5.46,4.96,4.96,5.51,-0.5499999999999998,-9.9819,805865.09,412951.572
002622.SZ,20210928,6.3,6.52,5.46,5.51,6.07,-0.5600000000000005,-9.2257,1242418.66,752276.956
002622.SZ,20210927,6.12,6.27,5.81,6.07,6.03,0.040000000000000036,0.6633,1046748.65,630988.851
002622.SZ,20210924,5.48,6.03,5.4,6.03,5.48,0.5499999999999998,10.0365,1022013.74,600182.469
002622.SZ,20210923,5.63,5.74,5.4,5.48,5.65,-0.16999999999999993,-3.0088,504786.07,280011.526
002622.SZ,20210922,5.38,5.79,5.28,5.65,5.38,0.27000000000000046,5.0186,686858.77,379631.79
002622.SZ,20210917,5.13,5.46,5.1,5.38,5.12,0.2599999999999998,5.0781,614486.96,325929.909
002622.SZ,20210916,5.14,5.21,5.1,5.12,5.17,-0.04999999999999982,-0.9671,247448.06,127437.907
002622.SZ,20210915,5.24,5.24,5.12,5.17,5.23,-0.0600000000000005,-1.1472,215014.56,111014.406
002622.SZ,20210914,5.1,5.3,5.07,5.23,5.11,0.1200000000000001,2.3483,364379.54,189981.818
002622.SZ,20210913,5.16,5.18,5.06,5.11,5.18,-0.0699999999999994,-1.3514,238664.0,121909.461
002622.SZ,20210910,5.29,5.32,5.13,5.18,5.25,-0.07000000000000028,-1.3333,295739.91,153917.246
002622.SZ,20210909,5.16,5.27,5.12,5.25,5.21,0.040000000000000036,0.7678,283687.06,147373.965
002622.SZ,20210908,5.2,5.3,5.14,5.21,5.22,-0.009999999999999787,-0.1916,273630.0,142893.131
002622.SZ,20210907,5.28,5.3,5.18,5.22,5.36,-0.14000000000000057,-2.6119,364939.0,190647.448
002622.SZ,20210906,5.11,5.42,5.02,5.36,5.13,0.23000000000000043,4.4834,576104.37,300376.703
002622.SZ,20210903,5.19,5.3,5.06,5.13,5.25,-0.1200000000000001,-2.2857,409412.41,211192.327
002622.SZ,20210902,5.36,5.43,5.22,5.25,5.38,-0.1299999999999999,-2.4164,572633.1,303901.927
002622.SZ,20210901,5.32,5.79,5.19,5.38,5.3,0.08000000000000007,1.5094,1015395.37,549828.111
002622.SZ,20210831,4.92,5.3,4.9,5.3,4.82,0.47999999999999954,9.9585,784608.31,404572.874
002622.SZ,20210830,4.73,4.99,4.73,4.82,4.82,0.0,0.0,295605.0,144314.957
002622.SZ,20210827,5.13,5.19,4.78,4.82,5.03,-0.20999999999999996,-4.175,405687.21,198119.65
002622.SZ,20210826,5.37,5.54,5.01,5.03,5.04,-0.009999999999999787,-0.1984,695369.01,364003.336
002622.SZ,20210825,4.88,5.09,4.76,5.04,4.87,0.16999999999999993,3.4908,423939.0,209509.495
002622.SZ,20210824,4.7,5.13,4.69,4.87,4.75,0.1200000000000001,2.5263,433327.0,213803.789
002622.SZ,20210823,4.65,4.82,4.61,4.75,4.74,0.009999999999999787,0.211,237483.86,111920.327
002622.SZ,20210820,4.71,4.83,4.64,4.74,4.74,0.0,0.0,184964.4,87668.526
002622.SZ,20210819,4.81,4.85,4.71,4.74,4.87,-0.1299999999999999,-2.6694,200832.0,95642.627
002622.SZ,20210818,4.66,4.88,4.63,4.87,4.7,0.16999999999999993,3.617,281055.0,133866.74
002622.SZ,20210817,4.85,4.89,4.66,4.7,4.89,-0.1899999999999995,-3.8855,340206.79,161192.008
002622.SZ,20210816,4.92,4.99,4.85,4.89,5.01,-0.1200000000000001,-2.3952,317159.6,155953.275
002622.SZ,20210813,4.96,5.17,4.94,5.01,4.98,0.02999999999999936,0.6024,347553.0,175992.418
002622.SZ,20210812,5.0,5.07,4.9,4.98,5.02,-0.03999999999999915,-0.7968,325908.15,162387.826
002622.SZ,20210811,5.11,5.13,5.0,5.02,5.09,-0.07000000000000028,-1.3752,367760.0,185834.675
002622.SZ,20210810,5.2,5.2,4.96,5.09,5.14,-0.04999999999999982,-0.9728,499774.0,254035.331
002622.SZ,20210809,4.88,5.36,4.86,5.14,4.88,0.2599999999999998,5.3279,748979.29,387601.706
002622.SZ,20210806,4.69,4.98,4.55,4.88,4.7,0.17999999999999972,3.8298,497328.4,237445.194
002622.SZ,20210805,4.96,5.0,4.68,4.7,5.0,-0.2999999999999998,-6.0,508976.0,245461.584
002622.SZ,20210804,4.74,5.13,4.68,5.0,4.72,0.28000000000000025,5.9322,547646.1,269926.348
002622.SZ,20210803,4.82,4.95,4.71,4.72,4.88,-0.16000000000000014,-3.2787,328963.0,158346.4
002622.SZ,20210802,4.7,4.91,4.6,4.88,4.77,0.11000000000000032,2.3061,436933.35,208090.723
002622.SZ,20210730,4.74,4.94,4.62,4.77,4.73,0.03999999999999915,0.8457,459434.15,220470.872
002622.SZ,20210729,4.76,4.83,4.66,4.73,4.67,0.0600000000000005,1.2848,381285.82,180445.549
002622.SZ,20210728,4.74,4.82,4.37,4.67,4.8,-0.1299999999999999,-2.7083,469141.0,217974.592
002622.SZ,20210727,5.21,5.35,4.75,4.8,5.21,-0.41000000000000014,-7.8695,732376.6,365234.1
002622.SZ,20210726,5.28,5.45,5.05,5.21,5.33,-0.1200000000000001,-2.2514,602584.9,316252.681
002622.SZ,20210723,5.47,5.62,5.25,5.33,5.53,-0.20000000000000018,-3.6166,718970.4,390383.825
002622.SZ,20210722,5.86,5.91,5.52,5.53,5.91,-0.3799999999999999,-6.4298,892520.12,502586.753
002622.SZ,20210721,6.03,6.1,5.81,5.91,6.1,-0.1899999999999995,-3.1148,904771.58,535794.039
002622.SZ,20210720,5.79,6.44,5.61,6.1,5.86,0.23999999999999932,4.0956,1396788.19,843397.737
002622.SZ,20210719,5.25,5.86,5.2,5.86,5.33,0.5300000000000002,9.9437,1174351.94,655991.274
002622.SZ,20210716,5.11,5.38,5.04,5.33,5.1,0.23000000000000043,4.5098,828194.49,430840.895
002622.SZ,20210715,5.15,5.62,5.07,5.1,5.15,-0.05000000000000071,-0.9709,1000639.41,529275.007
002622.SZ,20210714,4.83,5.33,4.77,5.15,4.86,0.29000000000000004,5.9671,1122910.76,564285.73
002622.SZ,20210713,5.15,5.17,4.79,4.86,5.12,-0.2599999999999998,-5.0781,937354.45,460913.315
002622.SZ,20210712,4.62,5.12,4.62,5.12,4.65,0.46999999999999975,10.1075,1062230.4,526528.366
002622.SZ,20210709,4.5,4.67,4.46,4.65,4.55,0.10000000000000053,2.1978,383897.0,175609.963
002622.SZ,20210708,4.8,4.88,4.52,4.55,4.77,-0.21999999999999975,-4.6122,539261.0,251568.992
002622.SZ,20210707,4.76,4.82,4.65,4.77,4.83,-0.0600000000000005,-1.2422,430000.6,203350.819
002622.SZ,20210706,4.7,4.91,4.65,4.83,4.7,0.1299999999999999,2.766,619500.0,294823.351
002622.SZ,20210705,4.69,4.75,4.59,4.7,4.68,0.020000000000000462,0.4274,468296.4,218861.782
002622.SZ,20210702,4.6,4.79,4.6,4.68,4.68,0.0,0.0,433602.0,204168.374
002622.SZ,20210701,4.85,4.98,4.67,4.68,4.82,-0.14000000000000057,-2.9046,560964.4,270370.245
002622.SZ,20210630,4.99,5.03,4.78,4.82,5.01,-0.1899999999999995,-3.7924,640820.0,311656.31
002622.SZ,20210629,5.2,5.29,5.01,5.01,5.17,-0.16000000000000014,-3.0948,643964.0,329218.749
002622.SZ,20210628,5.16,5.33,5.03,5.17,5.21,-0.040000000000000036,-0.7678,654719.0,339293.729
002622.SZ,20210625,5.05,5.45,5.05,5.21,5.04,0.16999999999999993,3.373,955322.0,501150.875
002622.SZ,20210624,5.16,5.28,5.04,5.04,5.27,-0.22999999999999954,-4.3643,701281.0,360406.872
002622.SZ,20210623,5.61,5.7,5.15,5.27,5.55,-0.28000000000000025,-5.045,1155051.4,617227.92
002622.SZ,20210622,6.12,6.12,5.55,5.55,5.56,-0.009999999999999787,-0.1799,1571808.4,921809.785
002622.SZ,20210621,5.22,5.56,5.21,5.56,5.05,0.5099999999999998,10.099,571014.4,310434.775
002622.SZ,20210618,4.85,5.1,4.71,5.05,4.97,0.08000000000000007,1.6097,865305.46,426910.515
002622.SZ,20210617,4.98,5.11,4.87,4.97,4.88,0.08999999999999986,1.8443,790560.16,392488.771
002622.SZ,20210616,5.1,5.16,4.76,4.88,5.23,-0.35000000000000053,-6.6922,997412.21,491817.509
002622.SZ,20210615,5.52,5.6,5.23,5.23,5.81,-0.5799999999999992,-9.9828,1263215.78,668279.316
002622.SZ,20210611,5.55,5.97,5.42,5.81,5.65,0.15999999999999925,2.8319,1377952.75,787083.164
002622.SZ,20210610,5.36,5.96,5.27,5.65,5.42,0.23000000000000043,4.2435,1494978.81,846398.497
002622.SZ,20210609,5.68,5.68,5.29,5.42,5.85,-0.4299999999999997,-7.3504,1305214.21,710068.466
002622.SZ,20210608,5.65,5.97,5.59,5.85,5.54,0.3099999999999996,5.5957,1495734.98,862718.996
002622.SZ,20210607,5.96,6.0,5.47,5.54,6.08,-0.54,-8.8816,1646105.12,927238.422
002622.SZ,20210604,6.4,6.67,5.98,6.08,6.64,-0.5599999999999996,-8.4337,1948657.74,1212254.711
002622.SZ,20210603,6.26,6.98,6.26,6.64,6.45,0.1899999999999995,2.9457,1942430.48,1298494.751
002622.SZ,20210602,6.63,7.01,6.31,6.45,6.62,-0.16999999999999993,-2.568,2277747.56,1515710.948
002622.SZ,20210601,6.62,6.62,6.25,6.62,6.02,0.6000000000000005,9.9668,2119839.97,1392905.288
002622.SZ,20210531,6.02,6.02,5.93,6.02,5.47,0.5499999999999998,10.0548,535261.7,322160.866
002622.SZ,20210528,5.47,5.47,5.47,5.47,4.97,0.5,10.0604,203081.06,111085.339
002622.SZ,20210527,4.89,5.04,4.72,4.97,4.75,0.21999999999999975,4.6316,2200218.65,1073011.227
002622.SZ,20210526,5.09,5.1,4.58,4.75,5.09,-0.33999999999999986,-6.6798,2475102.73,1181081.569
002622.SZ,20210525,4.63,5.09,4.48,5.09,4.63,0.45999999999999996,9.9352,2348769.47,1122699.908
002622.SZ,20210524,4.63,4.63,4.38,4.63,4.21,0.41999999999999993,9.9762,2956673.62,1354229.211
002622.SZ,20210521,4.21,4.21,4.21,4.21,3.83,0.3799999999999999,9.9217,113131.0,47628.151
002622.SZ,20210520,3.83,3.83,3.83,3.83,3.48,0.3500000000000001,10.0575,48077.0,18413.491
002622.SZ,20210519,3.48,3.48,3.48,3.48,3.16,0.31999999999999984,10.1266,57054.0,19854.792
002622.SZ,20210518,3.16,3.16,3.16,3.16,2.87,0.29000000000000004,10.1045,107468.0,33959.888
002622.SZ,20210517,2.63,2.87,2.54,2.87,2.61,0.26000000000000023,9.9617,1000811.47,275935.488
002622.SZ,20210514,2.44,2.61,2.37,2.61,2.37,0.23999999999999977,10.1266,654382.2,166176.071
002622.SZ,20210513,2.3,2.42,2.28,2.37,2.29,0.08000000000000007,3.4934,232948.2,55316.366
002622.SZ,20210512,2.22,2.3,2.22,2.29,2.22,0.06999999999999984,3.1532,103926.24,23524.085
002622.SZ,20210511,2.17,2.24,2.15,2.22,2.17,0.050000000000000266,2.3041,98136.0,21581.45
002622.SZ,20210510,2.17,2.19,2.14,2.17,2.17,0.0,0.0,77551.4,16810.109
002622.SZ,20210507,2.15,2.17,2.13,2.17,2.18,-0.010000000000000231,-0.4587,76501.0,16461.294
002622.SZ,20210506,2.15,2.22,2.15,2.18,2.13,0.050000000000000266,2.3474,88933.0,19366.807
002622.SZ,20210430,2.08,2.16,2.07,2.13,2.06,0.06999999999999984,3.3981,139655.0,29551.036
002622.SZ,20210429,2.07,2.15,2.01,2.06,2.09,-0.029999999999999805,-1.4354,114568.0,23846.948
002622.SZ,20210428,2.19,2.2,2.06,2.09,2.2,-0.11000000000000032,-5.0,162897.0,34706.267
002622.SZ,20210427,2.17,2.21,2.14,2.2,2.17,0.03000000000000025,1.3825,113291.06,24673.019
002622.SZ,20210426,2.25,2.26,2.17,2.17,2.24,-0.07000000000000028,-3.125,109248.0,24061.255
002622.SZ,20210423,2.3,2.31,2.22,2.24,2.31,-0.06999999999999984,-3.0303,116926.0,26306.41
002622.SZ,20210422,2.32,2.33,2.28,2.31,2.32,-0.009999999999999787,-0.431,89001.0,20445.338
002622.SZ,20210421,2.34,2.34,2.3,2.32,2.35,-0.03000000000000025,-1.2766,87301.0,20257.161
002622.SZ,20210420,2.41,2.42,2.34,2.35,2.41,-0.06000000000000005,-2.4896,126783.0,30172.907
002622.SZ,20210419,2.42,2.48,2.39,2.41,2.41,0.0,0.0,169550.65,41083.884
002622.SZ,20210416,2.37,2.52,2.36,2.41,2.37,0.040000000000000036,1.6878,255899.14,62127.923
002622.SZ,20210415,2.32,2.39,2.31,2.37,2.34,0.03000000000000025,1.2821,122639.4,28943.804
002622.SZ,20210414,2.3,2.34,2.24,2.34,2.3,0.040000000000000036,1.7391,101964.0,23321.193
002622.SZ,20210413,2.34,2.37,2.29,2.3,2.36,-0.06000000000000005,-2.5424,84651.0,19643.422
002622.SZ,20210412,2.41,2.41,2.34,2.36,2.41,-0.050000000000000266,-2.0747,114801.12,27202.688
002622.SZ,20210409,2.37,2.42,2.34,2.41,2.37,0.040000000000000036,1.6878,108540.35,26005.117
002622.SZ,20210408,2.4,2.42,2.37,2.37,2.4,-0.029999999999999805,-1.25,126259.0,30140.25
002622.SZ,20210407,2.32,2.43,2.32,2.4,2.36,0.040000000000000036,1.6949,194355.0,46481.438
002622.SZ,20210406,2.23,2.4,2.23,2.36,2.23,0.1299999999999999,5.8296,180524.0,42014.832
002622.SZ,20210402,2.22,2.24,2.21,2.23,2.22,0.009999999999999787,0.4505,62129.0,13847.529
002622.SZ,20210401,2.23,2.24,2.2,2.22,2.22,0.0,0.0,58305.0,12928.384
002622.SZ,20210331,2.22,2.25,2.19,2.22,2.22,0.0,0.0,73565.0,16251.61
002622.SZ,20210330,2.31,2.31,2.21,2.22,2.3,-0.07999999999999963,-3.4783,115393.0,25812.122
002622.SZ,20210329,2.31,2.35,2.29,2.3,2.33,-0.03000000000000025,-1.2876,67376.0,15602.99
002622.SZ,20210326,2.3,2.35,2.28,2.33,2.32,0.010000000000000231,0.431,80527.2,18632.91
002622.SZ,20210325,2.28,2.38,2.25,2.32,2.31,0.009999999999999787,0.4329,133421.02,30988.087
002622.SZ,20210324,2.28,2.35,2.27,2.31,2.31,0.0,0.0,67269.0,15559.148
002622.SZ,20210323,2.38,2.38,2.3,2.31,2.38,-0.06999999999999984,-2.9412,102603.0,23877.683
002622.SZ,20210322,2.37,2.38,2.34,2.38,2.37,0.009999999999999787,0.4219,69412.0,16447.26
002622.SZ,20210319,2.37,2.4,2.34,2.37,2.38,-0.009999999999999787,-0.4202,88120.2,20909.641
002622.SZ,20210318,2.38,2.42,2.35,2.38,2.38,0.0,0.0,108337.0,25828.105
002622.SZ,20210317,2.4,2.43,2.35,2.38,2.41,-0.03000000000000025,-1.2448,94279.0,22392.92
002622.SZ,20210316,2.35,2.42,2.33,2.41,2.35,0.06000000000000005,2.5532,116376.0,27802.919
002622.SZ,20210315,2.33,2.42,2.27,2.35,2.29,0.06000000000000005,2.6201,136163.0,31933.945
002622.SZ,20210312,2.3,2.34,2.26,2.29,2.3,-0.009999999999999787,-0.4348,56204.06,12887.314
002622.SZ,20210311,2.25,2.31,2.21,2.3,2.26,0.040000000000000036,1.7699,95706.0,21695.046
002622.SZ,20210310,2.33,2.34,2.24,2.26,2.32,-0.06000000000000005,-2.5862,92606.0,21026.537
002622.SZ,20210309,2.37,2.39,2.21,2.32,2.38,-0.06000000000000005,-2.521,153440.32,35522.498
002622.SZ,20210308,2.41,2.44,2.36,2.38,2.4,-0.020000000000000018,-0.8333,103683.8,24881.762
002622.SZ,20210305,2.37,2.42,2.36,2.4,2.39,0.009999999999999787,0.4184,129099.32,30940.375
002622.SZ,20210304,2.38,2.43,2.35,2.39,2.37,0.020000000000000018,0.8439,133892.16,31979.079
002622.SZ,20210303,2.37,2.41,2.3,2.37,2.37,0.0,0.0,109435.16,25842.149
002622.SZ,20210302,2.43,2.43,2.35,2.37,2.41,-0.040000000000000036,-1.6598,130429.0,31130.939
002622.SZ,20210301,2.32,2.41,2.29,2.41,2.32,0.0900000000000003,3.8793,168054.6,39804.808
002622.SZ,20210226,2.2,2.32,2.2,2.32,2.25,0.06999999999999984,3.1111,130945.0,29910.397
002622.SZ,20210225,2.33,2.36,2.25,2.25,2.3,-0.04999999999999982,-2.1739,96043.0,22012.76
002622.SZ,20210224,2.29,2.36,2.28,2.3,2.27,0.029999999999999805,1.3216,146026.2,33831.848
002622.SZ,20210223,2.31,2.36,2.26,2.27,2.3,-0.029999999999999805,-1.3043,142568.0,32831.26
002622.SZ,20210222,2.26,2.41,2.26,2.3,2.24,0.05999999999999961,2.6786,268435.63,62709.654
002622.SZ,20210219,2.08,2.26,2.06,2.24,2.08,0.16000000000000014,7.6923,237618.54,51689.079
002622.SZ,20210218,1.98,2.14,1.98,2.08,1.95,0.13000000000000012,6.6667,195783.0,40308.514
002622.SZ,20210210,1.95,2.01,1.9,1.95,1.93,0.020000000000000018,1.0363,112096.0,21992.713
002622.SZ,20210209,1.95,1.95,1.86,1.93,1.94,-0.010000000000000009,-0.5155,163278.0,31064.454
002622.SZ,20210208,2.01,2.01,1.92,1.94,2.0,-0.06000000000000005,-3.0,120892.0,23487.961
002622.SZ,20210205,1.98,2.08,1.97,2.0,1.96,0.040000000000000036,2.0408,111888.0,22552.134
002622.SZ,20210204,2.05,2.05,1.91,1.96,2.05,-0.08999999999999986,-4.3902,155033.11,30459.378
002622.SZ,20210203,2.05,2.1,2.04,2.05,2.05,0.0,0.0,103126.0,21294.516
002622.SZ,20210202,2.12,2.15,2.01,2.05,2.13,-0.08000000000000007,-3.7559,173547.0,36140.279
002622.SZ,20210201,2.25,2.25,2.1,2.13,2.26,-0.1299999999999999,-5.7522,151730.0,32368.098
002622.SZ,20210129,2.32,2.34,2.23,2.26,2.34,-0.08000000000000007,-3.4188,97823.8,22130.25
002622.SZ,20210128,2.28,2.4,2.26,2.34,2.31,0.029999999999999805,1.2987,91692.8,21440.199
002622.SZ,20210127,2.29,2.34,2.24,2.31,2.27,0.040000000000000036,1.7621,75137.34,17239.216
002622.SZ,20210126,2.28,2.37,2.26,2.27,2.27,0.0,0.0,68749.0,15774.933
002622.SZ,20210125,2.36,2.4,2.25,2.27,2.4,-0.1299999999999999,-5.4167,122182.83,28176.674
002622.SZ,20210122,2.47,2.48,2.39,2.4,2.52,-0.1200000000000001,-4.7619,187284.94,45433.793
002622.SZ,20210121,2.39,2.63,2.35,2.52,2.39,0.1299999999999999,5.4393,280819.59,71664.675
002622.SZ,20210120,2.4,2.45,2.36,2.39,2.43,-0.040000000000000036,-1.6461,83792.36,20045.304
002622.SZ,20210119,2.38,2.46,2.35,2.43,2.38,0.050000000000000266,2.1008,117631.0,28407.983
002622.SZ,20210118,2.36,2.43,2.35,2.38,2.36,0.020000000000000018,0.8475,108824.28,25930.529
002622.SZ,20210115,2.25,2.42,2.23,2.36,2.25,0.10999999999999988,4.8889,155512.92,36389.443
002622.SZ,20210114,2.18,2.28,2.18,2.25,2.23,0.020000000000000018,0.8969,146178.0,32780.909
002622.SZ,20210113,2.48,2.49,2.23,2.23,2.48,-0.25,-10.0806,351286.32,79971.429
002622.SZ,20210112,2.51,2.55,2.47,2.48,2.5,-0.020000000000000018,-0.8,80851.6,20335.8
002622.SZ,20210111,2.61,2.62,2.5,2.5,2.61,-0.10999999999999988,-4.2146,123508.0,31265.038
002622.SZ,20210108,2.56,2.65,2.5,2.61,2.61,0.0,0.0,131753.0,34046.831
002622.SZ,20210107,2.66,2.73,2.58,2.61,2.69,-0.08000000000000007,-2.974,149845.05,39633.616
002622.SZ,20210106,2.79,2.79,2.68,2.69,2.79,-0.10000000000000009,-3.5842,174295.0,47331.459
002622.SZ,20210105,2.85,2.85,2.77,2.79,2.85,-0.06000000000000005,-2.1053,151740.6,42434.221
002622.SZ,20210104,2.89,2.91,2.82,2.85,2.92,-0.06999999999999984,-2.3973,182808.56,52256.335
002622.SZ,20201231,2.9,2.97,2.88,2.92,2.89,0.029999999999999805,1.0381,126008.0,36869.155
002622.SZ,20201230,2.92,2.95,2.88,2.89,2.93,-0.040000000000000036,-1.3652,126133.44,36638.186
002622.SZ,20201229,2.88,3.01,2.85,2.93,2.85,0.08000000000000007,2.807,237655.2,69523.874
002622.SZ,20201228,2.83,2.9,2.8,2.85,2.83,0.020000000000000018,0.7067,135749.0,38665.201
002622.SZ,20201225,2.81,2.85,2.75,2.83,2.82,0.010000000000000231,0.3546,133331.0,37275.301
002622.SZ,20201224,2.88,2.88,2.8,2.82,2.87,-0.050000000000000266,-1.7422,137525.0,38891.345
002622.SZ,20201223,2.85,2.91,2.83,2.87,2.85,0.020000000000000018,0.7018,126522.31,36300.919
002622.SZ,20201222,2.85,2.94,2.84,2.85,2.87,-0.020000000000000018,-0.6969,161493.0,46614.003
002622.SZ,20201221,2.87,2.9,2.83,2.87,2.89,-0.020000000000000018,-0.692,146799.0,42052.375
002622.SZ,20201218,2.9,2.92,2.86,2.89,2.93,-0.040000000000000036,-1.3652,140565.0,40646.156
002622.SZ,20201217,2.8,3.01,2.8,2.93,2.83,0.10000000000000009,3.5336,233128.14,67560.913
002622.SZ,20201216,2.89,2.89,2.82,2.83,2.9,-0.06999999999999984,-2.4138,183087.0,52194.903
002622.SZ,20201215,2.93,2.95,2.85,2.9,2.97,-0.07000000000000028,-2.3569,242338.56,70073.342
002622.SZ,20201214,2.93,3.01,2.92,2.97,2.96,0.010000000000000231,0.3378,138797.0,41224.114
002622.SZ,20201211,3.05,3.06,2.92,2.96,3.07,-0.10999999999999988,-3.5831,322061.84,95723.5
002622.SZ,20201210,3.04,3.09,3.0,3.07,3.04,0.029999999999999805,0.9868,256254.0,78205.154
002622.SZ,20201209,3.15,3.15,3.04,3.04,3.16,-0.1200000000000001,-3.7975,373233.0,115180.818
002622.SZ,20201208,3.2,3.25,3.13,3.16,3.22,-0.06000000000000005,-1.8634,525556.11,166220.108
002622.SZ,20201207,3.33,3.4,3.22,3.22,3.44,-0.21999999999999975,-6.3953,964685.78,318343.258
002622.SZ,20201204,3.49,3.97,3.43,3.44,3.63,-0.18999999999999995,-5.2342,1713268.51,629197.667
002622.SZ,20201203,3.3,3.63,3.23,3.63,3.3,0.33000000000000007,10.0,1312516.03,469605.806
002622.SZ,20201202,3.36,3.42,3.25,3.3,3.35,-0.050000000000000266,-1.4925,415800.11,137208.91
002622.SZ,20201201,3.2,3.49,3.15,3.35,3.35,0.0,0.0,722470.77,235939.456
002622.SZ,20201130,3.26,3.53,3.26,3.35,3.21,0.14000000000000012,4.3614,890481.82,307595.271
002622.SZ,20201127,3.22,3.34,3.16,3.21,3.32,-0.10999999999999988,-3.3133,385520.0,124264.655
002622.SZ,20201126,3.21,3.48,3.12,3.32,3.32,0.0,0.0,819398.3,268044.052
002622.SZ,20201125,2.99,3.32,2.99,3.32,3.02,0.2999999999999998,9.9338,432359.0,141523.805
002622.SZ,20201124,2.97,3.1,2.97,3.02,2.99,0.029999999999999805,1.0033,131748.6,39886.821
002622.SZ,20201123,3.02,3.02,2.96,2.99,3.02,-0.029999999999999805,-0.9934,119135.0,35581.027
002622.SZ,20201120,2.96,3.05,2.94,3.02,2.96,0.06000000000000005,2.027,153551.0,46090.216
002622.SZ,20201119,2.92,3.04,2.9,2.96,2.92,0.040000000000000036,1.3699,155996.0,46402.741
002622.SZ,20201118,2.9,2.95,2.89,2.92,2.91,0.009999999999999787,0.3436,83851.12,24486.552
002622.SZ,20201117,2.93,2.94,2.9,2.91,2.95,-0.040000000000000036,-1.3559,61769.0,18005.901
002622.SZ,20201116,2.93,2.96,2.9,2.95,2.92,0.03000000000000025,1.0274,75552.15,22206.736
002622.SZ,20201113,2.95,2.96,2.9,2.92,2.95,-0.03000000000000025,-1.0169,53362.0,15575.237
002622.SZ,20201112,2.92,2.96,2.88,2.95,2.9,0.050000000000000266,1.7241,95497.6,27890.362
002622.SZ,20201111,2.88,2.95,2.86,2.9,2.9,0.0,0.0,86200.72,24995.071
002622.SZ,20201110,2.94,2.96,2.88,2.9,2.93,-0.03000000000000025,-1.0239,72786.05,21172.502
002622.SZ,20201109,2.89,2.96,2.88,2.93,2.88,0.050000000000000266,1.7361,94286.15,27619.405
002622.SZ,20201106,2.91,2.92,2.86,2.88,2.91,-0.03000000000000025,-1.0309,59072.6,16991.068
002622.SZ,20201105,2.88,2.94,2.85,2.91,2.85,0.06000000000000005,2.1053,75014.0,21687.366
002622.SZ,20201104,2.88,2.89,2.83,2.85,2.87,-0.020000000000000018,-0.6969,61804.15,17659.341
002622.SZ,20201103,2.82,2.88,2.81,2.87,2.81,0.06000000000000005,2.1352,74223.12,21193.144
002622.SZ,20201102,2.93,2.93,2.8,2.81,2.89,-0.08000000000000007,-2.7682,107557.86,30504.953
002622.SZ,20201030,3.02,3.02,2.87,2.89,3.01,-0.11999999999999966,-3.9867,162542.97,47777.458
002622.SZ,20201029,3.01,3.03,2.99,3.01,3.05,-0.040000000000000036,-1.3115,64676.19,19472.762
002622.SZ,20201028,3.03,3.06,3.01,3.05,3.03,0.020000000000000018,0.6601,55698.46,16881.916
002622.SZ,20201027,3.05,3.06,3.02,3.03,3.06,-0.03000000000000025,-0.9804,56821.04,17252.439
002622.SZ,20201026,3.07,3.09,3.03,3.06,3.07,-0.009999999999999787,-0.3257,58326.06,17837.267
002622.SZ,20201023,3.12,3.12,3.06,3.07,3.1,-0.03000000000000025,-0.9677,68120.06,21017.465
002622.SZ,20201022,3.08,3.11,3.06,3.1,3.08,0.020000000000000018,0.6494,60413.0,18631.228
002622.SZ,20201021,3.12,3.14,3.07,3.08,3.13,-0.04999999999999982,-1.5974,70035.06,21669.901
002622.SZ,20201020,3.07,3.15,3.07,3.13,3.09,0.040000000000000036,1.2945,63274.06,19640.921
002622.SZ,20201019,3.11,3.14,3.08,3.09,3.11,-0.020000000000000018,-0.6431,83286.46,25876.549
002622.SZ,20201016,3.09,3.13,3.08,3.11,3.09,0.020000000000000018,0.6472,103876.0,32207.542
002622.SZ,20201015,3.13,3.16,3.07,3.09,3.16,-0.07000000000000028,-2.2152,140490.4,43640.94
002622.SZ,20201014,3.23,3.23,3.13,3.16,3.23,-0.06999999999999984,-2.1672,100498.36,31835.996
002622.SZ,20201013,3.25,3.25,3.2,3.23,3.25,-0.020000000000000018,-0.6154,101365.0,32672.816
002622.SZ,20201012,3.15,3.25,3.14,3.25,3.15,0.10000000000000009,3.1746,118187.79,37936.603
002622.SZ,20201009,3.07,3.16,3.07,3.15,3.06,0.08999999999999986,2.9412,115942.0,36382.071
002622.SZ,20200930,3.09,3.11,3.05,3.06,3.09,-0.029999999999999805,-0.9709,72391.0,22283.419
002622.SZ,20200929,3.11,3.15,3.09,3.09,3.1,-0.010000000000000231,-0.3226,98069.6,30601.527
002622.SZ,20200928,3.1,3.13,3.08,3.1,3.09,0.010000000000000231,0.3236,70681.6,21903.679
002622.SZ,20200925,3.14,3.16,3.08,3.09,3.13,-0.040000000000000036,-1.278,85817.0,26728.988
002622.SZ,20200924,3.23,3.23,3.13,3.13,3.25,-0.1200000000000001,-3.6923,121980.0,38676.19
002622.SZ,20200923,3.25,3.26,3.22,3.25,3.24,0.009999999999999787,0.3086,77334.0,25086.474
002622.SZ,20200922,3.27,3.3,3.23,3.24,3.33,-0.08999999999999986,-2.7027,137856.0,44926.506
002622.SZ,20200921,3.31,3.41,3.26,3.33,3.28,0.050000000000000266,1.5244,210151.0,69800.181
002622.SZ,20200918,3.23,3.29,3.2,3.28,3.24,0.03999999999999959,1.2346,117528.44,38136.952
002622.SZ,20200917,3.24,3.28,3.2,3.24,3.25,-0.009999999999999787,-0.3077,110443.06,35795.352
002622.SZ,20200916,3.29,3.3,3.22,3.25,3.3,-0.04999999999999982,-1.5152,121663.0,39668.776
002622.SZ,20200915,3.3,3.35,3.25,3.3,3.3,0.0,0.0,161908.56,53179.137
002622.SZ,20200914,3.28,3.35,3.26,3.3,3.29,0.009999999999999787,0.304,198371.0,65392.646
002622.SZ,20200911,3.28,3.32,3.2,3.29,3.33,-0.040000000000000036,-1.2012,214493.8,69905.202
002622.SZ,20200910,3.57,3.59,3.28,3.33,3.54,-0.20999999999999996,-5.9322,412154.62,140321.901
002622.SZ,20200909,3.48,3.74,3.45,3.54,3.48,0.06000000000000005,1.7241,567147.76,203246.455
002622.SZ,20200908,3.33,3.51,3.31,3.48,3.35,0.1299999999999999,3.8806,364994.51,125428.51
002622.SZ,20200907,3.4,3.46,3.32,3.35,3.41,-0.06000000000000005,-1.7595,242303.06,82318.289
002622.SZ,20200904,3.31,3.44,3.29,3.41,3.39,0.020000000000000018,0.59,199031.26,67166.696
002622.SZ,20200903,3.48,3.48,3.38,3.39,3.48,-0.08999999999999986,-2.5862,208948.0,71459.082
002622.SZ,20200902,3.4,3.48,3.37,3.48,3.36,0.1200000000000001,3.5714,308229.2,105439.383
002622.SZ,20200901,3.37,3.39,3.31,3.36,3.37,-0.010000000000000231,-0.2967,166130.04,55585.376
002622.SZ,20200831,3.37,3.43,3.36,3.37,3.37,0.0,0.0,202830.0,68790.985
002622.SZ,20200828,3.34,3.37,3.27,3.37,3.38,-0.009999999999999787,-0.2959,300486.04,99880.587
002622.SZ,20200827,3.41,3.42,3.3,3.38,3.39,-0.010000000000000231,-0.295,294312.28,98931.785
002622.SZ,20200826,3.46,3.53,3.37,3.39,3.46,-0.06999999999999984,-2.0231,423863.08,145973.687
002622.SZ,20200825,3.55,3.57,3.45,3.46,3.58,-0.1200000000000001,-3.352,419270.69,146271.535
002622.SZ,20200824,3.5,3.61,3.43,3.58,3.56,0.020000000000000018,0.5618,483234.92,169518.869
002622.SZ,20200821,3.64,3.71,3.52,3.56,3.64,-0.08000000000000007,-2.1978,524170.82,188823.14
002622.SZ,20200820,3.85,3.88,3.63,3.64,4.03,-0.3900000000000001,-9.6774,962998.35,358788.038
002622.SZ,20200819,3.73,4.12,3.7,4.03,3.85,0.18000000000000016,4.6753,1239485.33,493374.501
002622.SZ,20200818,3.78,4.14,3.68,3.85,3.76,0.0900000000000003,2.3936,1566003.4,624242.864
002622.SZ,20200817,3.49,3.76,3.44,3.76,3.42,0.33999999999999986,9.9415,1027042.21,374113.819
002622.SZ,20200814,3.46,3.51,3.36,3.42,3.5,-0.08000000000000007,-2.2857,415257.0,141826.538
002622.SZ,20200813,3.46,3.59,3.39,3.5,3.46,0.040000000000000036,1.1561,669635.11,233951.577
002622.SZ,20200812,3.24,3.61,3.21,3.46,3.28,0.18000000000000016,5.4878,764330.8,264773.024
002622.SZ,20200811,3.4,3.44,3.25,3.28,3.37,-0.0900000000000003,-2.6706,325635.0,108568.007
002622.SZ,20200810,3.25,3.5,3.25,3.37,3.23,0.14000000000000012,4.3344,438554.8,147604.353
002622.SZ,20200807,3.32,3.32,3.16,3.23,3.35,-0.1200000000000001,-3.5821,442618.48,142551.293
002622.SZ,20200806,3.36,3.41,3.32,3.35,3.41,-0.06000000000000005,-1.7595,427684.94,143519.205
002622.SZ,20200805,3.2,3.44,3.17,3.41,3.19,0.2200000000000002,6.8966,729276.36,243296.438
002622.SZ,20200804,3.26,3.28,3.16,3.19,3.22,-0.03000000000000025,-0.9317,328116.61,104951.235
002622.SZ,20200803,3.14,3.24,3.13,3.22,3.13,0.0900000000000003,2.8754,443684.82,141667.583
002622.SZ,20200731,3.09,3.15,3.07,3.13,3.13,0.0,0.0,348245.06,108318.915
002622.SZ,20200730,3.16,3.25,3.11,3.13,3.18,-0.050000000000000266,-1.5723,393639.4,124477.045
002622.SZ,20200729,3.12,3.19,3.05,3.18,3.15,0.03000000000000025,0.9524,422027.28,132127.624
002622.SZ,20200728,3.12,3.26,3.11,3.15,3.08,0.06999999999999984,2.2727,491364.8,155698.475
002622.SZ,20200727,3.27,3.3,3.07,3.08,3.26,-0.17999999999999972,-5.5215,598848.56,187929.512
002622.SZ,20200724,3.25,3.46,3.24,3.26,3.48,-0.2200000000000002,-6.3218,982875.79,325708.244
002622.SZ,20200723,3.66,3.91,3.46,3.48,3.63,-0.1499999999999999,-4.1322,1679958.61,618812.6
002622.SZ,20200722,3.29,3.63,3.24,3.63,3.3,0.33000000000000007,10.0,1215467.81,421473.201
002622.SZ,20200721,3.04,3.3,3.04,3.3,3.0,0.2999999999999998,10.0,308964.5,101402.565
002622.SZ,20200720,2.94,3.01,2.92,3.0,2.91,0.08999999999999986,3.0928,183739.46,54439.496
002622.SZ,20200717,3.0,3.02,2.9,2.91,3.0,-0.08999999999999986,-3.0,292605.6,86046.44
002622.SZ,20200716,3.15,3.18,2.99,3.0,3.17,-0.16999999999999993,-5.3628,303488.14,93563.771
002622.SZ,20200715,3.3,3.34,3.14,3.17,3.31,-0.14000000000000012,-4.2296,315686.62,101427.034
002622.SZ,20200714,3.37,3.4,3.27,3.31,3.35,-0.040000000000000036,-1.194,254958.77,85046.808
002622.SZ,20200713,3.27,3.38,3.26,3.35,3.23,0.1200000000000001,3.7152,286068.62,94855.704
002622.SZ,20200710,3.32,3.38,3.22,3.23,3.32,-0.08999999999999986,-2.7108,310004.04,102245.45
002622.SZ,20200709,3.26,3.36,3.25,3.32,3.26,0.06000000000000005,1.8405,338665.06,111828.013
002622.SZ,20200708,3.22,3.28,3.21,3.26,3.22,0.03999999999999959,1.2422,266243.57,86603.363
002622.SZ,20200707,3.29,3.33,3.2,3.22,3.26,-0.03999999999999959,-1.227,395177.2,128524.245
002622.SZ,20200706,3.15,3.33,3.14,3.26,3.13,0.1299999999999999,4.1534,421608.7,135635.656
002622.SZ,20200703,3.11,3.18,3.08,3.13,3.09,0.040000000000000036,1.2945,276869.72,86259.9
002622.SZ,20200702,3.03,3.13,3.02,3.09,3.04,0.04999999999999982,1.6447,161275.8,49745.52
002622.SZ,20200701,3.04,3.05,3.01,3.04,3.05,-0.009999999999999787,-0.3279,90465.42,27406.593
002622.SZ,20200630,3.01,3.06,3.0,3.05,2.99,0.05999999999999961,2.0067,99078.52,30108.848
002622.SZ,20200629,3.02,3.06,2.99,2.99,3.03,-0.03999999999999959,-1.3201,95302.72,28690.24
002622.SZ,20200624,3.05,3.07,3.02,3.03,3.04,-0.010000000000000231,-0.3289,95363.0,29027.99
002622.SZ,20200623,3.09,3.09,3.04,3.04,3.1,-0.06000000000000005,-1.9355,127772.0,39188.86
002622.SZ,20200622,3.09,3.17,3.06,3.1,3.19,-0.08999999999999986,-2.8213,287642.07,89257.883
002622.SZ,20200619,3.06,3.33,3.01,3.19,3.03,0.16000000000000014,5.2805,484786.23,156316.212
002622.SZ,20200618,3.05,3.1,3.03,3.03,3.04,-0.010000000000000231,-0.3289,119646.0,36583.198
002622.SZ,20200617,3.03,3.05,2.99,3.04,3.05,-0.009999999999999787,-0.3279,114690.27,34614.438
002622.SZ,20200616,3.01,3.11,3.01,3.05,3.01,0.040000000000000036,1.3289,103743.0,31654.588
002622.SZ,20200615,3.02,3.06,3.01,3.01,3.04,-0.03000000000000025,-0.9868,94153.0,28626.473
002622.SZ,20200612,2.98,3.04,2.95,3.04,3.04,0.0,0.0,103166.0,30961.649
002622.SZ,20200611,3.06,3.09,3.03,3.04,3.09,-0.04999999999999982,-1.6181,142707.0,43543.358
002622.SZ,20200610,3.15,3.18,3.06,3.09,3.22,-0.13000000000000034,-4.0373,252018.0,78197.144
002622.SZ,20200609,3.12,3.25,3.11,3.22,3.11,0.11000000000000032,3.537,346988.46,110670.652
002622.SZ,20200608,3.04,3.18,3.03,3.11,3.05,0.06000000000000005,1.9672,274834.8,85495.761
002622.SZ,20200605,3.07,3.1,3.03,3.05,3.08,-0.03000000000000025,-0.974,130906.22,40050.001
002622.SZ,20200604,3.09,3.15,3.02,3.08,3.04,0.040000000000000036,1.3158,213132.02,65912.589
002622.SZ,20200603,3.03,3.08,3.01,3.04,3.03,0.010000000000000231,0.33,119889.0,36543.524
002622.SZ,20200602,3.04,3.05,3.0,3.03,3.03,0.0,0.0,92040.92,27781.05
002622.SZ,20200601,2.96,3.03,2.96,3.03,2.96,0.06999999999999984,2.3649,103141.7,30937.545
002622.SZ,20200529,2.94,2.97,2.94,2.96,2.96,0.0,0.0,53228.0,15731.577
002622.SZ,20200528,2.97,3.0,2.93,2.96,2.97,-0.010000000000000231,-0.3367,75568.0,22427.786
002622.SZ,20200527,2.95,2.99,2.95,2.97,2.96,0.010000000000000231,0.3378,98343.38,29246.046
002622.SZ,20200526,2.93,2.98,2.93,2.96,2.93,0.029999999999999805,1.0239,46028.0,13633.466
002622.SZ,20200525,2.98,2.99,2.92,2.93,2.97,-0.040000000000000036,-1.3468,50659.0,14926.675
002622.SZ,20200522,3.01,3.05,2.96,2.97,3.01,-0.03999999999999959,-1.3289,88641.0,26565.783
002622.SZ,20200521,3.04,3.11,3.01,3.01,3.03,-0.020000000000000018,-0.6601,85886.99,26309.791
002622.SZ,20200520,3.06,3.08,3.03,3.03,3.08,-0.050000000000000266,-1.6234,44369.0,13532.12
002622.SZ,20200519,3.12,3.13,3.06,3.08,3.13,-0.04999999999999982,-1.5974,91368.0,28186.074
002622.SZ,20200518,3.0,3.15,2.95,3.13,3.02,0.10999999999999988,3.6424,227116.6,69853.576
002622.SZ,20200515,2.99,3.02,2.93,3.02,2.98,0.040000000000000036,1.3423,114199.4,33838.126
002622.SZ,20200514,3.05,3.05,2.95,2.98,3.04,-0.06000000000000005,-1.9737,120275.0,35979.383
002622.SZ,20200513,3.05,3.06,2.97,3.04,3.09,-0.04999999999999982,-1.6181,121200.06,36599.306
002622.SZ,20200512,3.08,3.1,3.06,3.09,3.09,0.0,0.0,59342.0,18247.164
002622.SZ,20200511,3.13,3.15,3.06,3.09,3.11,-0.020000000000000018,-0.6431,76557.8,23701.13
002622.SZ,20200508,3.12,3.16,3.1,3.11,3.09,0.020000000000000018,0.6472,93788.0,29318.711
002622.SZ,20200507,3.09,3.15,3.06,3.09,3.08,0.009999999999999787,0.3247,94120.0,29260.949
002622.SZ,20200506,3.02,3.1,3.01,3.08,3.02,0.06000000000000005,1.9868,97266.1,29635.183
002622.SZ,20200430,2.97,3.03,2.95,3.02,2.95,0.06999999999999984,2.3729,77146.1,23215.215
002622.SZ,20200429,2.95,3.03,2.94,2.95,2.97,-0.020000000000000018,-0.6734,64122.2,19139.137
002622.SZ,20200428,3.08,3.09,2.85,2.97,3.08,-0.10999999999999988,-3.5714,140175.6,41703.054
002622.SZ,20200427,3.1,3.12,3.08,3.08,3.09,-0.009999999999999787,-0.3236,66584.0,20613.402
002622.SZ,20200424,3.12,3.14,3.08,3.09,3.11,-0.020000000000000018,-0.6431,99078.0,30792.029
002622.SZ,20200423,3.15,3.16,3.09,3.11,3.13,-0.020000000000000018,-0.639,78147.0,24366.604
002622.SZ,20200422,3.1,3.14,3.07,3.13,3.1,0.029999999999999805,0.9677,77393.06,24163.325
002622.SZ,20200421,3.09,3.12,3.07,3.1,3.12,-0.020000000000000018,-0.641,82644.0,25543.393
002622.SZ,20200420,3.16,3.17,3.1,3.12,3.14,-0.020000000000000018,-0.6369,113454.0,35469.101
002622.SZ,20200417,3.2,3.22,3.14,3.14,3.18,-0.040000000000000036,-1.2579,134858.06,42789.63
002622.SZ,20200416,3.16,3.2,3.14,3.18,3.17,0.010000000000000231,0.3155,99463.98,31589.328
002622.SZ,20200415,3.17,3.24,3.16,3.17,3.19,-0.020000000000000018,-0.627,124324.0,39690.977
002622.SZ,20200414,3.15,3.21,3.14,3.19,3.14,0.04999999999999982,1.5924,125108.66,39799.734
002622.SZ,20200413,3.18,3.24,3.13,3.14,3.37,-0.22999999999999998,-6.8249,305095.03,97101.828
002622.SZ,20200410,3.68,3.84,3.35,3.37,3.49,-0.1200000000000001,-3.4384,571043.13,202281.503
002622.SZ,20200409,3.44,3.65,3.41,3.49,3.35,0.14000000000000012,4.1791,461588.95,160791.703
002622.SZ,20200408,3.29,3.38,3.27,3.35,3.29,0.06000000000000005,1.8237,200319.66,66571.737
002622.SZ,20200407,3.25,3.31,3.24,3.29,3.23,0.06000000000000005,1.8576,163866.12,53768.193
002622.SZ,20200403,3.28,3.3,3.22,3.23,3.26,-0.029999999999999805,-0.9202,95191.92,30986.799
002622.SZ,20200402,3.2,3.27,3.18,3.26,3.22,0.03999999999999959,1.2422,80491.0,25970.278
002622.SZ,20200401,3.25,3.27,3.21,3.22,3.22,0.0,0.0,66937.0,21645.617
002622.SZ,20200331,3.25,3.31,3.22,3.22,3.22,0.0,0.0,90534.0,29503.568
002622.SZ,20200330,3.25,3.25,3.17,3.22,3.29,-0.06999999999999984,-2.1277,116117.0,37275.8
002622.SZ,20200327,3.27,3.38,3.24,3.29,3.23,0.06000000000000005,1.8576,193503.4,64177.119
002622.SZ,20200326,3.26,3.3,3.2,3.23,3.34,-0.10999999999999988,-3.2934,164485.0,53607.401
002622.SZ,20200325,3.25,3.45,3.2,3.34,3.14,0.19999999999999973,6.3694,325891.0,108981.527
002622.SZ,20200324,3.15,3.18,3.05,3.14,3.08,0.06000000000000005,1.9481,116996.58,36580.715
002622.SZ,20200323,3.2,3.22,3.07,3.08,3.27,-0.18999999999999995,-5.8104,139797.0,44091.616
002622.SZ,20200320,3.31,3.31,3.21,3.27,3.25,0.020000000000000018,0.6154,98027.99,31926.941
002622.SZ,20200319,3.24,3.31,3.17,3.25,3.29,-0.040000000000000036,-1.2158,162191.99,52405.374
002622.SZ,20200318,3.38,3.44,3.29,3.29,3.38,-0.08999999999999986,-2.6627,190962.58,64390.086
002622.SZ,20200317,3.33,3.43,3.19,3.38,3.35,0.029999999999999805,0.8955,223706.95,74136.582
002622.SZ,20200316,3.48,3.53,3.3,3.35,3.44,-0.08999999999999986,-2.6163,259937.55,88833.933
002622.SZ,20200313,3.15,3.52,3.14,3.44,3.42,0.020000000000000018,0.5848,277645.1,93208.744
002622.SZ,20200312,3.49,3.52,3.41,3.42,3.56,-0.14000000000000012,-3.9326,295175.46,101810.979
002622.SZ,20200311,3.69,3.73,3.55,3.56,3.69,-0.1299999999999999,-3.523,381811.54,139093.21
002622.SZ,20200310,3.48,3.75,3.48,3.69,3.54,0.1499999999999999,4.2373,479579.16,174282.165
002622.SZ,20200309,3.63,3.7,3.53,3.54,3.74,-0.20000000000000018,-5.3476,391838.68,141783.641
002622.SZ,20200306,3.85,3.93,3.7,3.74,3.81,-0.06999999999999984,-1.8373,881129.72,336029.201
002622.SZ,20200305,3.52,3.81,3.48,3.81,3.46,0.3500000000000001,10.1156,601499.28,223008.618
002622.SZ,20200304,3.44,3.49,3.41,3.46,3.49,-0.03000000000000025,-0.8596,195346.66,67467.782
002622.SZ,20200303,3.53,3.58,3.46,3.49,3.49,0.0,0.0,207348.26,73045.118
002622.SZ,20200302,3.46,3.52,3.41,3.49,3.4,0.0900000000000003,2.6471,187405.68,65011.658
002622.SZ,20200228,3.5,3.58,3.36,3.4,3.59,-0.18999999999999995,-5.2925,224667.57,77146.47
002622.SZ,20200227,3.58,3.62,3.5,3.59,3.61,-0.020000000000000018,-0.554,189225.5,67434.922
002622.SZ,20200226,3.59,3.76,3.57,3.61,3.56,0.04999999999999982,1.4045,318206.06,116208.696
002622.SZ,20200225,3.58,3.58,3.34,3.56,3.66,-0.10000000000000009,-2.7322,324033.65,113886.219
002622.SZ,20200224,3.66,3.74,3.59,3.66,3.7,-0.040000000000000036,-1.0811,276998.0,100970.108
002622.SZ,20200221,3.69,3.77,3.66,3.7,3.74,-0.040000000000000036,-1.0695,329211.0,122086.096
002622.SZ,20200220,3.56,3.85,3.51,3.74,3.59,0.15000000000000036,4.1783,435536.7,158127.93
002622.SZ,20200219,3.59,3.68,3.58,3.59,3.59,0.0,0.0,315399.0,114413.746
002622.SZ,20200218,3.52,3.59,3.48,3.59,3.52,0.06999999999999984,1.9886,285650.0,101066.734
002622.SZ,20200217,3.37,3.56,3.37,3.52,3.4,0.1200000000000001,3.5294,320972.42,111352.705
002622.SZ,20200214,3.31,3.55,3.31,3.4,3.43,-0.03000000000000025,-0.8746,263775.2,89974.05
002622.SZ,20200213,3.59,3.59,3.37,3.43,3.35,0.08000000000000007,2.3881,416398.6,144033.571
002622.SZ,20200212,3.31,3.37,3.27,3.35,3.32,0.03000000000000025,0.9036,146145.7,48490.032
002622.SZ,20200211,3.35,3.38,3.3,3.32,3.35,-0.03000000000000025,-0.8955,118740.52,39487.673
002622.SZ,20200210,3.3,3.36,3.26,3.35,3.31,0.040000000000000036,1.2085,121601.4,40525.366
002622.SZ,20200207,3.33,3.39,3.25,3.31,3.34,-0.029999999999999805,-0.8982,233706.56,77306.18
002622.SZ,20200206,3.13,3.42,3.06,3.34,3.12,0.21999999999999975,7.0513,303523.58,97831.383
002622.SZ,20200205,3.12,3.2,3.07,3.12,3.08,0.040000000000000036,1.2987,251564.0,78836.963
002622.SZ,20200204,2.91,3.2,2.91,3.08,3.23,-0.1499999999999999,-4.644,405210.03,122154.637
002622.SZ,20200203,3.23,3.23,3.23,3.23,3.59,-0.3599999999999999,-10.0279,19524.0,6306.252
002622.SZ,20200123,3.71,3.76,3.55,3.59,3.71,-0.1200000000000001,-3.2345,202813.08,74018.606
002622.SZ,20200122,3.69,3.72,3.59,3.71,3.69,0.020000000000000018,0.542,158482.28,58140.292
002622.SZ,20200121,3.63,3.76,3.6,3.69,3.65,0.040000000000000036,1.0959,290132.13,107020.803
002622.SZ,20200120,3.4,3.72,3.4,3.65,3.44,0.20999999999999996,6.1047,432700.46,155060.989
002622.SZ,20200117,3.5,3.56,3.32,3.44,3.48,-0.040000000000000036,-1.1494,463134.07,158503.306
002622.SZ,20200116,3.53,3.58,3.46,3.48,3.55,-0.06999999999999984,-1.9718,197931.74,69722.619
002622.SZ,20200115,3.66,3.71,3.54,3.55,3.67,-0.1200000000000001,-3.2698,238834.78,85832.977
002622.SZ,20200114,3.72,3.76,3.66,3.67,3.69,-0.020000000000000018,-0.542,150989.02,55883.939
002622.SZ,20200113,3.72,3.74,3.63,3.69,3.72,-0.03000000000000025,-0.8065,177657.72,65645.741
002622.SZ,20200110,3.9,3.95,3.66,3.72,3.82,-0.09999999999999964,-2.6178,387047.39,145728.092
002622.SZ,20200109,3.71,3.84,3.68,3.82,3.71,0.10999999999999988,2.965,346432.37,130930.168
002622.SZ,20200108,3.71,3.85,3.61,3.71,3.73,-0.020000000000000018,-0.5362,456608.89,169511.204
002622.SZ,20200107,3.78,3.81,3.69,3.73,3.78,-0.04999999999999982,-1.3228,263422.98,98218.315
002622.SZ,20200106,3.69,3.86,3.68,3.78,3.64,0.13999999999999968,3.8462,462414.17,174613.052
002622.SZ,20200103,3.54,3.82,3.52,3.64,3.53,0.11000000000000032,3.1161,407532.48,149431.295
002622.SZ,20200102,3.47,3.58,3.47,3.53,3.43,0.09999999999999964,2.9155,254300.52,89489.681
002622.SZ,20191231,3.5,3.55,3.42,3.43,3.5,-0.06999999999999984,-2.0,192847.06,66924.509
002622.SZ,20191230,3.51,3.62,3.4,3.5,3.5,0.0,0.0,248208.02,87004.42
002622.SZ,20191227,3.56,3.64,3.5,3.5,3.57,-0.06999999999999984,-1.9608,280039.95,99600.208
002622.SZ,20191226,3.58,3.62,3.49,3.57,3.56,0.009999999999999787,0.2809,319767.88,113404.992
002622.SZ,20191225,3.41,3.66,3.38,3.56,3.57,-0.009999999999999787,-0.2801,773883.78,272942.127
002622.SZ,20191224,3.29,3.58,3.29,3.57,3.25,0.31999999999999984,9.8462,968346.52,341688.459
002622.SZ,20191223,3.39,3.4,3.25,3.25,3.37,-0.1200000000000001,-3.5608,257614.0,85759.77
002622.SZ,20191220,3.36,3.47,3.36,3.37,3.39,-0.020000000000000018,-0.59,378592.66,129243.499
002622.SZ,20191219,3.26,3.49,3.25,3.39,3.26,0.13000000000000034,3.9877,640293.82,218763.286
002622.SZ,20191218,3.23,3.31,3.22,3.26,3.27,-0.010000000000000231,-0.3058,362646.77,118507.764
002622.SZ,20191217,3.21,3.35,3.19,3.27,3.25,0.020000000000000018,0.6154,557739.86,182787.187
002622.SZ,20191216,3.31,3.31,3.16,3.25,3.3,-0.04999999999999982,-1.5152,728421.52,235237.565
002622.SZ,20191213,3.0,3.3,3.0,3.3,3.0,0.2999999999999998,10.0,629496.4,201877.178
002622.SZ,20191212,3.03,3.09,3.0,3.0,3.03,-0.029999999999999805,-0.9901,130531.0,39670.42
002622.SZ,20191211,3.05,3.06,3.01,3.03,3.05,-0.020000000000000018,-0.6557,119465.0,36261.647
002622.SZ,20191210,3.05,3.06,3.0,3.05,3.05,0.0,0.0,171042.7,51839.791
002622.SZ,20191209,3.02,3.06,3.0,3.05,3.02,0.029999999999999805,0.9934,118953.7,36070.174
002622.SZ,20191206,2.97,3.04,2.96,3.02,2.97,0.04999999999999982,1.6835,143663.0,43131.579
002622.SZ,20191205,2.95,2.99,2.94,2.97,2.95,0.020000000000000018,0.678,90434.0,26840.874
002622.SZ,20191204,2.93,2.97,2.93,2.95,2.95,0.0,0.0,78800.2,23236.747
002622.SZ,20191203,2.92,2.96,2.9,2.95,2.93,0.020000000000000018,0.6826,76314.12,22370.375
002622.SZ,20191202,2.93,2.97,2.92,2.93,2.95,-0.020000000000000018,-0.678,93822.06,27569.846
002622.SZ,20191129,2.94,2.96,2.91,2.95,2.95,0.0,0.0,78545.0,23048.762
002622.SZ,20191128,2.94,2.96,2.94,2.95,2.94,0.010000000000000231,0.3401,62550.86,18438.503
002622.SZ,20191127,2.95,2.97,2.92,2.94,2.97,-0.03000000000000025,-1.0101,94762.0,27914.416
002622.SZ,20191126,3.02,3.02,2.97,2.97,3.01,-0.03999999999999959,-1.3289,84609.0,25347.002
002622.SZ,20191125,3.01,3.03,2.99,3.01,3.02,-0.010000000000000231,-0.3311,107714.0,32364.441
002622.SZ,20191122,3.07,3.11,3.02,3.02,3.07,-0.04999999999999982,-1.6287,176971.06,54097.198
002622.SZ,20191121,3.11,3.17,3.05,3.07,3.11,-0.040000000000000036,-1.2862,201773.17,62419.725
002622.SZ,20191120,3.07,3.11,3.05,3.11,3.08,0.029999999999999805,0.974,196496.0,60484.464
002622.SZ,20191119,3.0,3.09,2.97,3.08,2.98,0.10000000000000009,3.3557,251797.37,76741.695
002622.SZ,20191118,3.0,3.02,2.93,2.98,3.02,-0.040000000000000036,-1.3245,113074.31,33738.154
002622.SZ,20191115,3.03,3.07,2.99,3.02,3.04,-0.020000000000000018,-0.6579,117948.74,35677.764
002622.SZ,20191114,3.04,3.1,3.0,3.04,3.05,-0.009999999999999787,-0.3279,143455.06,43661.37
002622.SZ,20191113,3.0,3.07,2.98,3.05,3.03,0.020000000000000018,0.6601,136783.0,41296.394
002622.SZ,20191112,2.96,3.12,2.91,3.03,2.94,0.08999999999999986,3.0612,180078.06,54119.743
002622.SZ,20191111,3.03,3.03,2.93,2.94,3.06,-0.1200000000000001,-3.9216,135031.0,40192.294
002622.SZ,20191108,3.12,3.15,3.04,3.06,3.1,-0.040000000000000036,-1.2903,247243.94,76318.393
002622.SZ,20191107,2.96,3.1,2.93,3.1,2.98,0.1200000000000001,4.0268,217366.6,65665.3
002622.SZ,20191106,3.01,3.03,2.97,2.98,3.01,-0.029999999999999805,-0.9967,115260.66,34497.497
002622.SZ,20191105,3.05,3.05,2.99,3.01,3.03,-0.020000000000000018,-0.6601,117921.66,35545.612
002622.SZ,20191104,3.08,3.11,3.01,3.03,3.05,-0.020000000000000018,-0.6557,111271.0,33811.094
002622.SZ,20191101,2.99,3.06,2.99,3.05,2.98,0.06999999999999984,2.349,138795.0,42061.26
002622.SZ,20191031,3.05,3.08,2.97,2.98,3.05,-0.06999999999999984,-2.2951,171857.0,51880.138
002622.SZ,20191030,3.17,3.17,3.03,3.05,3.2,-0.15000000000000036,-4.6875,259550.66,80140.291
002622.SZ,20191029,3.28,3.32,3.18,3.2,3.33,-0.1299999999999999,-3.9039,243833.0,79208.893
002622.SZ,20191028,3.42,3.42,3.3,3.33,3.27,0.06000000000000005,1.8349,269269.66,89956.974
002622.SZ,20191025,3.24,3.44,3.16,3.27,3.25,0.020000000000000018,0.6154,291087.83,95059.189
002622.SZ,20191024,3.19,3.26,3.16,3.25,3.2,0.04999999999999982,1.5625,221778.83,71305.369
002622.SZ,20191023,3.28,3.28,3.18,3.2,3.28,-0.07999999999999963,-2.439,201760.6,64993.094
002622.SZ,20191022,3.27,3.31,3.23,3.28,3.26,0.020000000000000018,0.6135,192236.68,62794.507
002622.SZ,20191021,3.26,3.33,3.21,3.26,3.25,0.009999999999999787,0.3077,233050.0,76057.812
002622.SZ,20191018,3.32,3.39,3.24,3.25,3.39,-0.14000000000000012,-4.1298,338033.0,111849.31
002622.SZ,20191017,3.31,3.5,3.31,3.39,3.33,0.06000000000000005,1.8018,379263.06,128619.3
002622.SZ,20191016,3.3,3.6,3.3,3.33,3.67,-0.33999999999999986,-9.2643,783438.4,265706.425
002622.SZ,20191015,3.61,3.82,3.55,3.67,3.78,-0.10999999999999988,-2.9101,705723.78,258629.438
002622.SZ,20191014,3.83,3.99,3.69,3.78,3.71,0.06999999999999984,1.8868,1152824.78,442934.676
002622.SZ,20191011,3.37,3.71,3.25,3.71,3.37,0.33999999999999986,10.089,552776.88,196760.4
002622.SZ,20191010,3.38,3.38,3.31,3.37,3.38,-0.009999999999999787,-0.2959,248842.28,83337.994
002622.SZ,20191009,3.26,3.39,3.26,3.38,3.26,0.1200000000000001,3.681,299461.0,100033.075
002622.SZ,20191008,3.32,3.37,3.26,3.26,3.29,-0.03000000000000025,-0.9119,224049.6,74353.39
002622.SZ,20190930,3.38,3.39,3.25,3.29,3.37,-0.08000000000000007,-2.3739,244476.0,81325.565
002622.SZ,20190927,3.33,3.49,3.31,3.37,3.35,0.020000000000000018,0.597,382893.6,129852.204
002622.SZ,20190926,3.59,3.63,3.33,3.35,3.61,-0.2599999999999998,-7.2022,592547.09,203879.191
002622.SZ,20190925,3.6,3.76,3.59,3.61,3.67,-0.06000000000000005,-1.6349,489603.42,179453.212
002622.SZ,20190924,3.71,3.78,3.66,3.67,3.73,-0.06000000000000005,-1.6086,497044.11,184640.608
002622.SZ,20190923,3.71,3.78,3.65,3.73,3.7,0.029999999999999805,0.8108,532662.0,198485.461
002622.SZ,20190920,3.84,3.85,3.68,3.7,3.86,-0.1599999999999997,-4.1451,773042.21,290494.007
002622.SZ,20190919,3.91,3.94,3.72,3.86,3.93,-0.07000000000000028,-1.7812,881161.16,336828.347
002622.SZ,20190918,4.19,4.23,3.93,3.93,4.37,-0.43999999999999995,-10.0686,1221303.12,496231.981
002622.SZ,20190917,4.27,4.44,4.06,4.37,4.26,0.11000000000000032,2.5822,1452746.72,621713.032
002622.SZ,20190916,4.51,4.83,4.14,4.26,4.39,-0.1299999999999999,-2.9613,1989818.5,897674.115
002622.SZ,20190912,4.09,4.39,4.0,4.39,3.99,0.39999999999999947,10.0251,1318227.6,566436.98
002622.SZ,20190911,3.71,3.99,3.57,3.99,3.63,0.3600000000000003,9.9174,1085397.36,412280.221
002622.SZ,20190910,3.24,3.63,3.17,3.63,3.3,0.33000000000000007,10.0,922079.1,315536.864
002622.SZ,20190909,3.24,3.38,3.1,3.3,3.26,0.040000000000000036,1.227,870754.88,279150.965
002622.SZ,20190906,3.5,3.5,3.2,3.26,3.18,0.07999999999999963,2.5157,1268157.69,434635.472
002622.SZ,20190905,2.95,3.18,2.95,3.18,2.89,0.29000000000000004,10.0346,93979.0,29727.349
002622.SZ,20190904,2.92,2.92,2.86,2.89,2.9,-0.009999999999999787,-0.3448,104922.1,30328.745
002622.SZ,20190903,2.94,2.95,2.88,2.9,2.92,-0.020000000000000018,-0.6849,114485.0,33223.867
002622.SZ,20190902,2.78,2.93,2.76,2.92,2.79,0.1299999999999999,4.6595,178576.0,51497.47
002622.SZ,20190830,2.93,2.95,2.78,2.79,2.9,-0.10999999999999988,-3.7931,151903.0,43331.134
002622.SZ,20190829,2.9,2.95,2.89,2.9,2.87,0.029999999999999805,1.0453,121939.0,35561.399
002622.SZ,20190828,2.9,2.93,2.85,2.87,2.88,-0.009999999999999787,-0.3472,141503.0,40928.466
002622.SZ,20190827,2.77,2.88,2.76,2.88,2.76,0.1200000000000001,4.3478,170988.0,48494.531
002622.SZ,20190826,2.72,2.76,2.68,2.76,2.8,-0.040000000000000036,-1.4286,105921.41,28921.096
002622.SZ,20190823,2.87,2.87,2.79,2.8,2.82,-0.020000000000000018,-0.7092,122033.0,34547.781
002622.SZ,20190822,2.77,2.82,2.76,2.82,2.76,0.06000000000000005,2.1739,123379.06,34420.68
002622.SZ,20190821,2.79,2.79,2.74,2.76,2.74,0.019999999999999574,0.7299,93471.2,25815.773
002622.SZ,20190820,2.77,2.8,2.74,2.74,2.76,-0.019999999999999574,-0.7246,120233.6,33259.208
002622.SZ,20190819,2.72,2.77,2.69,2.76,2.67,0.08999999999999986,3.3708,147379.99,40327.011
002622.SZ,20190816,2.7,2.75,2.67,2.67,2.71,-0.040000000000000036,-1.476,98481.06,26695.389
002622.SZ,20190815,2.66,2.72,2.62,2.71,2.73,-0.020000000000000018,-0.7326,104537.06,27940.491
002622.SZ,20190814,2.71,2.75,2.69,2.73,2.69,0.040000000000000036,1.487,111624.2,30412.199
002622.SZ,20190813,2.68,2.7,2.65,2.69,2.68,0.009999999999999787,0.3731,83013.24,22225.127
002622.SZ,20190812,2.63,2.69,2.62,2.68,2.63,0.050000000000000266,1.9011,93974.21,25028.781
002622.SZ,20190809,2.69,2.71,2.62,2.63,2.69,-0.06000000000000005,-2.2305,85709.0,22848.779
002622.SZ,20190808,2.63,2.7,2.63,2.69,2.62,0.06999999999999984,2.6718,98156.86,26260.225
002622.SZ,20190807,2.66,2.68,2.61,2.62,2.64,-0.020000000000000018,-0.7576,86614.0,22939.376
002622.SZ,20190806,2.69,2.7,2.56,2.64,2.75,-0.10999999999999988,-4.0,157818.0,41490.504
002622.SZ,20190805,2.78,2.82,2.73,2.75,2.79,-0.040000000000000036,-1.4337,86815.99,24028.536
002622.SZ,20190802,2.8,2.83,2.75,2.79,2.88,-0.08999999999999986,-3.125,130185.0,36289.017
002622.SZ,20190801,2.9,2.9,2.86,2.88,2.91,-0.03000000000000025,-1.0309,101037.66,29084.497
002622.SZ,20190731,2.97,2.97,2.9,2.91,2.99,-0.08000000000000007,-2.6756,131746.1,38537.159
002622.SZ,20190730,2.97,3.02,2.97,2.99,2.92,0.07000000000000028,2.3973,143662.73,43115.237
002622.SZ,20190729,2.96,2.96,2.91,2.92,2.96,-0.040000000000000036,-1.3514,89230.0,26104.774
002622.SZ,20190726,2.99,3.0,2.94,2.96,2.99,-0.03000000000000025,-1.0033,70598.0,20913.119
002622.SZ,20190725,2.96,3.01,2.95,2.99,2.96,0.03000000000000025,1.0135,91378.0,27300.209
002622.SZ,20190724,2.95,3.0,2.94,2.96,2.94,0.020000000000000018,0.6803,93079.06,27710.403
002622.SZ,20190723,2.94,2.96,2.91,2.94,2.92,0.020000000000000018,0.6849,81736.0,23991.717
002622.SZ,20190722,3.08,3.09,2.91,2.92,3.07,-0.1499999999999999,-4.886,164541.5,48963.855
002622.SZ,20190719,3.05,3.1,3.03,3.07,3.02,0.04999999999999982,1.6556,109612.0,33704.756
002622.SZ,20190718,3.09,3.09,3.01,3.02,3.11,-0.08999999999999986,-2.8939,111797.24,34097.686
002622.SZ,20190717,3.11,3.15,3.1,3.11,3.1,0.009999999999999787,0.3226,103687.0,32345.745
002622.SZ,20190716,3.08,3.13,3.06,3.1,3.09,0.010000000000000231,0.3236,83509.4,25929.415
002622.SZ,20190715,3.08,3.14,3.0,3.09,3.09,0.0,0.0,151155.35,46421.141
002622.SZ,20190712,3.08,3.13,3.06,3.09,3.14,-0.050000000000000266,-1.5924,134885.0,41779.649
002622.SZ,20190711,3.24,3.33,3.12,3.14,3.24,-0.10000000000000009,-3.0864,292890.24,93948.149
002622.SZ,20190710,3.13,3.24,3.11,3.24,3.12,0.1200000000000001,3.8462,201856.86,64152.088
002622.SZ,20190709,3.11,3.14,3.08,3.12,3.1,0.020000000000000018,0.6452,89582.0,27859.799
002622.SZ,20190708,3.25,3.25,3.09,3.1,3.26,-0.1599999999999997,-4.908,188066.01,58869.507
002622.SZ,20190705,3.24,3.28,3.21,3.26,3.25,0.009999999999999787,0.3077,108111.3,35104.304
002622.SZ,20190704,3.3,3.33,3.23,3.25,3.29,-0.040000000000000036,-1.2158,144161.0,47202.863
002622.SZ,20190703,3.4,3.4,3.25,3.29,3.39,-0.10000000000000009,-2.9499,217250.81,71721.878
002622.SZ,20190702,3.44,3.5,3.35,3.39,3.44,-0.04999999999999982,-1.4535,324129.2,110388.127
002622.SZ,20190701,3.33,3.47,3.3,3.44,3.25,0.18999999999999995,5.8462,310014.21,105111.224
002622.SZ,20190628,3.35,3.36,3.2,3.25,3.33,-0.08000000000000007,-2.4024,218480.27,71050.227
002622.SZ,20190627,3.34,3.41,3.32,3.33,3.34,-0.009999999999999787,-0.2994,180280.72,60614.725
002622.SZ,20190626,3.36,3.39,3.29,3.34,3.38,-0.040000000000000036,-1.1834,236318.0,78844.926
002622.SZ,20190625,3.41,3.5,3.35,3.38,3.42,-0.040000000000000036,-1.1696,235543.42,80342.37
002622.SZ,20190624,3.48,3.6,3.4,3.42,3.52,-0.10000000000000009,-2.8409,456779.64,158857.665
002622.SZ,20190621,3.39,3.67,3.36,3.52,3.34,0.18000000000000016,5.3892,686150.82,242910.193
002622.SZ,20190620,3.26,3.34,3.21,3.34,3.25,0.08999999999999986,2.7692,241748.82,79523.274
002622.SZ,20190619,3.27,3.3,3.23,3.25,3.21,0.040000000000000036,1.2461,167161.46,54586.954
002622.SZ,20190618,3.24,3.27,3.18,3.21,3.21,0.0,0.0,136581.73,43786.037
002622.SZ,20190617,3.24,3.25,3.17,3.21,3.22,-0.010000000000000231,-0.3106,134293.51,43072.004
002622.SZ,20190614,3.32,3.36,3.22,3.22,3.34,-0.11999999999999966,-3.5928,206854.29,67910.591
002622.SZ,20190613,3.24,3.39,3.2,3.34,3.22,0.11999999999999966,3.7267,337837.73,111620.009
002622.SZ,20190612,3.22,3.31,3.18,3.22,3.21,0.010000000000000231,0.3115,250236.55,81121.836
002622.SZ,20190611,3.1,3.3,3.07,3.21,3.08,0.1299999999999999,4.2208,300697.26,96033.082
002622.SZ,20190610,3.07,3.13,3.0,3.08,3.03,0.050000000000000266,1.6502,218789.75,67072.818
002622.SZ,20190606,3.18,3.18,2.98,3.03,3.18,-0.15000000000000036,-4.717,284677.87,86871.345
002622.SZ,20190605,3.25,3.27,3.16,3.18,3.2,-0.020000000000000018,-0.625,179953.0,57618.021
002622.SZ,20190604,3.29,3.35,3.15,3.2,3.27,-0.06999999999999984,-2.1407,244855.13,79407.962
002622.SZ,20190603,3.51,3.55,3.26,3.27,3.42,-0.1499999999999999,-4.386,347284.55,116412.812
002622.SZ,20190531,3.45,3.58,3.4,3.42,3.38,0.040000000000000036,1.1834,339598.0,118328.435
002622.SZ,20190530,3.57,3.58,3.22,3.38,3.54,-0.16000000000000014,-4.5198,410572.0,138730.428
002622.SZ,20190529,3.54,3.62,3.51,3.54,3.53,0.010000000000000231,0.2833,184553.6,65725.05
002622.SZ,20190528,3.6,3.65,3.53,3.53,3.57,-0.040000000000000036,-1.1204,164721.0,59164.258
002622.SZ,20190527,3.55,3.59,3.47,3.57,3.48,0.08999999999999986,2.5862,216681.11,76847.077
002622.SZ,20190524,3.66,3.71,3.46,3.48,3.59,-0.10999999999999988,-3.0641,229639.74,81813.959
002622.SZ,20190523,3.55,3.75,3.55,3.59,3.67,-0.08000000000000007,-2.1798,315720.4,115228.34
002622.SZ,20190522,3.87,3.89,3.61,3.67,3.83,-0.16000000000000014,-4.1775,330817.95,124267.386
002622.SZ,20190521,3.73,3.94,3.73,3.83,3.7,0.1299999999999999,3.5135,277241.0,106040.758
002622.SZ,20190520,3.8,3.86,3.53,3.7,3.85,-0.1499999999999999,-3.8961,294542.71,109060.611
002622.SZ,20190517,4.22,4.24,3.77,3.85,4.19,-0.3400000000000003,-8.1146,438690.0,174834.057
002622.SZ,20190516,4.08,4.22,4.04,4.19,4.06,0.13000000000000078,3.202,327314.54,135535.1
002622.SZ,20190515,4.03,4.09,4.0,4.06,3.98,0.07999999999999963,2.0101,227727.6,92175.952
002622.SZ,20190514,4.0,4.07,3.94,3.98,4.08,-0.10000000000000009,-2.451,252089.6,100899.532
002622.SZ,20190513,4.11,4.19,4.06,4.08,4.15,-0.07000000000000028,-1.6867,218303.0,89927.833
002622.SZ,20190510,4.12,4.2,3.9,4.15,4.07,0.08000000000000007,1.9656,382847.0,157946.048
002622.SZ,20190509,4.1,4.22,4.03,4.07,4.15,-0.08000000000000007,-1.9277,339047.86,139805.698
002622.SZ,20190508,3.97,4.33,3.96,4.15,4.06,0.09000000000000075,2.2167,520628.6,217064.22
002622.SZ,20190507,4.07,4.14,3.98,4.06,3.97,0.08999999999999941,2.267,286344.0,116256.309
002622.SZ,20190506,4.11,4.26,3.85,3.97,4.26,-0.2899999999999996,-6.8075,397643.16,161533.549
002622.SZ,20190430,4.15,4.34,4.15,4.26,4.14,0.1200000000000001,2.8986,278823.85,119127.127
002622.SZ,20190429,4.5,4.56,4.13,4.14,4.59,-0.4500000000000002,-9.8039,465524.81,198728.517
002622.SZ,20190426,4.57,4.73,4.51,4.59,4.57,0.019999999999999574,0.4376,327165.79,150478.586
002622.SZ,20190425,4.76,4.88,4.52,4.57,4.8,-0.22999999999999954,-4.7917,390970.41,184459.349
002622.SZ,20190424,4.72,4.92,4.72,4.8,4.71,0.08999999999999986,1.9108,336693.91,162334.491
002622.SZ,20190423,5.07,5.07,4.7,4.71,5.16,-0.4500000000000002,-8.7209,683465.53,333950.536
002622.SZ,20190422,5.49,5.49,5.14,5.16,5.47,-0.3099999999999996,-5.6673,691343.83,365549.482
002622.SZ,20190419,5.14,5.6,5.06,5.47,5.1,0.3700000000000001,7.2549,933951.78,502962.74
002622.SZ,20190418,5.17,5.19,5.08,5.1,5.2,-0.10000000000000053,-1.9231,329751.43,168996.998
002622.SZ,20190417,5.22,5.26,5.16,5.2,5.23,-0.03000000000000025,-0.5736,342533.23,178391.635
002622.SZ,20190416,5.12,5.24,4.98,5.23,5.11,0.1200000000000001,2.3483,381763.65,196784.225
002622.SZ,20190415,5.22,5.31,5.1,5.11,5.16,-0.04999999999999982,-0.969,367533.88,191447.335
002622.SZ,20190412,5.21,5.25,5.11,5.16,5.31,-0.14999999999999947,-2.8249,468695.72,242248.464
002622.SZ,20190411,5.61,5.75,5.31,5.31,5.56,-0.25,-4.4964,692630.2,380288.351
002622.SZ,20190410,5.43,5.7,5.27,5.56,5.49,0.0699999999999994,1.275,952275.09,526138.687
002622.SZ,20190409,5.19,5.57,5.08,5.49,5.23,0.2599999999999998,4.9713,750540.92,396805.989
002622.SZ,20190408,5.4,5.43,5.07,5.23,5.46,-0.22999999999999954,-4.2125,852962.24,445499.51
002622.SZ,20190404,5.39,5.68,5.36,5.46,5.39,0.07000000000000028,1.2987,925539.41,509958.608
002622.SZ,20190403,5.42,5.48,5.32,5.39,5.56,-0.16999999999999993,-3.0576,873860.07,471275.536
002622.SZ,20190402,5.23,5.8,5.16,5.56,5.31,0.25,4.7081,1595496.72,864258.923
002622.SZ,20190401,5.09,5.58,5.02,5.31,5.07,0.23999999999999932,4.7337,2007370.26,1077008.283
002622.SZ,20190329,4.59,5.07,4.56,5.07,4.61,0.45999999999999996,9.9783,1427149.08,706474.327
002622.SZ,20190328,4.46,4.89,4.37,4.61,4.46,0.15000000000000036,3.3632,703999.6,326477.275
002622.SZ,20190327,4.53,4.6,4.31,4.46,4.56,-0.09999999999999964,-2.193,467066.61,208194.332
002622.SZ,20190326,4.88,4.89,4.55,4.56,4.88,-0.3200000000000003,-6.5574,908792.39,428664.138
002622.SZ,20190325,4.32,4.88,4.21,4.88,4.44,0.4399999999999995,9.9099,778263.41,363439.698
002622.SZ,20190322,4.48,4.51,4.31,4.44,4.46,-0.019999999999999574,-0.4484,345332.83,152127.608
002622.SZ,20190321,4.41,4.55,4.36,4.46,4.37,0.08999999999999986,2.0595,480275.3,214233.885
002622.SZ,20190320,4.41,4.43,4.24,4.37,4.43,-0.05999999999999961,-1.3544,394281.66,171288.437
002622.SZ,20190319,4.5,4.57,4.41,4.43,4.55,-0.1200000000000001,-2.6374,389501.0,174170.564
002622.SZ,20190318,4.46,4.61,4.41,4.55,4.41,0.13999999999999968,3.1746,440727.6,199397.444
002622.SZ,20190315,4.4,4.49,4.33,4.41,4.38,0.03000000000000025,0.6849,430618.57,190612.633
002622.SZ,20190314,4.54,4.63,4.21,4.38,4.62,-0.2400000000000002,-5.1948,599916.18,265070.944
002622.SZ,20190313,4.95,4.95,4.5,4.62,4.89,-0.2699999999999996,-5.5215,813156.14,385826.232
002622.SZ,20190312,5.01,5.06,4.71,4.89,4.79,0.09999999999999964,2.0877,1399426.82,683810.34
002622.SZ,20190311,4.3,4.79,4.3,4.79,4.35,0.4400000000000004,10.1149,941614.76,427790.526
002622.SZ,20190308,4.63,4.8,4.35,4.35,4.83,-0.4800000000000004,-9.9379,1037359.19,473652.087
002622.SZ,20190307,4.5,4.98,4.45,4.83,4.59,0.2400000000000002,5.2288,1234828.87,578973.9
002622.SZ,20190306,4.32,4.71,4.13,4.59,4.28,0.3099999999999996,7.243,1337249.93,590528.628
002622.SZ,20190305,3.98,4.29,3.92,4.28,4.02,0.2600000000000007,6.4677,879405.51,359709.483
002622.SZ,20190304,4.04,4.13,3.98,4.02,4.02,0.0,0.0,822712.5,332943.091
002622.SZ,20190301,4.0,4.05,3.86,4.02,4.02,0.0,0.0,753447.43,296946.74
002622.SZ,20190228,4.2,4.24,3.99,4.02,4.23,-0.21000000000000085,-4.9645,813134.9,333898.902
002622.SZ,20190227,4.12,4.46,4.03,4.23,4.12,0.11000000000000032,2.6699,1163217.18,495417.386
002622.SZ,20190226,3.99,4.34,3.84,4.12,3.98,0.14000000000000012,3.5176,1222761.34,501363.988
002622.SZ,20190225,3.96,4.08,3.81,3.98,3.71,0.27,7.2776,1158729.17,457750.429
002622.SZ,20190222,3.54,3.73,3.45,3.71,3.59,0.1200000000000001,3.3426,816833.37,294870.577
002622.SZ,20190221,3.49,3.84,3.43,3.59,3.49,0.09999999999999964,2.8653,939066.83,345220.394
002622.SZ,20190220,3.47,3.49,3.38,3.49,3.5,-0.009999999999999787,-0.2857,402538.06,138579.084
002622.SZ,20190219,3.41,3.58,3.4,3.5,3.43,0.06999999999999984,2.0408,571518.58,198264.917
002622.SZ,20190218,3.28,3.45,3.27,3.43,3.25,0.18000000000000016,5.5385,441198.42,149226.307
002622.SZ,20190215,3.23,3.31,3.21,3.25,3.24,0.009999999999999787,0.3086,309672.95,101092.325
002622.SZ,20190214,3.23,3.28,3.22,3.24,3.25,-0.009999999999999787,-0.3077,270127.81,87566.256
002622.SZ,20190213,3.17,3.29,3.17,3.25,3.2,0.04999999999999982,1.5625,372062.11,120135.607
002622.SZ,20190212,3.15,3.23,3.11,3.2,3.14,0.06000000000000005,1.9108,270929.55,86045.023
002622.SZ,20190211,3.03,3.14,3.03,3.14,3.01,0.13000000000000034,4.3189,213507.8,66054.657
002622.SZ,20190201,2.94,3.02,2.9,3.01,2.9,0.10999999999999988,3.7931,163418.0,48529.699
002622.SZ,20190131,3.05,3.08,2.84,2.9,3.01,-0.10999999999999988,-3.6545,351078.8,103990.327
002622.SZ,20190130,3.02,3.1,3.0,3.01,3.14,-0.13000000000000034,-4.1401,275066.0,83779.135
002622.SZ,20190129,3.22,3.28,3.02,3.14,3.21,-0.06999999999999984,-2.1807,277957.3,87529.641
002622.SZ,20190128,3.34,3.38,3.21,3.21,3.33,-0.1200000000000001,-3.6036,328335.55,107452.615
002622.SZ,20190125,3.49,3.5,3.32,3.33,3.52,-0.18999999999999995,-5.3977,428506.6,146131.541
002622.SZ,20190124,3.5,3.64,3.45,3.52,3.54,-0.020000000000000018,-0.565,537062.5,191191.113
002622.SZ,20190123,3.49,3.55,3.4,3.54,3.51,0.03000000000000025,0.8547,474728.99,164648.271
002622.SZ,20190122,3.67,3.72,3.45,3.51,3.7,-0.1900000000000004,-5.1351,595308.06,211384.934
002622.SZ,20190121,3.65,3.74,3.58,3.7,3.66,0.040000000000000036,1.0929,585260.81,214401.51
002622.SZ,20190118,3.77,3.85,3.61,3.66,3.71,-0.04999999999999982,-1.3477,1015009.81,376744.022
002622.SZ,20190117,3.38,3.71,3.35,3.71,3.37,0.33999999999999986,10.089,812365.24,297375.125
002622.SZ,20190116,3.45,3.48,3.35,3.37,3.48,-0.10999999999999988,-3.1609,267014.27,91149.327
002622.SZ,20190115,3.44,3.5,3.37,3.48,3.45,0.029999999999999805,0.8696,297952.49,102542.228
002622.SZ,20190114,3.43,3.51,3.38,3.45,3.45,0.0,0.0,294765.0,101619.64
002622.SZ,20190111,3.44,3.49,3.39,3.45,3.49,-0.040000000000000036,-1.1461,338439.54,116164.41
002622.SZ,20190110,3.37,3.57,3.35,3.49,3.38,0.11000000000000032,3.2544,525630.35,182970.793
002622.SZ,20190109,3.38,3.53,3.36,3.38,3.39,-0.010000000000000231,-0.295,517133.0,177258.025
002622.SZ,20190108,3.31,3.44,3.3,3.39,3.34,0.050000000000000266,1.497,397365.59,134132.071
002622.SZ,20190107,3.28,3.41,3.22,3.34,3.25,0.08999999999999986,2.7692,410800.47,137053.597
002622.SZ,20190104,3.06,3.29,3.02,3.25,3.09,0.16000000000000014,5.178,446053.0,142385.277
002622.SZ,20190103,3.12,3.18,3.08,3.09,3.16,-0.07000000000000028,-2.2152,225603.31,70513.347
002622.SZ,20190102,3.03,3.27,3.03,3.16,3.06,0.10000000000000009,3.268,369871.28,117566.745
002622.SZ,20181228,3.13,3.13,3.04,3.06,3.09,-0.029999999999999805,-0.9709,210346.28,64752.23
002622.SZ,20181227,3.33,3.35,3.07,3.09,3.25,-0.16000000000000014,-4.9231,333152.31,106617.88
002622.SZ,20181226,3.31,3.32,3.22,3.25,3.27,-0.020000000000000018,-0.6116,269681.0,88092.144
002622.SZ,20181225,3.31,3.32,3.11,3.27,3.37,-0.10000000000000009,-2.9674,405620.31,130790.268
002622.SZ,20181224,3.39,3.49,3.36,3.37,3.35,0.020000000000000018,0.597,287558.0,98157.822
002622.SZ,20181221,3.44,3.44,3.31,3.35,3.45,-0.10000000000000009,-2.8986,313840.93,105622.667
002622.SZ,20181220,3.48,3.51,3.41,3.45,3.44,0.010000000000000231,0.2907,263295.04,91051.758
002622.SZ,20181219,3.61,3.63,3.42,3.44,3.58,-0.14000000000000012,-3.9106,383299.63,134134.148
002622.SZ,20181218,3.63,3.68,3.57,3.58,3.72,-0.14000000000000012,-3.7634,445901.0,161468.603
002622.SZ,20181217,3.61,3.74,3.42,3.72,3.63,0.0900000000000003,2.4793,625046.79,223081.701
002622.SZ,20181214,3.69,3.9,3.62,3.63,3.74,-0.11000000000000032,-2.9412,1035240.73,391640.343
002622.SZ,20181213,3.7,3.78,3.61,3.74,3.8,-0.05999999999999961,-1.5789,996472.26,367092.043
002622.SZ,20181212,3.48,3.8,3.37,3.8,3.45,0.34999999999999964,10.1449,1316951.38,479810.717
002622.SZ,20181211,3.38,3.6,3.37,3.45,3.27,0.18000000000000016,5.5046,739039.88,258947.331
002622.SZ,20181210,3.31,3.33,3.25,3.27,3.37,-0.10000000000000009,-2.9674,201185.0,66072.297
002622.SZ,20181207,3.33,3.45,3.3,3.37,3.3,0.07000000000000028,2.1212,386175.41,130712.871
002622.SZ,20181206,3.28,3.35,3.27,3.3,3.29,0.009999999999999787,0.304,259311.48,85805.442
002622.SZ,20181205,3.29,3.33,3.23,3.29,3.38,-0.08999999999999986,-2.6627,317095.7,104310.161
002622.SZ,20181204,3.35,3.41,3.33,3.38,3.38,0.0,0.0,312340.51,104881.99
002622.SZ,20181203,3.33,3.43,3.3,3.38,3.26,0.1200000000000001,3.681,356263.06,120002.535
002622.SZ,20181130,3.22,3.28,3.18,3.26,3.21,0.04999999999999982,1.5576,273764.3,88529.118
002622.SZ,20181129,3.39,3.42,3.18,3.21,3.37,-0.16000000000000014,-4.7478,383238.56,125695.527
002622.SZ,20181128,3.29,3.38,3.21,3.37,3.29,0.08000000000000007,2.4316,379195.64,125612.841
002622.SZ,20181127,3.43,3.47,3.21,3.29,3.39,-0.10000000000000009,-2.9499,505991.0,168244.873
002622.SZ,20181126,3.38,3.48,3.36,3.39,3.37,0.020000000000000018,0.5935,248269.06,84560.081
002622.SZ,20181123,3.65,3.67,3.33,3.37,3.63,-0.2599999999999998,-7.1625,523862.12,180709.891
002622.SZ,20181122,3.59,3.74,3.51,3.63,3.58,0.04999999999999982,1.3966,593966.06,215761.814
002622.SZ,20181121,3.38,3.6,3.38,3.58,3.44,0.14000000000000012,4.0698,508267.46,177993.036
002622.SZ,20181120,3.63,3.63,3.42,3.44,3.67,-0.22999999999999998,-6.267,568498.4,200642.496
002622.SZ,20181119,3.74,3.81,3.6,3.67,3.87,-0.20000000000000018,-5.168,697747.4,258751.401
002622.SZ,20181116,3.76,3.9,3.65,3.87,3.71,0.16000000000000014,4.3127,846512.95,320708.164
002622.SZ,20181115,3.7,3.73,3.61,3.71,3.76,-0.04999999999999982,-1.3298,651201.81,238993.323
002622.SZ,20181114,3.75,4.03,3.74,3.76,3.77,-0.010000000000000231,-0.2653,955610.24,367776.17
002622.SZ,20181113,3.63,3.94,3.58,3.77,3.76,0.010000000000000231,0.266,1261495.0,475101.793
002622.SZ,20181112,3.9,4.03,3.61,3.76,3.67,0.08999999999999986,2.4523,1592558.36,602808.498
002622.SZ,20181109,3.67,3.67,3.52,3.67,3.34,0.33000000000000007,9.8802,1017167.89,371088.318
002622.SZ,20181108,3.11,3.34,3.09,3.34,3.04,0.2999999999999998,9.8684,361617.25,118289.758
002622.SZ,20181107,3.04,3.15,3.03,3.04,3.05,-0.009999999999999787,-0.3279,449949.7,139225.947
002622.SZ,20181106,3.04,3.07,2.96,3.05,3.06,-0.010000000000000231,-0.3268,407298.74,122225.358
002622.SZ,20181105,2.95,3.25,2.92,3.06,2.95,0.10999999999999988,3.7288,623490.27,191412.41
002622.SZ,20181102,2.9,2.98,2.88,2.95,2.87,0.08000000000000007,2.7875,366034.15,107216.197
002622.SZ,20181101,2.9,2.97,2.86,2.87,2.9,-0.029999999999999805,-1.0345,309428.24,89988.258
002622.SZ,20181031,2.88,2.98,2.87,2.9,2.85,0.04999999999999982,1.7544,387151.53,113032.879
002622.SZ,20181030,2.8,2.91,2.75,2.85,2.77,0.08000000000000007,2.8881,340025.91,96776.894
002622.SZ,20181029,2.8,2.86,2.74,2.77,2.83,-0.06000000000000005,-2.1201,199154.66,55797.321
002622.SZ,20181026,2.9,2.93,2.82,2.83,2.88,-0.04999999999999982,-1.7361,302493.14,86697.073
002622.SZ,20181025,2.73,2.9,2.65,2.88,2.84,0.040000000000000036,1.4085,425255.45,118088.157
002622.SZ,20181024,2.83,2.91,2.78,2.84,2.87,-0.03000000000000025,-1.0453,362468.39,102925.09
002622.SZ,20181023,2.77,2.98,2.77,2.87,2.88,-0.009999999999999787,-0.3472,676529.08,194146.416
002622.SZ,20181022,2.6,2.91,2.58,2.88,2.65,0.22999999999999998,8.6792,649992.67,178312.291
002622.SZ,20181019,2.58,2.78,2.53,2.65,2.53,0.1200000000000001,4.7431,552608.1,148893.807
002622.SZ,20181018,2.63,2.64,2.47,2.53,2.67,-0.14000000000000012,-5.2434,205283.38,52486.751
002622.SZ,20181017,2.67,2.71,2.59,2.67,2.62,0.04999999999999982,1.9084,195590.0,51721.166
002622.SZ,20181016,2.62,2.66,2.57,2.62,2.6,0.020000000000000018,0.7692,143533.0,37506.715
002622.SZ,20181015,2.69,2.72,2.6,2.6,2.68,-0.08000000000000007,-2.9851,152413.6,40601.437
002622.SZ,20181012,2.66,2.71,2.5,2.68,2.71,-0.029999999999999805,-1.107,282233.0,74714.487
002622.SZ,20181011,2.82,2.89,2.69,2.71,2.99,-0.28000000000000025,-9.3645,398675.22,110700.557
002622.SZ,20181010,3.0,3.04,2.94,2.99,2.99,0.0,0.0,204529.06,61029.87
002622.SZ,20181009,2.98,3.04,2.97,2.99,2.96,0.03000000000000025,1.0135,233375.06,70055.339
002622.SZ,20181008,3.19,3.19,2.96,2.96,3.29,-0.33000000000000007,-10.0304,499121.63,151098.647
002622.SZ,20180928,3.33,3.34,3.25,3.29,3.34,-0.04999999999999982,-1.497,327295.65,107579.97
002622.SZ,20180927,3.24,3.49,3.22,3.34,3.24,0.09999999999999964,3.0864,688948.85,228765.792
002622.SZ,20180926,3.29,3.3,3.21,3.24,3.28,-0.03999999999999959,-1.2195,330771.32,107679.706
002622.SZ,20180925,3.31,3.43,3.26,3.28,3.26,0.020000000000000018,0.6135,459746.81,152994.797
002622.SZ,20180921,3.26,3.28,3.22,3.26,3.28,-0.020000000000000018,-0.6098,326249.61,105956.093
002622.SZ,20180920,3.22,3.35,3.21,3.28,3.19,0.08999999999999986,2.8213,526345.14,172780.242
002622.SZ,20180919,3.24,3.28,3.18,3.19,3.23,-0.040000000000000036,-1.2384,315531.39,101644.596
002622.SZ,20180918,3.11,3.26,3.06,3.23,3.08,0.1499999999999999,4.8701,437483.77,139641.226
002622.SZ,20180917,3.05,3.18,2.99,3.08,3.08,0.0,0.0,331071.6,101971.25
002622.SZ,20180914,3.2,3.26,3.07,3.08,3.18,-0.10000000000000009,-3.1447,341177.57,107331.039
002622.SZ,20180913,3.27,3.28,3.12,3.18,3.25,-0.06999999999999984,-2.1538,352480.21,112182.533
002622.SZ,20180912,3.25,3.32,3.22,3.25,3.29,-0.040000000000000036,-1.2158,354333.63,115414.673
002622.SZ,20180911,3.14,3.46,3.12,3.29,3.18,0.10999999999999988,3.4591,668942.5,220884.962
002622.SZ,20180910,3.22,3.35,3.16,3.18,3.27,-0.08999999999999986,-2.7523,483713.21,157022.509
002622.SZ,20180907,3.12,3.28,3.11,3.27,3.1,0.16999999999999993,5.4839,603687.84,193804.133
002622.SZ,20180906,3.15,3.19,3.04,3.1,3.18,-0.08000000000000007,-2.5157,421873.42,131231.646
002622.SZ,20180905,3.08,3.36,3.08,3.18,3.14,0.040000000000000036,1.2739,766684.13,247438.075
002622.SZ,20180904,2.94,3.22,2.91,3.14,2.94,0.20000000000000018,6.8027,704506.73,218108.866
002622.SZ,20180903,2.78,2.97,2.75,2.94,2.89,0.04999999999999982,1.7301,362316.44,103771.892
002622.SZ,20180831,2.86,2.97,2.86,2.89,2.87,0.020000000000000018,0.6969,218925.79,63779.196
002622.SZ,20180830,2.93,2.93,2.86,2.87,2.91,-0.040000000000000036,-1.3746,161711.0,46752.844
002622.SZ,20180829,2.93,2.96,2.89,2.91,2.97,-0.06000000000000005,-2.0202,198681.0,57970.519
002622.SZ,20180828,2.97,3.03,2.93,2.97,2.96,0.010000000000000231,0.3378,252496.23,74967.051
002622.SZ,20180827,2.93,2.98,2.88,2.96,2.93,0.029999999999999805,1.0239,230506.26,67671.754
002622.SZ,20180824,2.93,3.02,2.9,2.93,2.92,0.010000000000000231,0.3425,275291.94,81489.272
002622.SZ,20180823,2.88,2.97,2.84,2.92,2.94,-0.020000000000000018,-0.6803,254674.0,74123.287
002622.SZ,20180822,2.92,3.1,2.91,2.94,2.91,0.029999999999999805,1.0309,392795.72,117765.338
002622.SZ,20180821,2.88,2.94,2.83,2.91,2.87,0.040000000000000036,1.3937,250345.27,72535.359
002622.SZ,20180820,2.9,2.95,2.75,2.87,2.93,-0.06000000000000005,-2.0478,353777.35,100692.169
002622.SZ,20180817,3.16,3.19,2.92,2.93,3.15,-0.21999999999999975,-6.9841,393506.42,119589.052
002622.SZ,20180816,3.11,3.23,3.05,3.15,3.15,0.0,0.0,335485.78,105109.775
002622.SZ,20180815,3.14,3.21,3.09,3.15,3.19,-0.040000000000000036,-1.2539,413997.68,130669.565
002622.SZ,20180814,3.12,3.34,3.12,3.19,3.27,-0.08000000000000007,-2.4465,606149.61,194023.05
002622.SZ,20180813,3.27,3.27,3.27,3.27,3.63,-0.3599999999999999,-9.9174,123469.0,40374.363
002622.SZ,20180810,3.53,3.79,3.52,3.63,3.54,0.08999999999999986,2.5424,444002.92,162038.046
002622.SZ,20180809,3.44,3.57,3.41,3.54,3.46,0.08000000000000007,2.3121,270585.15,95185.659
002622.SZ,20180808,3.5,3.65,3.46,3.46,3.52,-0.06000000000000005,-1.7045,312840.7,110747.825
002622.SZ,20180807,3.44,3.53,3.36,3.52,3.43,0.08999999999999986,2.6239,219657.0,76296.329
002622.SZ,20180806,3.53,3.57,3.31,3.43,3.63,-0.19999999999999973,-5.5096,288864.2,100170.679
002622.SZ,20180803,3.71,3.77,3.62,3.63,3.73,-0.10000000000000009,-2.681,210170.0,77776.758
002622.SZ,20180802,3.98,3.98,3.6,3.73,3.98,-0.25,-6.2814,406352.55,153024.82
002622.SZ,20180801,4.08,4.14,3.95,3.98,4.14,-0.1599999999999997,-3.8647,340417.0,137411.983
002622.SZ,20180731,4.12,4.2,4.1,4.14,4.11,0.02999999999999936,0.7299,204398.07,84686.74
002622.SZ,20180730,4.2,4.23,4.09,4.11,4.31,-0.1999999999999993,-4.6404,392686.68,162823.284
002622.SZ,20180727,4.46,4.52,4.27,4.31,4.45,-0.14000000000000057,-3.1461,493980.57,215054.931
002622.SZ,20180726,4.23,4.6,4.22,4.45,4.25,0.20000000000000018,4.7059,858230.81,380966.291
002622.SZ,20180725,4.17,4.33,4.17,4.25,4.18,0.07000000000000028,1.6746,409299.08,173927.533
002622.SZ,20180724,4.12,4.27,4.12,4.18,4.14,0.040000000000000036,0.9662,355538.5,148972.822
002622.SZ,20180723,4.23,4.24,4.11,4.14,4.23,-0.09000000000000075,-2.1277,314524.77,130642.616
002622.SZ,20180720,4.17,4.46,4.07,4.23,4.16,0.07000000000000028,1.6827,446412.72,188595.316
002622.SZ,20180719,4.26,4.31,4.08,4.16,4.45,-0.29000000000000004,-6.5169,563342.67,237646.25
002622.SZ,20180718,4.27,4.83,4.16,4.45,4.39,0.0600000000000005,1.3667,887563.05,392689.096
002622.SZ,20180717,4.32,4.45,4.28,4.39,4.28,0.10999999999999943,2.5701,479513.19,210318.703
002622.SZ,20180716,4.44,4.47,4.25,4.28,4.36,-0.08000000000000007,-1.8349,343045.48,148069.42
002622.SZ,20180713,4.6,4.65,4.36,4.36,4.43,-0.0699999999999994,-1.5801,682940.29,305110.067
002622.SZ,20180712,4.23,4.43,4.23,4.43,4.03,0.39999999999999947,9.9256,317054.08,138078.444
002622.SZ,20180711,4.25,4.26,3.91,4.03,4.33,-0.2999999999999998,-6.9284,538004.92,219199.822
002622.SZ,20180710,4.39,4.44,4.27,4.33,4.39,-0.05999999999999961,-1.3667,306489.28,132801.576
002622.SZ,20180709,4.33,4.44,4.32,4.39,4.33,0.05999999999999961,1.3857,283131.2,124125.735
002622.SZ,20180706,4.42,4.51,4.22,4.33,4.41,-0.08000000000000007,-1.8141,475792.8,208389.527
002622.SZ,20180705,4.5,4.67,4.38,4.41,4.75,-0.33999999999999986,-7.1579,533247.52,240842.794
002622.SZ,20180704,4.95,4.99,4.72,4.75,4.99,-0.2400000000000002,-4.8096,454553.82,219317.739
002622.SZ,20180703,4.88,5.06,4.8,4.99,4.91,0.08000000000000007,1.6293,549529.73,271300.94
002622.SZ,20180702,4.89,5.17,4.83,4.91,4.84,0.07000000000000028,1.4463,652186.38,323699.637
002622.SZ,20180629,4.71,4.95,4.67,4.84,4.66,0.17999999999999972,3.8627,477304.02,230788.64
002622.SZ,20180628,4.87,4.94,4.66,4.66,4.82,-0.16000000000000014,-3.3195,483836.96,233003.482
002622.SZ,20180627,4.99,5.06,4.82,4.82,5.08,-0.2599999999999998,-5.1181,627912.74,310308.033
002622.SZ,20180626,4.47,5.08,4.42,5.08,4.62,0.45999999999999996,9.9567,785621.64,382958.306
002622.SZ,20180625,4.78,4.82,4.6,4.62,4.68,-0.05999999999999961,-1.2821,362156.28,170503.417
002622.SZ,20180622,4.44,4.76,4.37,4.68,4.58,0.09999999999999964,2.1834,471971.26,217675.68
002622.SZ,20180621,4.92,4.96,4.52,4.58,4.99,-0.41000000000000014,-8.2164,583929.18,280809.659
002622.SZ,20180620,4.88,5.07,4.84,4.99,4.96,0.03000000000000025,0.6048,476869.88,237569.807
002622.SZ,20180619,5.1,5.3,4.81,4.96,5.33,-0.3700000000000001,-6.9418,642380.5,327027.877
002622.SZ,20180615,5.25,5.35,4.92,5.33,5.28,0.04999999999999982,0.947,717255.4,367623.686
002622.SZ,20180614,5.38,5.53,5.25,5.28,5.48,-0.20000000000000018,-3.6496,609522.54,326831.386
002622.SZ,20180613,5.7,5.85,5.46,5.48,5.68,-0.1999999999999993,-3.5211,790306.58,447349.831
002622.SZ,20180612,5.81,5.87,5.56,5.68,5.87,-0.1900000000000004,-3.2368,965281.8,547770.373
002622.SZ,20180611,5.53,6.06,5.4,5.87,5.53,0.33999999999999986,6.1483,1683882.22,976876.864
002622.SZ,20180608,5.5,5.53,5.22,5.53,5.03,0.5,9.9404,1038287.92,562020.578
002622.SZ,20180607,5.06,5.08,4.71,5.03,5.03,0.0,0.0,955296.73,465477.309
002622.SZ,20180606,5.14,5.2,4.95,5.03,5.17,-0.13999999999999968,-2.7079,647404.73,328152.702
002622.SZ,20180605,5.12,5.2,5.05,5.17,5.14,0.03000000000000025,0.5837,503472.0,258824.657
002622.SZ,20180604,5.3,5.39,5.11,5.14,5.16,-0.020000000000000462,-0.3876,490479.6,256470.421
002622.SZ,20180601,5.17,5.41,5.08,5.16,5.32,-0.16000000000000014,-3.0075,630504.52,329696.242
002622.SZ,20180531,5.2,5.45,5.05,5.32,5.18,0.14000000000000057,2.7027,830036.65,435145.443
002622.SZ,20180530,5.61,5.65,5.18,5.18,5.75,-0.5700000000000003,-9.913,1085843.08,586126.036
002622.SZ,20180529,5.79,5.95,5.5,5.75,5.75,0.0,0.0,1010638.45,583491.369
002622.SZ,20180528,5.9,6.08,5.69,5.75,5.96,-0.20999999999999996,-3.5235,1035981.05,607614.419
002622.SZ,20180525,5.75,6.15,5.56,5.96,5.84,0.1200000000000001,2.0548,1611312.64,952056.183
002622.SZ,20180524,5.59,6.14,5.45,5.84,5.61,0.22999999999999954,4.0998,2030620.2,1185382.72
002622.SZ,20180523,5.6,5.87,5.38,5.61,5.98,-0.3700000000000001,-6.1873,2595553.5,1433341.952
002622.SZ,20180522,5.5,6.38,5.5,5.98,6.03,-0.04999999999999982,-0.8292,3122190.17,1771508.888
002622.SZ,20180521,6.03,6.03,6.03,6.03,6.7,-0.6699999999999999,-10.0,56931.0,34329.393
002622.SZ,20180518,6.7,6.7,6.7,6.7,7.44,-0.7400000000000002,-9.9462,28479.0,19080.93
002622.SZ,20180517,8.18,8.31,7.44,7.44,8.27,-0.8299999999999992,-10.0363,261641.0,205312.413
002622.SZ,20180516,8.0,8.65,7.93,8.27,8.63,-0.3600000000000012,-4.1715,826976.73,689148.542
002622.SZ,20180515,7.6,9.19,7.59,8.63,8.43,0.20000000000000107,2.3725,1896115.07,1556510.669
002622.SZ,20180507,8.43,8.43,8.43,8.43,9.37,-0.9399999999999995,-10.032,16275.0,13719.825
002622.SZ,20180504,9.37,9.37,9.37,9.37,10.41,-1.040000000000001,-9.9904,7912.0,7413.544
002622.SZ,20180503,10.41,10.41,10.41,10.41,11.57,-1.1600000000000001,-10.0259,14775.0,15380.775
002622.SZ,20180502,11.57,11.57,11.57,11.57,12.85,-1.2799999999999994,-9.9611,7732.0,8945.924
002622.SZ,20180201,14.31,14.35,12.85,12.85,14.28,-1.4299999999999997,-10.014,248053.0,346489.221
002622.SZ,20180131,14.38,15.0,13.88,14.28,14.38,-0.10000000000000142,-0.6954,256033.28,363143.616
002622.SZ,20180130,14.29,14.57,14.06,14.38,14.57,-0.1899999999999995,-1.304,138941.68,197851.331
002622.SZ,20180129,14.9,14.96,14.54,14.57,15.0,-0.4299999999999997,-2.8667,87378.0,128444.649
002622.SZ,20180126,14.86,15.17,14.71,15.0,14.95,0.05000000000000071,0.3344,159505.28,238024.764
002622.SZ,20180125,14.65,15.39,14.53,14.95,14.71,0.23999999999999844,1.6315,161995.76,241358.125
002622.SZ,20180124,14.57,15.2,13.7,14.71,14.06,0.6500000000000004,4.623,342290.77,486259.183
002622.SZ,20171225,13.83,14.1,13.73,14.06,13.9,0.16000000000000014,1.1511,274215.47,381088.745
002622.SZ,20171222,13.86,13.96,13.64,13.9,13.78,0.120000000000001,0.8708,297218.1,410162.762
002622.SZ,20171221,14.0,14.12,13.2,13.78,14.01,-0.23000000000000043,-1.6417,558700.42,764654.652
002622.SZ,20171220,12.65,15.46,12.65,14.01,14.05,-0.040000000000000924,-0.2847,1604937.7,2160801.379
002622.SZ,20171205,15.65,15.85,14.05,14.05,15.61,-1.5599999999999987,-9.9936,96354.0,145065.887
002622.SZ,20171204,15.6,15.8,15.03,15.61,15.66,-0.05000000000000071,-0.3193,108340.0,167456.876
002622.SZ,20171201,15.68,15.76,15.55,15.66,15.76,-0.09999999999999964,-0.6345,56578.0,88611.36
002622.SZ,20171130,15.75,15.76,15.55,15.76,15.84,-0.08000000000000007,-0.5051,76843.32,120190.073
002622.SZ,20171129,15.95,15.97,15.72,15.84,15.91,-0.07000000000000028,-0.44,94569.78,149690.557
002622.SZ,20171128,15.91,15.98,15.0,15.91,15.88,0.02999999999999936,0.1889,130760.72,206505.676
002622.SZ,20171127,15.71,15.94,15.51,15.88,15.68,0.20000000000000107,1.2755,111569.27,174796.876
002622.SZ,20171124,15.6,15.68,15.05,15.68,15.58,0.09999999999999964,0.6418,146490.99,223481.599
002622.SZ,20171123,15.8,15.88,15.3,15.58,15.78,-0.1999999999999993,-1.2674,150066.0,235338.058
002622.SZ,20171122,15.71,15.85,15.55,15.78,15.66,0.11999999999999922,0.7663,152257.82,239866.907
002622.SZ,20171121,15.51,15.68,15.48,15.66,15.48,0.17999999999999972,1.1628,140774.3,219085.841
002622.SZ,20171120,15.33,15.59,15.2,15.48,15.28,0.20000000000000107,1.3089,193322.34,296920.397
002622.SZ,20171117,15.09,15.32,14.88,15.28,15.01,0.2699999999999996,1.7988,247179.33,375111.827
002622.SZ,20171116,14.82,15.01,14.71,15.01,14.78,0.23000000000000043,1.5562,132077.93,196491.341
002622.SZ,20171115,14.91,14.99,14.65,14.78,14.88,-0.10000000000000142,-0.672,92190.81,136766.388
002622.SZ,20171114,14.86,14.96,14.7,14.88,14.8,0.08000000000000007,0.5405,105924.71,157351.214
002622.SZ,20171113,14.6,14.91,14.6,14.8,14.5,0.3000000000000007,2.069,142782.73,210416.298
002622.SZ,20171110,14.59,14.63,14.5,14.5,14.65,-0.15000000000000036,-1.0239,99243.19,144683.14
002622.SZ,20171109,14.7,14.72,14.58,14.65,14.84,-0.1899999999999995,-1.2803,111469.69,163298.982
002622.SZ,20171108,14.76,14.86,14.7,14.84,14.86,-0.019999999999999574,-0.1346,95099.77,140506.876
002622.SZ,20171107,14.65,14.88,14.64,14.86,14.76,0.09999999999999964,0.6775,114989.71,169658.099
002622.SZ,20171106,14.75,14.83,14.65,14.76,14.88,-0.120000000000001,-0.8065,101219.38,149078.129
002622.SZ,20171103,14.78,14.88,14.5,14.88,14.86,0.02000000000000135,0.1346,112943.04,165651.541
002622.SZ,20171102,15.05,15.16,14.78,14.86,14.95,-0.08999999999999986,-0.602,137138.6,205222.626
002622.SZ,20171101,15.02,15.03,14.77,14.95,14.96,-0.010000000000001563,-0.0668,165750.0,247342.713
002622.SZ,20171031,14.9,15.09,14.83,14.96,14.98,-0.019999999999999574,-0.1335,206009.4,307943.682
002622.SZ,20171030,14.9,15.0,14.54,14.98,14.88,0.09999999999999964,0.672,222383.25,328028.996
002622.SZ,20171027,14.73,14.89,14.51,14.88,14.79,0.09000000000000163,0.6085,153860.64,226713.2
002622.SZ,20171026,14.68,14.8,14.48,14.79,14.78,0.009999999999999787,0.0677,225733.56,330011.454
002622.SZ,20171025,14.78,14.84,14.69,14.78,14.89,-0.11000000000000121,-0.7388,158429.66,233750.499
002622.SZ,20171024,14.9,14.98,14.8,14.89,14.88,0.009999999999999787,0.0672,184475.82,274169.1
002622.SZ,20171023,14.69,14.92,14.66,14.88,14.66,0.22000000000000064,1.5007,339847.74,503187.34
002622.SZ,20171020,14.36,14.68,14.27,14.66,14.26,0.40000000000000036,2.805,177271.41,256713.389
002622.SZ,20171019,14.38,14.5,14.22,14.26,14.41,-0.15000000000000036,-1.0409,156022.86,223420.659
002622.SZ,20171018,14.61,14.74,14.18,14.41,14.56,-0.15000000000000036,-1.0302,249691.62,360713.522
002622.SZ,20171017,14.78,14.97,14.5,14.56,14.75,-0.1899999999999995,-1.2881,158534.5,232181.103
002622.SZ,20171016,15.0,15.19,14.65,14.75,14.98,-0.23000000000000043,-1.5354,217643.4,325245.827
002622.SZ,20171013,14.9,15.0,14.88,14.98,14.88,0.09999999999999964,0.672,246940.19,368379.617
002622.SZ,20171012,14.8,14.97,14.77,14.88,14.78,0.10000000000000142,0.6766,207282.38,307857.961
002622.SZ,20171011,14.74,14.8,14.63,14.78,14.66,0.11999999999999922,0.8186,215502.86,317043.36
002622.SZ,20171010,14.85,14.89,14.48,14.66,14.77,-0.10999999999999943,-0.7448,296462.37,433531.807
002622.SZ,20171009,15.13,15.18,14.66,14.77,15.12,-0.34999999999999964,-2.3148,400866.47,597290.872
002622.SZ,20170929,15.18,15.18,14.2,15.12,13.8,1.3199999999999985,9.5652,893349.81,1331459.828
002622.SZ,20170928,13.82,13.95,13.69,13.8,13.7,0.10000000000000142,0.7299,323597.03,445991.191
002622.SZ,20170927,13.68,14.06,13.58,13.7,13.53,0.16999999999999993,1.2565,570530.31,787287.833
002622.SZ,20170926,12.38,13.53,11.8,13.53,12.3,1.2299999999999986,10.0,930403.57,1176407.653
002622.SZ,20170419,12.75,13.0,11.48,12.3,12.75,-0.4499999999999993,-3.5294,512777.8,605311.69
002622.SZ,20170418,12.82,12.87,12.63,12.75,12.83,-0.08000000000000007,-0.6235,108126.09,137681.722
002622.SZ,20170417,12.92,13.12,12.68,12.83,12.92,-0.08999999999999986,-0.6966,80924.59,103815.018
002622.SZ,20170414,12.95,13.0,12.81,12.92,12.92,0.0,0.0,68395.63,88088.842
002622.SZ,20170413,12.9,13.0,12.82,12.92,12.95,-0.02999999999999936,-0.2317,78653.73,101693.324
002622.SZ,20170412,12.99,12.99,12.85,12.95,13.0,-0.05000000000000071,-0.3846,58492.6,75578.998
002622.SZ,20170411,12.96,13.08,12.65,13.0,12.99,0.009999999999999787,0.077,172953.36,222987.315
002622.SZ,20170410,13.06,13.16,12.79,12.99,13.0,-0.009999999999999787,-0.0769,121618.37,157680.366
002622.SZ,20170407,12.97,13.19,12.85,13.0,12.92,0.08000000000000007,0.6192,140467.04,182683.371
002622.SZ,20170406,12.9,13.0,12.86,12.92,12.9,0.019999999999999574,0.155,74659.93,96472.677
002622.SZ,20170405,12.81,12.97,12.8,12.9,12.78,0.120000000000001,0.939,92784.66,119662.549
002622.SZ,20170331,12.77,13.0,12.7,12.78,12.77,0.009999999999999787,0.0783,55871.52,71485.698
002622.SZ,20170330,12.81,12.82,12.58,12.77,12.82,-0.05000000000000071,-0.39,92167.72,116955.338
002622.SZ,20170329,12.84,12.94,12.66,12.82,12.85,-0.02999999999999936,-0.2335,122381.82,156182.517
002622.SZ,20170328,12.99,12.99,12.85,12.85,12.92,-0.07000000000000028,-0.5418,79497.0,102552.433
002622.SZ,20170327,13.04,13.08,12.83,12.92,13.03,-0.10999999999999943,-0.8442,87134.22,112518.258
002622.SZ,20170324,13.05,13.16,12.96,13.03,13.06,-0.030000000000001137,-0.2297,111113.0,145085.463
002622.SZ,20170323,13.05,13.18,12.94,13.06,13.07,-0.009999999999999787,-0.0765,151278.78,197287.967
002622.SZ,20170322,13.09,13.13,12.88,13.07,13.11,-0.03999999999999915,-0.3051,140090.66,181887.923
002622.SZ,20170321,13.3,13.43,12.97,13.11,13.28,-0.16999999999999993,-1.2801,185578.0,243204.571
002622.SZ,20170320,13.7,13.7,13.25,13.28,13.67,-0.39000000000000057,-2.853,180465.07,242427.627
002622.SZ,20170317,13.87,13.87,13.58,13.67,13.7,-0.02999999999999936,-0.219,187950.32,257574.492
002622.SZ,20170316,13.5,13.87,13.36,13.7,13.5,0.1999999999999993,1.4815,320252.1,439550.454
002622.SZ,20170315,12.7,13.5,12.7,13.5,12.8,0.6999999999999993,5.4687,283216.36,373919.83
002622.SZ,20170314,12.97,13.0,12.6,12.8,12.83,-0.02999999999999936,-0.2338,132288.5,169446.923
002622.SZ,20170313,13.13,13.13,12.81,12.83,13.09,-0.2599999999999998,-1.9862,110361.26,142714.318
002622.SZ,20170310,13.21,13.32,13.06,13.09,13.29,-0.1999999999999993,-1.5049,70186.62,92320.745
002622.SZ,20170309,13.24,13.4,12.98,13.29,13.2,0.08999999999999986,0.6818,125346.77,164244.12
002622.SZ,20170308,13.39,13.42,13.2,13.2,13.38,-0.1800000000000015,-1.3453,153392.7,203928.231
002622.SZ,20170307,13.43,13.45,13.28,13.38,13.36,0.02000000000000135,0.1497,102967.24,137640.748
002622.SZ,20170306,13.19,13.44,13.05,13.36,13.2,0.16000000000000014,1.2121,162125.87,214595.24
002622.SZ,20170303,13.2,13.26,12.9,13.2,13.2,0.0,0.0,159554.76,208093.828
002622.SZ,20170302,13.53,13.63,13.19,13.2,13.51,-0.3100000000000005,-2.2946,126464.97,168977.029
002622.SZ,20170301,13.49,13.61,13.11,13.51,13.5,0.009999999999999787,0.0741,200233.24,269438.674
002622.SZ,20170228,13.48,13.61,13.15,13.5,13.56,-0.0600000000000005,-0.4425,177102.73,237054.033
002622.SZ,20170227,13.9,13.9,13.29,13.56,13.83,-0.2699999999999996,-1.9523,137214.0,186871.271
002622.SZ,20170224,13.6,13.84,13.48,13.83,13.64,0.1899999999999995,1.393,145001.63,197950.661
002622.SZ,20170223,13.74,13.75,13.54,13.64,13.71,-0.07000000000000028,-0.5106,98768.88,134561.739
002622.SZ,20170222,13.8,13.84,13.63,13.71,13.8,-0.08999999999999986,-0.6522,100455.2,137713.904
002622.SZ,20170221,13.94,14.21,13.78,13.8,13.89,-0.08999999999999986,-0.6479,181483.67,253017.363
002622.SZ,20170220,14.0,14.08,13.7,13.89,13.93,-0.03999999999999915,-0.2872,108974.67,151346.334
002622.SZ,20170217,13.9,13.95,13.55,13.93,13.86,0.07000000000000028,0.5051,144200.67,198987.462
002622.SZ,20170216,13.86,13.97,13.73,13.86,13.86,0.0,0.0,126427.46,175413.337
002622.SZ,20170215,14.0,14.19,13.74,13.86,14.0,-0.14000000000000057,-1.0,150419.6,210142.536
002622.SZ,20170214,13.95,14.14,13.82,14.0,13.93,0.07000000000000028,0.5025,131554.8,183829.387
002622.SZ,20170213,13.71,14.06,13.71,13.93,13.8,0.129999999999999,0.942,143681.82,199801.802
002622.SZ,20170210,13.58,14.1,13.49,13.8,13.52,0.28000000000000114,2.071,361639.51,501849.778
002622.SZ,20170209,13.28,13.64,13.04,13.52,13.28,0.2400000000000002,1.8072,170745.0,227593.908
002622.SZ,20170208,13.53,13.68,13.1,13.28,13.52,-0.2400000000000002,-1.7751,146126.05,194558.16
002622.SZ,20170207,13.66,13.66,13.39,13.52,13.54,-0.019999999999999574,-0.1477,77215.0,104232.348
002622.SZ,20170206,13.75,13.75,13.36,13.54,13.5,0.03999999999999915,0.2963,79020.6,107003.732
002622.SZ,20170203,13.68,13.78,13.4,13.5,13.69,-0.1899999999999995,-1.3879,82727.6,112636.564
002622.SZ,20170126,13.1,13.7,12.98,13.69,13.13,0.5599999999999987,4.265,149712.8,198992.659
002622.SZ,20170125,12.77,13.23,12.16,13.13,12.77,0.3600000000000012,2.8191,270273.9,339774.345
002622.SZ,20170124,13.3,13.39,12.7,12.77,13.33,-0.5600000000000005,-4.2011,132814.7,172753.47
002622.SZ,20170123,13.38,13.53,13.22,13.33,13.38,-0.05000000000000071,-0.3737,93276.49,125038.01
002622.SZ,20170120,13.2,13.5,13.18,13.38,13.23,0.15000000000000036,1.1338,101245.97,135085.457
002622.SZ,20170119,13.5,13.5,13.14,13.23,13.33,-0.09999999999999964,-0.7502,91339.0,121839.681
002622.SZ,20170118,13.3,13.66,13.19,13.33,13.3,0.02999999999999936,0.2256,142458.12,191151.437
002622.SZ,20170117,12.93,13.56,12.2,13.3,13.15,0.15000000000000036,1.1407,310400.38,404575.146
002622.SZ,20170116,14.3,14.39,12.83,13.15,14.25,-1.0999999999999996,-7.7193,302820.07,410053.44
002622.SZ,20170113,14.61,14.77,14.23,14.25,14.53,-0.27999999999999936,-1.927,193998.15,280307.527
002622.SZ,20170112,14.91,15.05,14.5,14.53,14.91,-0.3800000000000008,-2.5486,204216.09,302545.755
002622.SZ,20170111,15.11,15.32,14.85,14.91,15.1,-0.1899999999999995,-1.2583,183791.7,276071.546
002622.SZ,20170110,15.0,15.45,14.84,15.1,14.96,0.1399999999999988,0.9358,260603.48,394467.644
002622.SZ,20170109,14.62,15.15,14.62,14.96,14.78,0.1800000000000015,1.2179,266400.16,397665.829
002622.SZ,20170106,14.2,14.97,14.06,14.78,14.2,0.5800000000000001,4.0845,332311.2,484061.13
002622.SZ,20170105,14.11,14.28,13.9,14.2,14.04,0.16000000000000014,1.1396,317178.87,446315.983
002622.SZ,20170104,14.13,14.35,13.86,14.04,13.97,0.06999999999999851,0.5011,224255.13,315746.758
002622.SZ,20170103,14.57,14.57,13.81,13.97,14.58,-0.6099999999999994,-4.1838,316198.24,446336.104
002622.SZ,20161230,14.5,15.18,13.71,14.58,15.07,-0.4900000000000002,-3.2515,506525.02,737535.969
002622.SZ,20161216,13.98,15.46,13.98,15.07,14.06,1.0099999999999998,7.1835,482913.55,714051.949
002622.SZ,20161215,13.8,14.19,13.7,14.06,13.83,0.23000000000000043,1.6631,283301.6,396996.453
002622.SZ,20161214,13.76,14.18,13.66,13.83,13.78,0.05000000000000071,0.3628,268830.69,373718.592
002622.SZ,20161213,13.39,13.83,13.01,13.78,13.56,0.21999999999999886,1.6224,253130.37,342513.977
002622.SZ,20161212,14.11,14.27,13.56,13.56,14.09,-0.5299999999999994,-3.7615,306526.0,423889.001
002622.SZ,20161209,14.15,14.3,13.86,14.09,14.16,-0.07000000000000028,-0.4944,313211.64,439531.925
002622.SZ,20161208,13.95,14.25,13.52,14.16,13.9,0.2599999999999998,1.8705,679728.57,946520.566
002622.SZ,20161207,13.73,13.94,13.38,13.9,13.73,0.16999999999999993,1.2382,352127.31,480689.982
002622.SZ,20161206,13.38,13.87,13.38,13.73,13.39,0.33999999999999986,2.5392,318572.83,434047.762
002622.SZ,20161205,13.5,13.6,13.3,13.39,13.58,-0.1899999999999995,-1.3991,215779.71,289374.255
002622.SZ,20161202,13.89,13.89,13.54,13.58,13.81,-0.23000000000000043,-1.6655,282713.0,388245.28
002622.SZ,20161201,13.8,14.08,13.73,13.81,13.81,0.0,0.0,409880.15,569667.042
002622.SZ,20161130,13.67,13.91,13.56,13.81,13.67,0.14000000000000057,1.0241,368737.05,507777.972
002622.SZ,20161129,13.85,13.95,13.5,13.67,13.77,-0.09999999999999964,-0.7262,365143.95,501740.076
002622.SZ,20161128,13.25,13.87,13.25,13.77,13.3,0.46999999999999886,3.5338,418326.67,570607.585
002622.SZ,20161125,12.8,13.38,12.8,13.3,12.76,0.5400000000000009,4.232,343320.9,452474.171
002622.SZ,20161124,12.63,12.95,12.41,12.76,12.59,0.16999999999999993,1.3503,297235.6,377798.446
002622.SZ,20161123,12.8,12.94,12.51,12.59,12.74,-0.15000000000000036,-1.1774,228093.45,288168.343
002622.SZ,20161122,12.81,13.21,12.68,12.74,13.0,-0.2599999999999998,-2.0,372145.1,479125.126
002622.SZ,20161121,13.68,13.68,13.0,13.0,13.58,-0.5800000000000001,-4.271,281531.22,376689.132
002622.SZ,20161118,13.25,13.76,13.25,13.58,13.4,0.17999999999999972,1.3433,328323.64,445033.648
002622.SZ,20161117,13.25,13.5,13.11,13.4,13.26,0.14000000000000057,1.0558,313427.96,416550.544
002622.SZ,20161116,13.25,13.35,13.04,13.26,13.27,-0.009999999999999787,-0.0754,212584.47,280265.901
002622.SZ,20161115,13.28,13.49,13.08,13.27,13.28,-0.009999999999999787,-0.0753,181673.14,240408.362
002622.SZ,20161114,13.58,13.59,13.2,13.28,13.58,-0.3000000000000007,-2.2091,192957.03,257626.531
002622.SZ,20161111,13.66,13.85,13.51,13.58,13.62,-0.03999999999999915,-0.2937,209517.45,286475.95
002622.SZ,20161110,13.42,13.83,13.42,13.62,13.34,0.27999999999999936,2.099,280260.41,381466.172
002622.SZ,20161109,13.49,13.6,13.05,13.34,13.48,-0.14000000000000057,-1.0386,288697.06,386898.321
002622.SZ,20161108,13.59,13.75,13.26,13.48,13.55,-0.07000000000000028,-0.5166,275820.93,371813.047
002622.SZ,20161107,13.25,13.67,13.12,13.55,13.18,0.370000000000001,2.8073,395297.29,532192.713
002622.SZ,20161104,12.79,13.2,12.43,13.18,12.7,0.4800000000000004,3.7795,402370.95,519844.919
002622.SZ,20161103,12.82,12.92,12.5,12.7,12.82,-0.120000000000001,-0.936,141849.52,180517.396
002622.SZ,20161102,12.97,13.0,12.8,12.82,13.03,-0.20999999999999908,-1.6117,145729.93,187709.103
002622.SZ,20161101,13.14,13.31,12.7,13.03,13.13,-0.10000000000000142,-0.7616,309814.78,402769.147
002622.SZ,20161031,12.84,13.3,12.76,13.13,12.85,0.28000000000000114,2.179,304967.88,399907.245
002622.SZ,20161028,12.49,12.93,12.43,12.85,12.45,0.40000000000000036,3.2129,285283.95,362735.92
002622.SZ,20161027,12.48,12.53,12.31,12.45,12.43,0.019999999999999574,0.1609,149693.04,185832.6607
002622.SZ,20161026,12.55,12.6,12.31,12.43,12.48,-0.05000000000000071,-0.4006,108415.99,134855.957
002622.SZ,20161025,12.38,12.54,12.26,12.48,12.38,0.09999999999999964,0.8078,139067.53,172483.7309
002622.SZ,20161024,12.55,12.6,12.21,12.38,12.5,-0.11999999999999922,-0.96,206705.27,255278.9537
002622.SZ,20161021,12.65,13.03,12.41,12.5,12.74,-0.2400000000000002,-1.8838,327693.28,414966.5706
002622.SZ,20161020,12.44,12.76,12.31,12.74,12.36,0.3800000000000008,3.0744,351167.17,441270.893
002622.SZ,20161019,12.5,12.7,12.21,12.36,12.4,-0.040000000000000924,-0.3226,223252.77,276711.6564
002622.SZ,20161018,12.39,12.57,12.3,12.4,12.4,0.0,0.0,240503.03,298853.2769
002622.SZ,20161017,12.78,12.78,12.12,12.4,12.54,-0.1399999999999988,-1.1164,415345.38,516336.1586
002622.SZ,20161014,12.44,13.03,12.31,12.54,12.44,0.09999999999999964,0.8039,475246.0,601452.5631
002622.SZ,20161013,11.9,12.7,11.9,12.44,11.9,0.5399999999999991,4.5378,582703.29,722146.3515
002622.SZ,20161012,11.53,12.0,11.31,11.9,11.54,0.3600000000000012,3.1196,362402.14,428931.6319
002622.SZ,20161011,11.3,11.59,11.1,11.54,11.2,0.33999999999999986,3.0357,262828.42,299038.1437
002622.SZ,20161010,10.72,11.32,10.72,11.2,10.7,0.5,4.6729,222542.35,246153.6161
002622.SZ,20160930,10.85,10.97,10.61,10.7,10.89,-0.19000000000000128,-1.7447,177331.01,191092.7331
002622.SZ,20160929,10.81,11.04,10.76,10.89,10.84,0.05000000000000071,0.4613,159056.48,173695.9374
002622.SZ,20160928,10.89,11.02,10.83,10.84,11.02,-0.17999999999999972,-1.6334,119905.52,130781.6368
002622.SZ,20160927,10.96,11.16,10.75,11.02,11.02,0.0,0.0,153965.68,169114.9682
002622.SZ,20160926,10.69,11.25,10.6,11.02,10.62,0.40000000000000036,3.7665,332494.47,366307.7015
002622.SZ,20160923,10.46,10.68,10.25,10.62,10.45,0.16999999999999993,1.6268,162788.67,170533.7534
002622.SZ,20160922,10.53,10.6,10.4,10.45,10.51,-0.0600000000000005,-0.5709,108729.13,114026.6012
002622.SZ,20160921,10.6,10.61,10.5,10.51,10.56,-0.05000000000000071,-0.4735,60562.9,63866.6151
002622.SZ,20160920,10.68,10.68,10.5,10.56,10.71,-0.15000000000000036,-1.4006,101858.85,107663.4904
002622.SZ,20160919,10.61,10.87,10.61,10.71,10.69,0.02000000000000135,0.1871,134150.0,144054.0566
002622.SZ,20160914,10.9,10.92,10.63,10.69,10.69,0.0,0.0,108137.01,116254.3262
002622.SZ,20160913,10.58,10.7,10.51,10.69,10.5,0.1899999999999995,1.8095,114319.8,121574.657
002622.SZ,20160912,10.27,10.64,10.25,10.5,10.6,-0.09999999999999964,-0.9434,108439.94,113741.867
002622.SZ,20160909,10.66,10.69,10.55,10.6,10.65,-0.05000000000000071,-0.4695,84900.63,90033.284
002622.SZ,20160908,10.68,10.68,10.55,10.65,10.65,0.0,0.0,114959.19,122009.9665
002622.SZ,20160907,10.64,10.76,10.56,10.65,10.62,0.030000000000001137,0.2825,168942.57,180480.9127
002622.SZ,20160906,10.71,10.71,10.48,10.62,10.6,0.019999999999999574,0.1887,223025.76,235676.2884
002622.SZ,20160905,10.74,10.86,10.58,10.6,10.76,-0.16000000000000014,-1.487,231961.71,248129.2248
002622.SZ,20160902,11.06,11.06,10.76,10.76,11.08,-0.3200000000000003,-2.8881,135354.34,146843.2179
002622.SZ,20160901,11.22,11.22,10.86,11.08,11.22,-0.14000000000000057,-1.2478,169902.86,187199.0403
002622.SZ,20160831,11.14,11.32,11.0,11.22,11.31,-0.08999999999999986,-0.7958,135741.77,151441.5124
002622.SZ,20160830,11.49,11.58,11.2,11.31,11.54,-0.22999999999999865,-1.9931,126629.65,143875.2291
002622.SZ,20160829,11.19,11.88,11.01,11.54,11.32,0.21999999999999886,1.9435,221239.72,252713.8015
002622.SZ,20160826,11.36,11.47,11.21,11.32,11.3,0.019999999999999574,0.177,104000.01,117954.1769
002622.SZ,20160825,11.7,11.7,11.3,11.3,11.77,-0.46999999999999886,-3.9932,143166.17,163729.4162
002622.SZ,20160824,11.95,12.04,11.75,11.77,11.92,-0.15000000000000036,-1.2584,113021.64,134015.2332
002622.SZ,20160823,11.7,11.99,11.7,11.92,11.75,0.16999999999999993,1.4468,150171.05,178705.5045
002622.SZ,20160822,11.78,12.1,11.74,11.75,11.75,0.0,0.0,115953.13,137429.1181
002622.SZ,20160819,11.8,11.93,11.65,11.75,11.9,-0.15000000000000036,-1.2605,167977.23,197384.0633
002622.SZ,20160818,12.0,12.16,11.7,11.9,12.02,-0.11999999999999922,-0.9983,236408.22,280805.8027
002622.SZ,20160817,12.24,12.27,12.0,12.02,12.27,-0.25,-2.0375,169522.2,204633.2082
002622.SZ,20160816,12.3,12.43,12.15,12.27,12.43,-0.16000000000000014,-1.2872,219881.97,269269.152
002622.SZ,20160815,12.28,12.51,11.8,12.43,12.0,0.4299999999999997,3.5833,415738.83,508380.6867
002622.SZ,20160812,11.56,12.03,11.56,12.0,11.64,0.35999999999999943,3.0928,371219.4,442384.7953
002622.SZ,20160811,11.6,11.78,11.42,11.64,11.67,-0.02999999999999936,-0.2571,134643.36,155953.4749
002622.SZ,20160810,11.69,11.73,11.31,11.67,11.73,-0.0600000000000005,-0.5115,219922.45,253670.4009
002622.SZ,20160809,11.85,11.92,11.53,11.73,11.87,-0.1399999999999988,-1.1794,254705.92,297663.7973
002622.SZ,20160808,11.99,12.44,11.52,11.87,11.31,0.5599999999999987,4.9514,381505.86,453439.1698
002622.SZ,20160805,11.3,11.45,11.16,11.31,11.17,0.14000000000000057,1.2534,269046.46,304379.0196
002622.SZ,20160804,10.63,11.28,10.6,11.17,10.69,0.4800000000000004,4.4902,336879.04,371546.6982
002622.SZ,20160803,10.39,10.76,10.34,10.69,10.39,0.29999999999999893,2.8874,248356.64,262855.5468
002622.SZ,20160802,10.35,10.47,10.28,10.39,10.35,0.040000000000000924,0.3865,113290.82,117457.2704
002622.SZ,20160801,10.23,10.51,10.07,10.35,10.26,0.08999999999999986,0.8772,218498.43,225822.4777
002622.SZ,20160729,10.28,10.32,10.04,10.26,10.3,-0.040000000000000924,-0.3883,161564.61,164541.5791
002622.SZ,20160728,10.54,10.62,10.07,10.3,10.53,-0.22999999999999865,-2.1842,312659.34,323153.5911
002622.SZ,20160727,10.9,11.13,10.43,10.53,11.35,-0.8200000000000003,-7.2247,475696.37,515229.8698
002622.SZ,20160726,11.21,11.84,10.29,11.35,11.18,0.16999999999999993,1.5206,967190.4,1045794.4054
002622.SZ,20160725,11.8,11.87,11.08,11.18,11.8,-0.620000000000001,-5.2542,297272.49,340274.64
002622.SZ,20160722,12.0,12.09,11.77,11.8,12.05,-0.25,-2.0747,150420.19,178960.7707
002622.SZ,20160721,12.1,12.26,12.03,12.05,12.06,-0.009999999999999787,-0.0829,132649.49,160581.5403
002622.SZ,20160720,12.28,12.3,12.01,12.06,12.2,-0.1399999999999988,-1.1475,155071.07,188184.7209
002622.SZ,20160719,12.49,12.69,12.07,12.2,12.49,-0.2900000000000009,-2.3219,199429.68,244963.3478
002622.SZ,20160718,12.4,12.78,12.31,12.49,12.49,0.0,0.0,179912.08,225632.5286
002622.SZ,20160715,11.99,12.68,11.91,12.49,12.08,0.41000000000000014,3.394,469538.53,577251.7829
002622.SZ,20160714,12.38,12.69,11.69,12.08,12.58,-0.5,-3.9746,604931.97,734543.5474
002622.SZ,20160713,13.98,14.34,12.49,12.58,13.88,-1.3000000000000007,-9.366,834302.09,1115685.9621
002622.SZ,20160712,13.91,13.99,13.66,13.88,13.89,-0.009999999999999787,-0.072,216120.13,299358.0921
002622.SZ,20160711,13.99,14.15,13.78,13.89,13.96,-0.07000000000000028,-0.5014,284268.59,395959.2523
002622.SZ,20160708,14.1,14.15,13.68,13.96,14.04,-0.0799999999999983,-0.5698,300761.58,417188.5127
002622.SZ,20160707,14.3,14.32,13.78,14.04,14.26,-0.22000000000000064,-1.5428,379572.79,530625.2604
002622.SZ,20160706,13.89,14.38,13.63,14.26,13.89,0.3699999999999992,2.6638,431042.83,607554.4377
002622.SZ,20160705,13.8,13.99,13.4,13.89,13.57,0.3200000000000003,2.3581,408353.87,558033.6307
002622.SZ,20160704,12.59,13.6,12.59,13.57,12.64,0.9299999999999997,7.3576,404411.07,535184.3964
002622.SZ,20160701,12.45,12.69,12.27,12.64,12.3,0.33999999999999986,2.7642,245875.2,307963.0257
002622.SZ,20160630,12.4,12.5,12.16,12.3,12.24,0.0600000000000005,0.4902,281186.05,346165.6351
002622.SZ,20160629,12.22,12.54,12.12,12.24,12.08,0.16000000000000014,1.3245,218675.14,269444.7805
002622.SZ,20160628,11.81,12.26,11.74,12.08,11.81,0.2699999999999996,2.2862,231341.6,278195.2661
002622.SZ,20160627,11.59,11.97,11.5,11.81,11.79,0.02000000000000135,0.1696,239143.45,282465.0098
002622.SZ,20160624,11.58,12.23,11.54,11.79,12.76,-0.9700000000000006,-7.6019,448095.15,533559.2652
002622.SZ,20160623,12.85,13.0,12.67,12.76,12.78,-0.019999999999999574,-0.1565,221197.36,283631.3831
002622.SZ,20160622,12.5,12.81,12.39,12.78,12.54,0.2400000000000002,1.9139,189018.46,239155.8944
002622.SZ,20160621,12.58,12.99,12.23,12.54,12.46,0.0799999999999983,0.6421,295798.98,374924.7232
002622.SZ,20160620,11.65,12.66,11.49,12.46,11.64,0.8200000000000003,7.0447,345620.3,419124.1017
002622.SZ,20160617,11.54,11.7,11.45,11.64,11.54,0.10000000000000142,0.8666,188810.4,218077.1123
002622.SZ,20160616,11.46,11.82,11.39,11.54,11.57,-0.030000000000001137,-0.2593,157507.04,181544.2591
002622.SZ,20160615,11.05,11.69,11.05,11.57,11.4,0.16999999999999993,1.4912,193572.22,221678.633
002622.SZ,20160614,11.46,11.55,10.9,11.4,11.47,-0.07000000000000028,-0.6103,231753.39,259407.4354
002622.SZ,20160613,11.5,12.0,11.25,11.47,11.69,-0.21999999999999886,-1.882,285458.97,332636.9387
002622.SZ,20160608,11.15,11.85,10.88,11.69,11.13,0.5599999999999987,5.0314,210997.94,237568.7767
002622.SZ,20160607,11.2,11.25,11.05,11.13,11.19,-0.05999999999999872,-0.5362,96157.03,107030.3589
002622.SZ,20160606,10.99,11.25,10.95,11.19,11.06,0.129999999999999,1.1754,223556.22,248412.3242
002622.SZ,20160603,10.71,11.27,10.66,11.06,10.89,0.16999999999999993,1.5611,248048.86,272439.6376
002622.SZ,20160602,10.9,11.07,10.53,10.89,10.95,-0.05999999999999872,-0.5479,205071.25,221588.4906
002622.SZ,20160601,10.9,11.05,10.75,10.95,10.89,0.05999999999999872,0.551,150356.99,164071.4059
002622.SZ,20160531,10.5,10.94,10.45,10.89,10.52,0.370000000000001,3.5171,160914.68,172950.6252
002622.SZ,20160530,10.51,10.64,10.28,10.52,10.58,-0.0600000000000005,-0.5671,77709.83,81622.9434
002622.SZ,20160527,10.5,10.66,10.45,10.58,10.55,0.02999999999999936,0.2844,61086.78,64601.4377
002622.SZ,20160526,10.4,10.79,10.21,10.55,10.6,-0.049999999999998934,-0.4717,147908.92,155404.617
002622.SZ,20160525,10.9,10.99,10.0,10.6,10.87,-0.2699999999999996,-2.4839,137116.2,146657.356
002622.SZ,20160524,10.73,11.12,10.58,10.87,10.73,0.1399999999999988,1.3048,143644.07,155718.5089
002622.SZ,20160523,10.57,10.78,10.4,10.73,10.52,0.21000000000000085,1.9962,109404.48,115920.0986
002622.SZ,20160520,10.5,10.6,10.23,10.52,10.49,0.02999999999999936,0.286,92566.42,96292.2735
002622.SZ,20160519,10.27,10.71,9.99,10.49,10.39,0.09999999999999964,0.9625,161033.32,168531.199
002622.SZ,20160518,10.5,10.66,9.55,10.39,10.59,-0.1999999999999993,-1.8886,72721.81,148373.4115
002622.SZ,20160517,10.74,10.74,10.45,10.59,10.65,-0.0600000000000005,-0.5634,46700.95,98754.6222
002622.SZ,20160516,10.605,10.74,10.4,10.65,10.645,0.005000000000000782,0.047,58068.08,123084.6894
002622.SZ,20160513,10.455,10.78,10.4,10.645,10.72,-0.07500000000000107,-0.6996,57954.05,123053.4709
002622.SZ,20160512,10.555,10.73,9.655,10.72,10.73,-0.009999999999999787,-0.0932,101674.0,206743.4527
002622.SZ,20160511,11.0,11.0,10.605,10.73,11.04,-0.3099999999999987,-2.808,70662.32,152036.711
002622.SZ,20160510,10.76,11.04,10.05,11.04,10.975,0.0649999999999995,0.5923,104394.81,221237.4688
002622.SZ,20160509,12.095,12.095,10.975,10.975,12.195,-1.2200000000000006,-10.0041,129880.31,292178.466
002622.SZ,20160506,12.98,13.095,12.0,12.195,12.99,-0.7949999999999999,-6.1201,111648.38,281872.3633
002622.SZ,20160505,12.85,12.99,12.725,12.99,12.825,0.16500000000000092,1.2865,74603.22,192230.8863
002622.SZ,20160504,12.79,12.875,12.675,12.825,12.79,0.03500000000000014,0.2737,73271.48,187147.4884
002622.SZ,20160503,12.6,12.8,12.375,12.79,12.6,0.1899999999999995,1.5079,92111.41,233447.9309
002622.SZ,20160429,12.725,12.725,12.5,12.6,12.695,-0.09500000000000064,-0.7483,56824.66,143564.4188
002622.SZ,20160428,12.495,12.8,12.25,12.695,12.475,0.22000000000000064,1.7635,109168.95,275151.2069
002622.SZ,20160427,12.05,12.8,12.005,12.475,11.94,0.5350000000000001,4.4807,135276.15,336621.0449
002622.SZ,20160426,11.57,11.99,11.57,11.94,11.75,0.1899999999999995,1.617,72180.51,171508.9872
002622.SZ,20160425,11.7,11.785,11.425,11.75,11.745,0.005000000000000782,0.0426,124019.92,286923.1247
002622.SZ,20160422,11.515,11.75,11.45,11.745,11.655,0.08999999999999986,0.7722,64043.78,148730.1839
002622.SZ,20160421,11.73,11.74,11.45,11.655,11.705,-0.05000000000000071,-0.4272,94039.71,217804.6183
002622.SZ,20160420,12.51,12.695,11.315,11.705,12.515,-0.8100000000000005,-6.4722,143880.81,343703.954
002622.SZ,20160419,12.56,12.58,12.35,12.515,12.45,0.06500000000000128,0.5221,77756.28,193822.3817
002622.SZ,20160418,12.5,12.575,12.32,12.45,12.62,-0.16999999999999993,-1.3471,67897.65,168395.5443
002622.SZ,20160415,12.65,12.725,12.515,12.62,12.675,-0.05500000000000149,-0.4339,73185.56,185004.3335
002622.SZ,20160414,12.735,12.735,12.43,12.675,12.595,0.08000000000000007,0.6352,64214.62,161473.0607
002622.SZ,20160413,12.61,12.745,12.5,12.595,12.595,0.0,0.0,88516.69,223448.1458
002622.SZ,20160412,12.54,12.735,12.32,12.595,12.465,0.13000000000000078,1.0429,103328.87,260016.0326
002622.SZ,20160411,12.305,12.575,12.305,12.465,12.15,0.3149999999999995,2.5926,98810.18,246608.0244
002622.SZ,20160408,12.015,12.33,11.805,12.15,12.1,0.05000000000000071,0.4132,80640.64,194748.4592
002622.SZ,20160407,12.415,12.62,12.065,12.1,12.415,-0.3149999999999995,-2.5373,104304.66,255469.0893
002622.SZ,20160406,12.665,12.665,12.195,12.415,12.715,-0.3000000000000007,-2.3594,128015.82,316861.3889
002622.SZ,20160405,12.79,12.85,12.55,12.715,12.675,0.03999999999999915,0.3156,153127.77,389045.7333
002622.SZ,20160401,12.35,12.735,12.0,12.675,12.36,0.3150000000000013,2.5485,168338.27,418464.018
002622.SZ,20160331,12.42,12.79,12.255,12.36,12.36,0.0,0.0,164472.79,410169.2608
002622.SZ,20160330,11.55,12.44,11.55,12.36,11.425,0.9349999999999987,8.1838,147325.03,356592.6838
002622.SZ,20160329,11.4,11.655,11.155,11.425,11.66,-0.23499999999999943,-2.0154,137208.22,313092.8968
002622.SZ,20160328,10.84,11.81,10.84,11.66,10.735,0.9250000000000007,8.6167,250661.95,583708.93
002622.SZ,20160325,10.8,10.925,10.635,10.735,10.835,-0.10000000000000142,-0.9229,76100.15,163953.3093
002622.SZ,20160324,11.23,11.24,10.8,10.835,11.2,-0.36499999999999844,-3.2589,112318.28,247152.5848
002622.SZ,20160323,11.125,11.305,10.9,11.2,11.255,-0.05500000000000149,-0.4887,115437.43,256496.2322
002622.SZ,20160322,11.1,11.385,10.675,11.255,11.1,0.15500000000000114,1.3964,160272.91,352335.3033
002622.SZ,20160321,10.625,11.1,10.39,11.1,10.495,0.6050000000000004,5.7646,176895.38,381602.1908
002622.SZ,20160318,9.705,10.5,9.575,10.495,9.625,0.8699999999999992,9.039,206149.55,413906.8394
002622.SZ,20160317,9.295,9.75,9.205,9.625,9.28,0.34500000000000064,3.7177,96884.93,184902.6802
002622.SZ,20160316,9.44,9.585,9.14,9.28,9.445,-0.16500000000000092,-1.747,70149.63,131469.9637
002622.SZ,20160315,9.53,9.9,9.4,9.445,9.64,-0.19500000000000028,-2.0228,107564.54,207937.4923
002622.SZ,20160314,9.24,9.745,9.065,9.64,8.985,0.6550000000000011,7.2899,134176.92,251743.0481
002622.SZ,20160311,9.005,9.015,8.725,8.985,9.015,-0.030000000000001137,-0.3328,45997.62,81809.2991
002622.SZ,20160310,9.05,9.11,8.94,9.015,8.995,0.02000000000000135,0.2223,55626.32,100137.2167
002622.SZ,20160309,9.135,9.24,8.95,8.995,9.145,-0.15000000000000036,-1.6402,62733.23,113587.0899
002622.SZ,20160308,9.275,9.345,8.54,9.145,9.27,-0.125,-1.3484,63886.65,115585.025
002622.SZ,20160307,9.25,9.6,9.215,9.27,9.215,0.054999999999999716,0.5969,57651.41,108012.4547
002622.SZ,20160304,9.435,9.575,9.025,9.215,9.515,-0.3000000000000007,-3.1529,95164.69,177515.9759
002622.SZ,20160303,9.56,9.75,9.5,9.515,9.64,-0.125,-1.2967,87649.82,168641.2544
002622.SZ,20160302,9.21,9.7,9.21,9.64,9.425,0.21499999999999986,2.2812,123863.45,235167.5574
002622.SZ,20160301,8.97,9.63,8.25,9.425,8.755,0.6699999999999999,7.6528,145687.7,265213.4647
002622.SZ,20160229,9.785,9.825,8.755,8.755,9.725,-0.9699999999999989,-9.9743,114602.47,204437.1798
002622.SZ,20160226,10.535,10.695,9.57,9.725,10.535,-0.8100000000000005,-7.6887,128008.88,253444.8878
002622.SZ,20160225,11.56,11.765,10.535,10.535,11.705,-1.17,-9.9957,90755.29,199507.8287
002622.SZ,20160224,11.85,11.98,11.535,11.705,11.8,-0.09500000000000064,-0.8051,74523.46,175204.7462
002622.SZ,20160223,11.8,11.9,11.45,11.8,11.68,0.120000000000001,1.0274,90910.26,213184.4183
002622.SZ,20160222,11.6,11.69,11.395,11.68,11.34,0.33999999999999986,2.9982,81740.59,188968.9925
002622.SZ,20160219,11.63,12.02,11.25,11.34,11.63,-0.2900000000000009,-2.4936,109743.48,254550.2235
002622.SZ,20160218,11.85,12.085,11.56,11.63,11.805,-0.17499999999999893,-1.4824,126888.84,300430.5356
002622.SZ,20160217,11.05,12.0,10.75,11.805,10.91,0.8949999999999996,8.2035,150722.17,343873.7051
002622.SZ,20160216,10.205,11.0,10.205,10.91,10.2,0.7100000000000009,6.9608,89688.7,190637.449
002622.SZ,20160215,10.45,10.45,9.845,10.2,10.94,-0.7400000000000002,-6.7642,75984.27,154258.067
002622.SZ,20160205,11.125,11.32,10.9,10.94,11.185,-0.245000000000001,-2.1904,61464.75,135735.4157
002622.SZ,20160204,11.5,11.535,11.095,11.185,11.09,0.09500000000000064,0.8566,86478.18,194498.488
002622.SZ,20160203,11.4,11.4,10.85,11.09,11.585,-0.495000000000001,-4.2728,76204.29,169579.2678
002622.SZ,20160202,11.47,11.8,11.38,11.585,11.48,0.10500000000000043,0.9146,88570.61,205674.9581
002622.SZ,20160201,11.825,11.875,11.255,11.48,11.925,-0.4450000000000003,-3.7317,74254.47,171645.5572
002622.SZ,20160129,11.35,11.93,11.0,11.925,11.5,0.4250000000000007,3.6957,111515.14,260400.2603
002622.SZ,20160128,11.505,11.85,11.315,11.5,12.05,-0.5500000000000007,-4.5643,116669.69,270478.0901
002622.SZ,20160127,12.125,12.28,10.845,12.05,12.05,0.0,0.0,191997.86,431400.575
002622.SZ,20160126,12.05,12.495,11.72,12.05,12.05,0.0,0.0,187087.04,454283.9045
002622.SZ,20160125,12.05,12.64,11.52,12.05,11.515,0.5350000000000001,4.6461,200971.85,481515.9166
002622.SZ,20160122,12.25,12.8,11.515,11.515,12.795,-1.2799999999999994,-10.0039,270284.99,632625.2376
002622.SZ,20160121,14.1,14.195,12.795,12.795,14.215,-1.42,-9.9894,246424.64,659752.1209
002622.SZ,20160113,12.39,15.0,12.39,14.215,13.765,0.4499999999999993,3.2692,555402.93,1515556.9386
002622.SZ,20160112,14.995,14.995,13.765,13.765,15.295,-1.5299999999999994,-10.0033,155225.6,439640.8751
002622.SZ,20160111,15.295,15.295,15.295,15.295,13.905,1.3900000000000006,9.9964,68452.84,209397.2376
002622.SZ,20160108,13.905,13.905,13.905,13.905,12.64,1.2649999999999988,10.0079,9613.78,26735.9222
002622.SZ,20150701,13.85,14.425,12.64,12.64,14.045,-1.4049999999999994,-10.0036,145222.55,395017.2117
002622.SZ,20150630,12.465,14.44,12.465,14.045,13.85,0.19500000000000028,1.4079,190614.9,498574.6839
002622.SZ,20150629,15.605,16.16,13.85,13.85,15.39,-1.540000000000001,-10.0065,145348.24,423510.8552
002622.SZ,20150626,16.495,16.75,15.39,15.39,17.1,-1.7100000000000009,-10.0,104431.18,331314.437
002622.SZ,20150625,17.33,17.8,16.54,17.1,16.95,0.15000000000000213,0.885,123867.72,427632.9503
002622.SZ,20150624,16.75,17.39,16.45,16.95,16.535,0.41499999999999915,2.5098,98713.89,333234.5197
002622.SZ,20150623,16.505,16.85,14.86,16.535,16.51,0.02499999999999858,0.1514,125053.77,396105.541
002622.SZ,20150619,17.45,18.35,16.5,16.51,18.24,-1.7299999999999969,-9.4846,115481.02,392445.7826
002622.SZ,20150618,18.8,18.95,17.84,18.24,18.81,-0.5700000000000003,-3.0303,107119.66,395806.8307
002622.SZ,20150617,18.45,18.99,17.5,18.81,18.51,0.29999999999999716,1.6207,113733.46,417679.1347
002622.SZ,20150616,19.0,19.7,18.51,18.51,19.54,-1.0299999999999976,-5.2712,160257.36,609742.2655
002622.SZ,20150615,19.45,20.495,19.285,19.54,19.73,-0.19000000000000128,-0.963,176233.61,701783.8068
002622.SZ,20150612,19.99,20.1,19.29,19.73,19.94,-0.21000000000000085,-1.0532,202248.11,795664.9344
002622.SZ,20150611,19.095,20.29,18.935,19.94,19.13,0.8100000000000023,4.2342,266210.43,1059133.7635
002622.SZ,20150610,18.95,19.5,18.245,19.13,19.0,0.129999999999999,0.6842,168619.03,641853.4165
002622.SZ,20150609,19.0,19.59,18.56,19.0,19.225,-0.22500000000000142,-1.1704,185064.65,706774.2082
002622.SZ,20150608,18.0,19.5,17.75,19.225,18.0,1.2250000000000014,6.8056,269065.73,986314.5769
002622.SZ,20150605,18.01,18.55,17.5,18.0,17.865,0.13500000000000156,0.7557,217635.2,785741.1117
002622.SZ,20150604,18.425,18.425,16.675,17.865,18.425,-0.5600000000000023,-3.0393,178254.02,627675.9434
002622.SZ,20150603,19.5,19.64,18.075,18.425,19.5,-1.0749999999999993,-5.5128,269878.04,1007840.9427
002622.SZ,20150602,17.965,19.55,17.865,19.5,17.965,1.5350000000000001,8.5444,182007.05,691415.0741
002622.SZ,20150601,17.365,18.15,17.225,17.965,17.375,0.5899999999999999,3.3957,123146.27,440268.2614
002622.SZ,20150529,16.97,17.765,15.495,17.375,17.215,0.16000000000000014,0.9294,171934.35,582967.5671
002622.SZ,20150528,19.14,19.29,17.215,17.215,19.13,-1.9149999999999991,-10.0105,195909.94,721912.8373
002622.SZ,20150527,19.4,19.5,18.7,19.13,19.395,-0.26500000000000057,-1.3663,213176.02,813358.5042
002622.SZ,20150526,19.37,19.65,18.6,19.395,19.37,0.02499999999999858,0.1291,231357.26,890431.1841
002622.SZ,20150525,17.995,19.99,17.4,19.37,18.26,1.1099999999999994,6.0789,319668.77,1221445.6924
002622.SZ,20150522,16.765,18.26,16.325,18.26,16.6,1.6600000000000001,10.0,287564.13,993548.7251
002622.SZ,20150521,16.58,16.93,15.94,16.6,16.575,0.02500000000000213,0.1508,195443.86,639267.2551
002622.SZ,20150520,16.6,17.545,16.26,16.575,16.595,-0.019999999999999574,-0.1205,232085.53,790746.22
002622.SZ,20150519,16.135,16.75,15.81,16.595,16.14,0.4549999999999983,2.8191,154853.77,508814.1436
002622.SZ,20150518,15.475,16.44,14.86,16.14,15.8,0.33999999999999986,2.1519,217819.3,692957.5113
002622.SZ,20150515,17.195,17.335,15.8,15.8,16.56,-0.759999999999998,-4.5894,331689.49,1094970.7719
002622.SZ,20150514,15.065,16.56,15.055,16.56,15.055,1.504999999999999,9.9967,297001.19,949443.653
002622.SZ,20150513,13.975,15.25,13.69,15.055,14.005,1.049999999999999,7.4973,286350.55,838098.4745
002622.SZ,20150512,13.65,14.135,13.64,14.005,13.62,0.38500000000000156,2.8267,221049.53,613757.5265
002622.SZ,20150511,13.275,14.0,13.23,13.62,13.275,0.34499999999999886,2.5989,182576.75,501435.1719
002622.SZ,20150508,12.5,13.295,12.465,13.275,12.59,0.6850000000000005,5.4408,116189.55,300762.904
002622.SZ,20150507,13.05,13.365,12.03,12.59,13.255,-0.6650000000000009,-5.017,145465.27,371157.6782
002622.SZ,20150506,13.4,13.65,13.005,13.255,13.705,-0.4499999999999993,-3.2835,186099.54,495898.4865
002622.SZ,20150505,13.72,14.0,12.995,13.705,13.72,-0.015000000000000568,-0.1093,212319.69,568807.1363
002622.SZ,20150504,13.78,13.95,13.515,13.72,13.845,-0.125,-0.9029,92900.33,255241.8316
002622.SZ,20150430,13.475,13.975,13.4,13.845,13.475,0.370000000000001,2.7458,104043.34,286112.0535
002622.SZ,20150429,13.3,13.515,13.15,13.475,13.33,0.14499999999999957,1.0878,93832.96,251796.0102
002622.SZ,20150428,14.0,14.19,12.99,13.33,14.295,-0.9649999999999999,-6.7506,238338.94,638675.9302
002622.SZ,20150427,14.44,14.6,14.01,14.295,14.36,-0.0649999999999995,-0.4526,120203.09,341640.3759
002622.SZ,20150424,14.8,14.8,14.225,14.36,14.95,-0.5899999999999999,-3.9465,152239.35,441025.3931
002622.SZ,20150423,14.15,14.995,14.005,14.95,14.155,0.7949999999999999,5.6164,265718.3,779440.5498
002622.SZ,20150422,13.605,14.29,13.54,14.155,13.92,0.23499999999999943,1.6882,145700.88,410765.3069
002622.SZ,20150421,13.34,14.14,13.205,13.92,13.405,0.5150000000000006,3.8419,95159.82,262674.3772
002622.SZ,20150420,14.25,14.25,13.4,13.405,14.4,-0.995000000000001,-6.9097,147146.11,406877.6797
002622.SZ,20150417,13.815,14.6,13.65,14.4,13.82,0.5800000000000001,4.1968,201260.7,567463.1878
002622.SZ,20150416,13.25,14.215,12.755,13.82,13.85,-0.02999999999999936,-0.2166,161737.41,436486.0101
002622.SZ,20150415,15.15,15.15,13.75,13.85,15.275,-1.4250000000000007,-9.329,358191.86,1016759.3066
002622.SZ,20150414,15.6,15.6,15.0,15.275,15.705,-0.4299999999999997,-2.738,183970.01,558669.3278
002622.SZ,20150413,16.35,16.35,15.5,15.705,16.365,-0.6599999999999984,-4.033,199441.59,627910.1909
002622.SZ,20150410,16.5,16.79,15.8,16.365,17.1,-0.735000000000003,-4.2982,246985.65,810306.836
002622.SZ,20150409,16.765,18.05,15.385,17.1,16.68,0.4200000000000017,2.518,465988.23,1603159.9973
002622.SZ,20150408,15.025,16.68,14.755,16.68,15.165,1.5150000000000006,9.9901,471918.9,1485005.3441
002622.SZ,20150407,14.275,15.265,14.005,15.165,14.32,0.8449999999999989,5.9008,332771.05,972081.4962
002622.SZ,20150403,14.25,14.425,14.14,14.32,14.64,-0.3200000000000003,-2.1858,201492.49,574083.9766
002622.SZ,20150402,14.665,14.985,14.4,14.64,14.71,-0.07000000000000028,-0.4759,256453.33,750734.1861
002622.SZ,20150401,14.1,14.84,13.975,14.71,14.55,0.16000000000000014,1.0997,256953.26,745977.5139
002622.SZ,20150331,14.075,15.17,14.075,14.55,14.205,0.34500000000000064,2.4287,311199.87,916263.2505
002622.SZ,20150330,14.6,14.8,14.0,14.205,15.44,-1.2349999999999994,-7.9987,303630.28,872266.2235
002622.SZ,20150327,15.05,16.49,14.175,15.44,15.75,-0.3100000000000005,-1.9683,418649.17,1235024.0603
002622.SZ,20150326,17.4,17.59,15.115,15.75,15.99,-0.2400000000000002,-1.5009,617172.59,2068313.2071
002622.SZ,20150325,15.8,15.99,15.4,15.99,14.535,1.455,10.0103,206595.88,656982.7404
002622.SZ,20150324,14.195,14.535,13.645,14.535,13.215,1.3200000000000003,9.9886,415212.21,1189425.1319
002622.SZ,20150323,12.56,13.215,12.225,13.215,12.015,1.1999999999999993,9.9875,332116.24,854475.2239
002622.SZ,20150320,10.9129,12.0166,10.7492,12.0166,10.9235,1.0930999999999997,10.0069,108605.17,717466.548
002622.SZ,20150319,10.9077,11.3231,10.5046,10.9235,10.4747,0.4488000000000003,4.2846,138180.84,852424.1079
002622.SZ,20150318,10.0681,10.4747,9.9466,10.4747,9.5224,0.952300000000001,10.0006,41279.54,241817.8452
002622.SZ,20150317,9.1528,9.5224,8.9856,9.5224,8.6564,0.8659999999999997,10.0042,66098.2,352689.9149
002622.SZ,20150316,8.3836,8.8184,8.3009,8.6564,8.3871,0.26929999999999943,3.2109,57156.54,279280.6413
002622.SZ,20150313,8.1935,8.4839,7.9559,8.3871,8.1583,0.22879999999999967,2.8045,49175.22,230415.9689
002622.SZ,20150312,8.403,8.5807,7.8855,8.1583,8.5262,-0.3678999999999988,-4.3149,68249.67,320271.0531
002622.SZ,20150311,7.8362,8.762,7.8327,8.5262,7.9735,0.5526999999999997,6.9317,85857.47,402538.2491
002622.SZ,20150310,7.5863,8.0087,7.4683,7.9735,7.7376,0.2359,3.0487,67981.76,299815.2239
002622.SZ,20150309,7.6215,8.0245,7.4824,7.7376,7.7359,0.0016999999999995907,0.022,80939.7,357507.5104
002622.SZ,20150306,7.2184,7.9541,7.1814,7.7359,7.2571,0.47879999999999967,6.5977,98641.86,429111.0938
002622.SZ,20150305,7.3803,7.4683,7.1075,7.2571,7.4982,-0.24109999999999943,-3.2154,60750.92,249376.6564
002622.SZ,20150304,7.5158,7.5845,7.3064,7.4982,7.5599,-0.06170000000000009,-0.8161,64292.46,271862.1734
002622.SZ,20150303,6.8646,7.6831,6.8294,7.5599,6.9931,0.5667999999999997,8.1051,96393.27,402314.9247
002622.SZ,20150302,6.5478,7.111,6.5354,6.9931,6.5354,0.4577,7.0034,77219.11,300919.4804
002622.SZ,20150227,6.4615,6.5566,6.3682,6.5354,6.509,0.026399999999999757,0.4056,31578.26,115822.6855
002622.SZ,20150226,6.4527,6.5266,6.4034,6.509,6.4914,0.017600000000000726,0.2711,24903.18,91492.0583
002622.SZ,20150225,6.5178,6.5566,6.3876,6.4914,6.5143,-0.02290000000000081,-0.3515,22451.55,82610.4205
002622.SZ,20150217,6.627,6.6692,6.4246,6.5143,6.5706,-0.05629999999999935,-0.8568,33415.19,123197.7643
002622.SZ,20150216,6.4562,6.6798,6.4562,6.5706,6.4545,0.11609999999999943,1.7987,36435.33,136538.3046
002622.SZ,20150213,6.3841,6.5601,6.333,6.4545,6.3084,0.14610000000000056,2.316,45603.8,168378.1327
002622.SZ,20150212,6.0549,6.4721,5.9933,6.3084,6.0813,0.22710000000000008,3.7344,53440.78,191331.1558
002622.SZ,20150211,6.0549,6.1535,5.944,6.0813,6.0496,0.03169999999999984,0.524,36636.8,125277.4813
002622.SZ,20150210,5.7064,6.1993,5.7064,6.0496,5.6659,0.38370000000000015,6.7721,52980.87,180031.8739
002622.SZ,20150209,5.7909,5.8631,5.6342,5.6659,5.9053,-0.23940000000000072,-4.054,40441.7,131182.5253
002622.SZ,20150206,6.3207,6.3348,5.8279,5.9053,6.4422,-0.5368999999999993,-8.3341,73226.66,252818.4877
002622.SZ,20150205,6.7555,6.847,6.4422,6.4422,6.7273,-0.2850999999999999,-4.238,73543.14,275353.1903
002622.SZ,20150204,7.1251,7.1251,6.6939,6.7273,6.6323,0.09499999999999975,1.4324,122997.08,480942.2458
002622.SZ,20150203,6.8646,7.0265,6.4791,6.6323,6.8153,-0.18299999999999983,-2.6851,96309.67,366193.2086
002622.SZ,20150202,6.1605,6.8153,6.1359,6.8153,6.1957,0.6195999999999993,10.0005,96490.88,360374.0788
002622.SZ,20150130,6.2468,6.3841,6.1324,6.1957,6.333,-0.13729999999999976,-2.168,37427.74,132545.0404
002622.SZ,20150129,6.3717,6.5108,6.3049,6.333,6.2908,0.04220000000000024,0.6708,68051.58,248511.5056
002622.SZ,20150128,6.2309,6.2943,6.1288,6.2908,6.3999,-0.10909999999999975,-1.7047,51171.17,180838.7301
002622.SZ,20150127,6.4422,6.509,6.2186,6.3999,6.4158,-0.015900000000000247,-0.2478,56238.4,203097.5472
002622.SZ,20150126,6.3612,6.6446,6.3365,6.4158,6.5143,-0.09850000000000048,-1.5121,82703.26,302152.4349
002622.SZ,20150123,6.7572,6.7907,6.495,6.5143,6.8664,-0.3520999999999992,-5.1279,90563.51,340669.2676
002622.SZ,20150122,6.8699,7.3029,6.7959,6.8664,6.9438,-0.0774000000000008,-1.1147,119754.28,477881.7603
002622.SZ,20150121,6.9174,7.0283,6.7203,6.9438,7.0336,-0.08979999999999944,-1.2767,127328.47,497191.3892
002622.SZ,20150120,6.3365,7.067,6.3365,7.0336,6.4246,0.609,9.4792,158829.58,609279.1786
002622.SZ,20150119,6.2468,6.8276,6.0567,6.4246,6.4914,-0.06679999999999975,-1.0291,153679.63,568064.2499
002622.SZ,20150116,6.2362,6.7343,6.0954,6.4914,6.2943,0.19709999999999983,3.1314,154265.75,562658.1733
002622.SZ,20150115,6.3682,6.8065,6.2503,6.2943,6.3031,-0.008799999999999919,-0.1396,183477.19,672884.2671
002622.SZ,20150114,5.6325,6.3031,5.5797,6.3031,5.7293,0.5737999999999994,10.0152,165446.53,562900.1577
002622.SZ,20150113,5.1748,5.7293,5.1238,5.7293,5.2083,0.5209999999999999,10.0033,154920.47,484079.3686
002622.SZ,20150112,4.9883,5.21,4.902,5.2083,5.0516,0.15670000000000073,3.102,79681.34,229203.2007
002622.SZ,20150109,5.0059,5.3157,4.99,5.0516,5.0182,0.03339999999999943,0.6656,78272.4,228694.0092
002622.SZ,20150108,5.1608,5.2629,5.0076,5.0182,5.1608,-0.14259999999999984,-2.7631,61145.65,177485.4865
002622.SZ,20150107,5.2136,5.4072,5.0516,5.1608,5.2629,-0.10210000000000008,-1.94,96521.03,286485.542
002622.SZ,20150106,4.9443,5.2681,4.8422,5.2629,5.108,0.15490000000000048,3.0325,93779.53,269196.6539
002622.SZ,20150105,5.247,5.4441,5.1044,5.108,5.1748,-0.06680000000000064,-1.2909,94279.19,282165.5568
002622.SZ,20141231,5.1097,5.3825,5.0428,5.1748,5.2699,-0.09509999999999952,-1.8046,107591.46,317047.9856
002622.SZ,20141230,5.6677,5.7645,5.2699,5.2699,5.856,-0.5861000000000001,-10.0085,128564.64,401365.5897
002622.SZ,20141229,5.6325,5.9388,5.4353,5.856,5.805,0.051000000000000156,0.8786,162554.41,527152.8663
002622.SZ,20141226,5.7293,6.1095,5.599,5.805,5.5533,0.2516999999999996,4.5324,229398.89,764662.7786
002622.SZ,20141225,5.5234,5.5533,5.4582,5.5533,5.0481,0.5052000000000003,10.0077,45431.6,142597.9738
002622.SZ,20141224,4.6644,5.0481,4.4866,5.0481,4.5887,0.4593999999999996,10.0116,146348.46,394284.1838
002622.SZ,20141223,4.2948,4.5887,4.2437,4.5887,4.1716,0.41710000000000047,9.9986,172512.9,442691.8416
002622.SZ,20141222,4.4004,4.4637,4.0853,4.1716,4.0571,0.1144999999999996,2.8222,178742.53,439492.1683
002622.SZ,20141219,3.8811,4.1276,3.7843,4.0571,3.8759,0.18120000000000003,4.675,44146.99,99726.3401
002622.SZ,20141218,3.559,3.9146,3.5256,3.8759,3.559,0.31689999999999996,8.9042,47814.0,103342.8837
002622.SZ,20141217,3.6312,3.6558,3.5115,3.559,3.6523,-0.09329999999999972,-2.5546,18764.28,38059.3346
002622.SZ,20141216,3.7526,3.8371,3.6523,3.6523,3.7526,-0.10030000000000028,-2.6728,18546.96,39148.5696
002622.SZ,20141215,3.5889,3.8459,3.5573,3.7526,3.5854,0.16720000000000024,4.6634,28358.48,59544.2199
002622.SZ,20141212,3.5502,3.5889,3.5168,3.5854,3.5168,0.0686,1.9506,13952.47,28151.0968
002622.SZ,20141211,3.3725,3.5344,3.3443,3.5168,3.3689,0.14789999999999992,4.3902,18943.97,37356.729
002622.SZ,20141210,3.2404,3.4147,3.2281,3.3689,3.2404,0.12849999999999984,3.9656,15445.82,29194.2878
002622.SZ,20141209,3.4499,3.5467,3.2052,3.2404,3.5062,-0.26580000000000004,-7.5809,40764.01,78130.5392
002622.SZ,20141208,3.5115,3.5819,3.4393,3.5062,3.5203,-0.014100000000000001,-0.4005,24983.28,49804.1875
002622.SZ,20141205,3.6294,3.677,3.5097,3.5203,3.6259,-0.10559999999999992,-2.9124,43346.09,87936.0413
002622.SZ,20141204,3.5907,3.7966,3.5379,3.6259,3.6066,0.019300000000000317,0.5351,38052.07,78958.6006
002622.SZ,20141203,3.5379,3.8635,3.5221,3.6066,3.5766,0.029999999999999805,0.8388,53890.01,112493.5082
002622.SZ,20141202,3.3918,3.6206,3.3443,3.5766,3.4165,0.1600999999999999,4.6861,55637.5,110939.9694
002622.SZ,20141201,3.1824,3.4569,3.1824,3.4165,3.2228,0.1937000000000002,6.0103,55906.09,105217.5522
002622.SZ,20141128,3.1137,3.2299,3.1137,3.2228,3.1155,0.10729999999999995,3.4441,41059.89,74385.1324
002622.SZ,20141127,3.1067,3.1278,3.0644,3.1155,3.0961,0.019400000000000084,0.6266,16754.56,29482.7479
002622.SZ,20141126,3.0996,3.1155,3.0556,3.0961,3.1031,-0.007000000000000117,-0.2256,11826.56,20775.7607
002622.SZ,20141125,3.0662,3.1049,3.0503,3.1031,3.0627,0.04039999999999999,1.3191,12738.25,22361.4165
002622.SZ,20141124,3.031,3.0627,3.0063,3.0627,3.0239,0.03880000000000017,1.2831,16176.81,27860.7596
002622.SZ,20141121,2.9571,3.0345,2.9571,3.0239,2.9571,0.06679999999999975,2.259,10974.93,18748.8132
002622.SZ,20141120,3.0063,3.0063,2.95,2.9571,3.0204,-0.06329999999999991,-2.0957,10767.26,18161.9169
002622.SZ,20141119,2.987,3.0433,2.9852,3.0204,2.9817,0.03869999999999996,1.2979,7636.27,13079.2615
002622.SZ,20141118,2.9659,3.0063,2.9659,2.9817,2.9535,0.028200000000000003,0.9548,9218.36,15625.9885
002622.SZ,20141117,2.9183,2.9975,2.9095,2.9535,2.9236,0.029900000000000038,1.0227,9889.79,16661.1187
002622.SZ,20141114,2.9324,2.9694,2.8162,2.9236,2.943,-0.019400000000000084,-0.6592,11357.52,18897.584
002622.SZ,20141113,3.0204,3.0222,2.9042,2.943,3.0204,-0.07739999999999991,-2.5626,16310.87,27431.8321
002622.SZ,20141112,2.943,3.0257,2.943,3.0204,2.9483,0.07209999999999983,2.4455,15649.53,26600.4156
002622.SZ,20141111,3.1084,3.1084,2.9236,2.9483,3.0996,-0.1513,-4.8813,23830.89,40552.9681
002622.SZ,20141110,3.1331,3.1683,3.0697,3.0996,3.1155,-0.015899999999999803,-0.5104,17487.84,30782.5131
002622.SZ,20141107,3.2352,3.2985,3.0503,3.1155,3.2352,-0.11969999999999992,-3.6999,24877.83,45367.4036
002622.SZ,20141106,3.1665,3.2528,3.1542,3.2352,3.1419,0.09329999999999972,2.9695,22960.97,41714.8044
002622.SZ,20141105,3.1542,3.1859,3.1295,3.1419,3.1595,-0.017599999999999838,-0.5571,12572.84,22514.9201
002622.SZ,20141104,3.1454,3.2105,3.1207,3.1595,3.1454,0.014100000000000001,0.4483,17661.6,31754.7102
002622.SZ,20141103,3.1331,3.1982,3.1207,3.1454,3.119,0.026399999999999757,0.8464,17847.42,32046.6369
002622.SZ,20141031,3.0838,3.1419,3.0644,3.119,3.0803,0.0387000000000004,1.2564,21508.0,37990.8845
002622.SZ,20141030,3.0627,3.1243,3.0345,3.0803,3.0803,0.0,0.0,21570.05,37719.9739
002622.SZ,20141029,3.0767,3.1472,3.0556,3.0803,3.0715,0.008799999999999919,0.2865,19567.67,34511.0187
002622.SZ,20141028,2.987,3.0767,2.9852,3.0715,2.9852,0.08630000000000004,2.8909,15709.43,27220.1278
002622.SZ,20141027,2.95,2.987,2.8162,2.9852,2.9483,0.03689999999999971,1.2516,10084.45,16838.4779
002622.SZ,20141024,3.0134,3.0363,2.9113,2.9483,3.0609,-0.11260000000000003,-3.6787,23406.59,39558.4936
002622.SZ,20141023,3.2492,3.3196,3.0169,3.0609,3.1595,-0.0985999999999998,-3.1207,28677.67,51436.8282
002622.SZ,20141022,3.0803,3.2334,3.075,3.1595,3.0996,0.05989999999999984,1.9325,34641.33,62386.8941
002622.SZ,20141021,3.1366,3.1665,3.0803,3.0996,3.1419,-0.042300000000000004,-1.3463,13617.33,24135.9159
002622.SZ,20141020,2.9694,3.1824,2.9694,3.1419,2.9817,0.16020000000000012,5.3728,35953.67,63591.0355
002622.SZ,20141017,3.082,3.0873,2.8673,2.9817,3.0838,-0.10210000000000008,-3.3109,31620.61,53432.2627
002622.SZ,20141016,3.1648,3.1841,3.0803,3.0838,3.1648,-0.08099999999999996,-2.5594,21713.01,38663.9354
002622.SZ,20141015,3.1067,3.2017,3.1067,3.1648,3.1419,0.02289999999999992,0.7289,36853.06,66048.2457
002622.SZ,20141014,2.987,3.2862,2.9676,3.1419,2.9905,0.1514000000000002,5.0627,65556.72,117469.581
002622.SZ,20141013,2.9465,2.9993,2.9219,2.9905,2.9606,0.029900000000000038,1.0099,23144.47,39019.3749
002622.SZ,20141010,3.0081,3.0081,2.95,2.9606,3.0099,-0.04930000000000012,-1.6379,20273.38,34256.2842
002622.SZ,20141009,3.0591,3.0697,2.9395,3.0099,3.0556,-0.045700000000000074,-1.4956,23606.95,40413.1795
002622.SZ,20141008,3.0503,3.0767,3.031,3.0556,3.0503,0.005300000000000082,0.1738,14907.69,25852.7863
002622.SZ,20140930,3.0662,3.0838,3.0415,3.0503,3.0679,-0.017599999999999838,-0.5737,18096.22,31509.1007
002622.SZ,20140929,2.9782,3.0803,2.9782,3.0679,2.9782,0.08969999999999967,3.0119,27769.46,47914.2456
002622.SZ,20140926,2.9571,3.0116,2.9395,2.9782,2.9659,0.0123000000000002,0.4147,15602.47,26345.697
002622.SZ,20140925,3.0099,3.0345,2.9623,2.9659,3.0046,-0.03869999999999996,-1.288,19173.96,32611.9029
002622.SZ,20140924,2.9659,3.0732,2.9623,3.0046,2.9659,0.03869999999999996,1.3048,26245.86,44923.0796
002622.SZ,20140923,2.9078,2.9835,2.8954,2.9659,2.8937,0.07220000000000004,2.4951,23180.42,38765.3454
002622.SZ,20140922,2.9518,2.9747,2.8937,2.8937,2.9571,-0.06340000000000012,-2.144,22681.15,37890.6829
002622.SZ,20140919,2.9395,2.9747,2.9131,2.9571,2.9465,0.010600000000000165,0.3597,16684.6,27938.0674
002622.SZ,20140918,2.9483,2.9852,2.9042,2.9465,2.9324,0.014100000000000001,0.4808,20743.05,34755.9869
002622.SZ,20140917,2.8937,2.9483,2.8761,2.9324,2.8937,0.03869999999999996,1.3374,21420.91,35479.0327
002622.SZ,20140916,2.994,3.0451,2.8937,2.8937,3.0222,-0.12850000000000028,-4.2519,37705.12,63494.5751
002622.SZ,20140915,2.8532,3.1084,2.8338,3.0222,2.8655,0.15670000000000028,5.4685,41662.84,70293.4536
002622.SZ,20140912,2.8426,2.8831,2.7863,2.8655,2.8426,0.02289999999999992,0.8056,25253.52,40622.1567
002622.SZ,20140911,2.8092,2.9359,2.7969,2.8426,2.7969,0.045700000000000074,1.634,50659.54,82404.2089
002622.SZ,20140910,2.7652,2.8162,2.7194,2.7969,2.7494,0.047499999999999876,1.7276,29471.03,46423.6072
002622.SZ,20140909,2.7494,2.7634,2.7212,2.7494,2.7476,0.0018000000000002458,0.0655,18201.8,28391.8436
002622.SZ,20140905,2.7546,2.7634,2.73,2.7476,2.7546,-0.007000000000000117,-0.2541,26454.01,41285.0364
002622.SZ,20140904,2.7124,2.7793,2.7124,2.7546,2.7247,0.029900000000000038,1.0974,34525.59,54013.6076
002622.SZ,20140903,2.7318,2.7458,2.6684,2.7247,2.7071,0.017599999999999838,0.6501,33977.66,52424.784
002622.SZ,20140902,2.6895,2.7335,2.6701,2.7071,2.6807,0.0264000000000002,0.9848,27226.93,41751.2284
002622.SZ,20140901,2.6033,2.693,2.5804,2.6807,2.6068,0.07390000000000008,2.8349,21601.66,32700.3291
002622.SZ,20140829,2.5786,2.6173,2.5698,2.6068,2.5786,0.028200000000000003,1.0936,11779.88,17377.5551
002622.SZ,20140828,2.6525,2.6543,2.5522,2.5786,2.6561,-0.07750000000000012,-2.9178,22534.71,33179.6671
002622.SZ,20140827,2.6226,2.679,2.6103,2.6561,2.6226,0.033500000000000085,1.2774,17870.39,26893.8733
002622.SZ,20140826,2.73,2.73,2.605,2.6226,2.73,-0.10740000000000016,-3.9341,32144.8,48501.9575
002622.SZ,20140825,2.7177,2.7846,2.7177,2.73,2.7282,0.0017999999999998018,0.066,35335.35,54990.2103
002622.SZ,20140822,2.7247,2.7599,2.693,2.7282,2.7265,0.0017000000000000348,0.0624,44713.19,69312.5715
002622.SZ,20140821,2.7828,2.7828,2.7159,2.7265,2.8726,-0.14609999999999967,-5.086,80586.96,125745.1657
002622.SZ,20140820,2.6543,2.9324,2.5716,2.8726,2.6684,0.20419999999999972,7.6525,155199.78,239856.7044
002622.SZ,20140819,2.6684,2.6684,2.605,2.6684,2.4255,0.24290000000000012,10.0144,88509.22,134011.1404
002622.SZ,20140530,2.3111,2.5047,2.3111,2.4255,2.2776,0.14789999999999992,6.4937,117316.59,163350.5153
002622.SZ,20140529,2.3322,2.4079,2.2548,2.2776,2.3463,-0.06869999999999976,-2.928,16705.78,22158.3283
002622.SZ,20140528,2.341,2.3674,2.3269,2.3463,2.3234,0.02289999999999992,0.9856,4457.7,5957.1787
002622.SZ,20140527,2.3727,2.3903,2.3234,2.3234,2.3692,-0.045800000000000285,-1.9331,7575.97,10091.857
002622.SZ,20140526,2.3639,2.3762,2.341,2.3692,2.3604,0.008800000000000363,0.3728,5765.5,7713.5409
002622.SZ,20140523,2.3392,2.3674,2.2988,2.3604,2.3357,0.024699999999999722,1.0575,4506.39,5990.8878
002622.SZ,20140522,2.3417,2.347,2.3153,2.3364,2.3435,-0.007100000000000328,-0.303,2525.96,3352.723
002622.SZ,20140521,2.2855,2.3505,2.2732,2.3435,2.2995,0.04400000000000004,1.9135,2907.05,3817.4875
002622.SZ,20140520,2.3118,2.3171,2.2837,2.2995,2.3048,-0.005300000000000082,-0.23,2026.09,2651.9504
002622.SZ,20140519,2.2679,2.3066,2.2591,2.3048,2.2855,0.019300000000000317,0.8445,2015.0,2626.594
002622.SZ,20140516,2.3013,2.3083,2.2662,2.2855,2.3101,-0.024599999999999955,-1.0649,3486.8,4533.8896
002622.SZ,20140515,2.3593,2.3733,2.3101,2.3101,2.3575,-0.04740000000000011,-2.0106,2482.05,3306.0543
002622.SZ,20140514,2.354,2.3803,2.3364,2.3575,2.3698,-0.0123000000000002,-0.519,2004.8,2686.7674
002622.SZ,20140513,2.3487,2.3768,2.3224,2.3698,2.361,0.008799999999999919,0.3727,5234.18,6998.0413
002622.SZ,20140512,2.2908,2.3716,2.2767,2.361,2.2785,0.08250000000000002,3.6208,12193.01,16263.3517
002622.SZ,20140509,2.2802,2.289,2.2539,2.2785,2.2749,0.0036000000000000476,0.1582,2519.66,3245.6163
002622.SZ,20140508,2.2574,2.3347,2.2574,2.2749,2.2626,0.0123000000000002,0.5436,2906.69,3785.6093
002622.SZ,20140507,2.3452,2.3452,2.2574,2.2626,2.347,-0.08440000000000003,-3.5961,5398.83,7039.9885
002622.SZ,20140506,2.2925,2.3593,2.2837,2.347,2.296,0.051000000000000156,2.2213,12649.3,16815.4176
002622.SZ,20140505,2.2626,2.296,2.2591,2.296,2.2714,0.024599999999999955,1.083,4122.45,5351.3674
002622.SZ,20140430,2.2574,2.2714,2.231,2.2714,2.2486,0.02279999999999971,1.014,2921.71,3748.2837
002622.SZ,20140429,2.2626,2.2644,2.2135,2.2486,2.231,0.017600000000000282,0.7889,3595.41,4591.4469
002622.SZ,20140428,2.3347,2.3364,2.231,2.231,2.3312,-0.10020000000000007,-4.2982,7111.0,9162.7442
002622.SZ,20140425,2.3645,2.3856,2.3276,2.3312,2.3891,-0.05790000000000006,-2.4235,5370.37,7200.5434
002622.SZ,20140424,2.3997,2.3997,2.3698,2.3891,2.3962,-0.007099999999999884,-0.2963,3407.39,4620.1183
002622.SZ,20140423,2.4436,2.4436,2.3891,2.3962,2.4436,-0.04740000000000011,-1.9398,4065.66,5568.53
002622.SZ,20140422,2.4207,2.4822,2.3698,2.4436,2.4207,0.02289999999999992,0.946,14223.44,19481.7415
002622.SZ,20140421,2.4559,2.491,2.4172,2.4207,2.4524,-0.03169999999999984,-1.2926,7798.7,10918.9247
002622.SZ,20140418,2.4559,2.4734,2.4436,2.4524,2.4559,-0.0035000000000002807,-0.1425,7032.0,9835.8951
002622.SZ,20140417,2.4418,2.4928,2.433,2.4559,2.5068,-0.050899999999999945,-2.0305,16317.65,22839.2605
002622.SZ,20140416,2.5261,2.6509,2.4893,2.5068,2.4313,0.07550000000000034,3.1053,39833.17,58085.9984
002622.SZ,20140415,2.5244,2.5244,2.4313,2.4313,2.5261,-0.09480000000000022,-3.7528,7720.04,10944.0116
002622.SZ,20140414,2.5789,2.5789,2.4875,2.5261,2.563,-0.036900000000000155,-1.4397,7608.62,10894.1411
002622.SZ,20140411,2.5806,2.614,2.5279,2.563,2.5367,0.02629999999999999,1.0368,5783.48,8379.5718
002622.SZ,20140410,2.5051,2.5947,2.5051,2.5367,2.5121,0.024599999999999955,0.9793,18692.98,27244.9621
002622.SZ,20140409,2.5033,2.5297,2.4928,2.5121,2.5033,0.008800000000000363,0.3515,4392.06,6281.4422
002622.SZ,20140408,2.4805,2.5384,2.4436,2.5033,2.4875,0.015800000000000036,0.6352,10146.55,14444.9152
002622.SZ,20140404,2.4225,2.4893,2.4137,2.4875,2.4313,0.05620000000000003,2.3115,8695.54,12178.8944
002622.SZ,20140403,2.4155,2.4453,2.4084,2.4313,2.4225,0.008799999999999919,0.3633,3965.19,5479.978
002622.SZ,20140402,2.4436,2.4822,2.4172,2.4225,2.4647,-0.04220000000000024,-1.7122,5758.71,8010.5624
002622.SZ,20140401,2.4243,2.4682,2.3768,2.4647,2.4243,0.04039999999999999,1.6665,4541.07,6313.7747
002622.SZ,20140331,2.4682,2.4682,2.3716,2.4243,2.4682,-0.04389999999999983,-1.7786,11322.04,15641.2929
002622.SZ,20140328,2.5121,2.5859,2.4647,2.4682,2.5859,-0.11770000000000014,-4.5516,35986.11,51392.8129
002622.SZ,20140327,2.6632,2.6702,2.5771,2.5859,2.6632,-0.0772999999999997,-2.9025,12576.21,18792.6808
002622.SZ,20140326,2.6966,2.6966,2.6474,2.6632,2.6913,-0.028100000000000236,-1.0441,8205.5,12466.2469
002622.SZ,20140325,2.6702,2.6966,2.6438,2.6913,2.6737,0.017599999999999838,0.6583,11917.4,18115.0716
002622.SZ,20140324,2.6825,2.7176,2.6667,2.6737,2.6807,-0.006999999999999673,-0.2611,16338.67,25035.9688
002622.SZ,20140321,2.5824,2.6843,2.5455,2.6807,2.6105,0.07019999999999982,2.6891,20257.54,30392.5417
002622.SZ,20140320,2.6614,2.6913,2.5999,2.6105,2.6579,-0.04740000000000011,-1.7834,9105.5,13800.4283
002622.SZ,20140319,2.6632,2.6772,2.6263,2.6579,2.6878,-0.029900000000000038,-1.1124,8704.28,13146.4619
002622.SZ,20140318,2.6228,2.7001,2.5999,2.6878,2.6228,0.06500000000000039,2.4783,25161.67,38132.9448
002622.SZ,20140317,2.5753,2.6263,2.5507,2.6228,2.5736,0.04919999999999991,1.9117,8387.56,12422.5815
002622.SZ,20140314,2.5789,2.5999,2.5437,2.5736,2.5876,-0.014000000000000234,-0.541,6012.9,8800.1602
002622.SZ,20140313,2.5472,2.6034,2.5384,2.5876,2.563,0.024599999999999955,0.9598,6965.84,10161.3185
002622.SZ,20140312,2.5209,2.5666,2.4717,2.563,2.5226,0.04039999999999999,1.6015,10835.43,15627.4467
002622.SZ,20140311,2.4998,2.5437,2.4629,2.5226,2.5103,0.0123000000000002,0.49,11119.19,15934.6566
002622.SZ,20140310,2.5824,2.5824,2.5103,2.5103,2.6052,-0.09489999999999998,-3.6427,13136.56,18927.8834
002622.SZ,20140307,2.5578,2.6175,2.5578,2.6052,2.5718,0.033399999999999874,1.2987,10999.18,16232.5126
002622.SZ,20140306,2.5947,2.621,2.556,2.5718,2.5964,-0.024599999999999955,-0.9475,12604.25,18472.4897
002622.SZ,20140305,2.7194,2.7229,2.5947,2.5964,2.7001,-0.1036999999999999,-3.8406,16242.6,24457.5199
002622.SZ,20140304,2.7053,2.737,2.6526,2.7001,2.7387,-0.03860000000000019,-1.4094,10518.71,16090.1375
002622.SZ,20140303,2.6825,2.7493,2.679,2.7387,2.693,0.045700000000000074,1.697,15164.55,23481.4336
002622.SZ,20140228,2.7106,2.7106,2.5999,2.693,2.7053,-0.012299999999999756,-0.4547,13001.49,19647.0358
002622.SZ,20140227,2.6368,2.7422,2.6193,2.7053,2.6632,0.042100000000000026,1.5808,34722.78,53562.82
002622.SZ,20140226,2.5824,2.6632,2.549,2.6632,2.6122,0.05099999999999971,1.9524,17126.7,25587.3873
002622.SZ,20140225,2.7563,2.8336,2.5402,2.6122,2.7756,-0.16339999999999977,-5.887,28667.2,44674.0232
002622.SZ,20140224,2.6702,2.7756,2.6702,2.7756,2.672,0.10359999999999969,3.8772,27304.56,42483.9669
002622.SZ,20140221,2.693,2.737,2.6667,2.672,2.6948,-0.02279999999999971,-0.8461,16892.2,26004.4245
002622.SZ,20140220,2.7809,2.8072,2.6843,2.6948,2.7756,-0.08079999999999998,-2.9111,26129.29,40526.5429
002622.SZ,20140219,2.8107,2.8722,2.7598,2.7756,2.823,-0.04740000000000011,-1.6791,24973.1,39952.6779
002622.SZ,20140218,2.8634,2.8898,2.8002,2.823,2.8634,-0.04039999999999999,-1.4109,29462.09,47678.9335
002622.SZ,20140217,2.7405,2.8634,2.7334,2.8634,2.7387,0.12469999999999981,4.5533,32477.76,51635.8228
002622.SZ,20140214,2.7088,2.744,2.6597,2.7387,2.6807,0.058000000000000274,2.1636,24072.24,36999.9741
002622.SZ,20140213,2.7299,2.8037,2.6737,2.6807,2.7457,-0.06499999999999995,-2.3673,23880.56,37171.3807
002622.SZ,20140212,2.6825,2.7914,2.6228,2.7457,2.6474,0.09829999999999961,3.7131,27853.67,43006.6784
002622.SZ,20140211,2.6878,2.7211,2.6157,2.6474,2.7036,-0.056199999999999584,-2.0787,28652.82,43492.1216
002622.SZ,20140210,2.6614,2.7106,2.6087,2.7036,2.6544,0.04919999999999991,1.8535,31081.22,47255.9892
002622.SZ,20140207,2.4612,2.6684,2.4612,2.6544,2.4664,0.18799999999999972,7.6224,30608.4,45167.6
002622.SZ,20140130,2.542,2.5578,2.4576,2.4664,2.5472,-0.08079999999999998,-3.1721,17388.41,24660.1153
002622.SZ,20140129,2.5384,2.5911,2.5384,2.5472,2.5648,-0.017599999999999838,-0.6862,14556.91,21208.2482
002622.SZ,20140128,2.5437,2.5929,2.5033,2.5648,2.5402,0.024599999999999955,0.9684,17318.7,25158.9513
002622.SZ,20140127,2.5911,2.614,2.5384,2.5402,2.6052,-0.06499999999999995,-2.495,24733.98,36250.7647
002622.SZ,20140124,2.6034,2.6228,2.563,2.6052,2.5947,0.010499999999999954,0.4047,26205.63,38619.0939
002622.SZ,20140123,2.5279,2.6351,2.5121,2.5947,2.5226,0.07209999999999983,2.8582,41437.05,61306.1791
002622.SZ,20140122,2.4822,2.5578,2.477,2.5226,2.5051,0.01750000000000007,0.6986,25214.88,36102.624
002622.SZ,20140121,2.4418,2.5279,2.4418,2.5051,2.4383,0.06680000000000019,2.7396,24659.7,34962.1099
002622.SZ,20140120,2.4172,2.4401,2.3206,2.4383,2.4295,0.008799999999999919,0.3622,17627.36,24096.8924
002622.SZ,20140117,2.412,2.4559,2.3874,2.4295,2.412,0.01750000000000007,0.7255,17922.84,24741.8369
002622.SZ,20140116,2.4084,2.4541,2.3926,2.412,2.4067,0.005300000000000082,0.2202,17478.64,24094.4108
002622.SZ,20140115,2.3751,2.4172,2.3557,2.4067,2.3803,0.026399999999999757,1.1091,21403.9,29134.2875
002622.SZ,20140114,2.347,2.3874,2.3224,2.3803,2.3364,0.04390000000000027,1.879,13712.72,18408.6177
002622.SZ,20140113,2.2486,2.3364,2.2486,2.3364,2.2486,0.08779999999999966,3.9047,19598.94,25548.9255
002622.SZ,20140110,2.3171,2.3171,2.231,2.2486,2.3276,-0.07899999999999974,-3.3941,19395.51,24984.8709
002622.SZ,20140109,2.3593,2.4049,2.3153,2.3276,2.3803,-0.05270000000000019,-2.214,15765.68,21234.538
002622.SZ,20140108,2.347,2.4172,2.3364,2.3803,2.3593,0.020999999999999908,0.8901,16609.9,22469.4289
002622.SZ,20140107,2.3013,2.368,2.289,2.3593,2.3066,0.05270000000000019,2.2847,16104.87,21427.2893
002622.SZ,20140106,2.4225,2.4383,2.2802,2.3066,2.4436,-0.137,-5.6065,26183.97,35234.3932
002622.SZ,20140103,2.477,2.5297,2.4383,2.4436,2.484,-0.04039999999999999,-1.6264,23811.37,33709.0235
002622.SZ,20140102,2.4067,2.4945,2.4067,2.484,2.4172,0.06680000000000019,2.7635,19868.87,27906.1516
002622.SZ,20131231,2.4436,2.4963,2.3979,2.4172,2.4612,-0.04400000000000004,-1.7877,22792.95,31696.9991
002622.SZ,20131230,2.4734,2.5648,2.4594,2.4612,2.4559,0.005299999999999638,0.2158,41022.21,58648.9039
002622.SZ,20131227,2.3312,2.4594,2.3312,2.4559,2.3312,0.12470000000000026,5.3492,25669.14,35276.0775
002622.SZ,20131226,2.4243,2.4401,2.3276,2.3312,2.4067,-0.0754999999999999,-3.1371,18879.52,25470.8594
002622.SZ,20131225,2.3241,2.433,2.303,2.4067,2.303,0.1036999999999999,4.5028,24587.27,33435.6079
002622.SZ,20131224,2.2591,2.3347,2.2591,2.303,2.2574,0.04559999999999986,2.02,16073.85,21016.443
002622.SZ,20131223,2.2398,2.2697,2.2099,2.2574,2.2293,0.028100000000000236,1.2605,12846.61,16427.2197
002622.SZ,20131220,2.2802,2.296,2.2293,2.2293,2.2802,-0.050899999999999945,-2.2323,16249.2,20910.3834
002622.SZ,20131219,2.354,2.3856,2.2802,2.2802,2.3505,-0.07030000000000003,-2.9909,16051.47,21363.316
002622.SZ,20131218,2.3435,2.3768,2.303,2.3505,2.3417,0.008799999999999919,0.3758,14759.57,19662.5498
002622.SZ,20131217,2.3979,2.4067,2.3048,2.3417,2.3979,-0.05620000000000003,-2.3437,21917.96,29270.4942
002622.SZ,20131216,2.491,2.5156,2.3944,2.3979,2.4207,-0.022800000000000153,-0.9419,30502.53,42558.3465
002622.SZ,20131213,2.3962,2.4418,2.3628,2.4207,2.3979,0.022800000000000153,0.9508,29290.58,40166.9408
002622.SZ,20131212,2.4453,2.4612,2.3979,2.3979,2.4612,-0.06329999999999991,-2.5719,34976.33,48382.4555
002622.SZ,20131211,2.4857,2.4963,2.4067,2.4612,2.5121,-0.05090000000000039,-2.0262,45231.03,63309.1353
002622.SZ,20131210,2.4436,2.5472,2.433,2.5121,2.433,0.07910000000000039,3.2511,97276.71,137817.6426
002622.SZ,20131209,2.2187,2.433,2.2187,2.433,2.2117,0.22129999999999983,10.0059,47365.22,63853.0653
002622.SZ,20131206,2.2398,2.2662,2.1976,2.2117,2.2433,-0.03160000000000007,-1.4086,16353.0,20780.4252
002622.SZ,20131205,2.224,2.296,2.2012,2.2433,2.2152,0.028100000000000236,1.2685,33077.23,42366.0662
002622.SZ,20131204,2.1432,2.2574,2.1309,2.2152,2.1625,0.05269999999999975,2.437,30172.45,37972.8293
002622.SZ,20131203,2.0887,2.1713,1.9693,2.1625,2.1045,0.058000000000000274,2.756,32506.74,38893.2627
002622.SZ,20131202,2.231,2.2749,2.1045,2.1045,2.3382,-0.23370000000000024,-9.9949,48959.68,60574.667
002622.SZ,20131129,2.3101,2.3856,2.3048,2.3382,2.303,0.03520000000000012,1.5284,41757.01,55973.6583
002622.SZ,20131128,2.3364,2.354,2.303,2.303,2.3347,-0.031700000000000284,-1.3578,35522.25,47056.6835
002622.SZ,20131127,2.2135,2.3364,2.2099,2.3347,2.217,0.11770000000000014,5.309,40268.82,52237.0721
002622.SZ,20131126,2.2416,2.3153,2.2135,2.217,2.2486,-0.03160000000000007,-1.4053,41621.81,53829.1586
002622.SZ,20131125,2.1695,2.2521,2.1449,2.2486,2.1572,0.09140000000000015,4.237,34288.19,43333.3441
002622.SZ,20131122,2.1871,2.2117,2.1485,2.1572,2.1871,-0.029900000000000038,-1.3671,17370.34,21535.7922
002622.SZ,20131121,2.1783,2.238,2.1625,2.1871,2.1766,0.010499999999999954,0.4824,31008.8,38872.7076
002622.SZ,20131120,2.166,2.1889,2.1344,2.1766,2.1766,0.0,0.0,19809.48,24324.9997
002622.SZ,20131119,2.1678,2.2012,2.1449,2.1766,2.159,0.017600000000000282,0.8152,25911.35,32183.8825
002622.SZ,20131118,2.0729,2.2205,2.0676,2.159,2.0606,0.09839999999999982,4.7753,32153.64,39579.6429
002622.SZ,20131115,2.0079,2.087,2.0062,2.0606,2.0026,0.05799999999999983,2.8962,24795.35,29042.0177
002622.SZ,20131114,1.9412,2.0325,1.9394,2.0026,1.9464,0.05620000000000025,2.8874,16882.37,19217.5777
002622.SZ,20131113,1.9781,1.9781,1.9447,1.9464,1.9763,-0.029900000000000038,-1.5129,6838.79,7640.6827
002622.SZ,20131112,1.9412,1.9833,1.9254,1.9763,1.9412,0.03509999999999991,1.8082,8888.71,9956.0546
002622.SZ,20131111,1.9095,1.9464,1.8832,1.9412,1.9095,0.03170000000000006,1.6601,6068.49,6644.9685
002622.SZ,20131108,1.9868,1.9939,1.899,1.9095,1.9904,-0.08089999999999997,-4.0645,14096.33,15553.8597
002622.SZ,20131107,2.0026,2.0202,1.9851,1.9904,1.9956,-0.0052000000000000934,-0.2606,6807.06,7758.4214
002622.SZ,20131106,2.0167,2.0308,1.9939,1.9956,2.0185,-0.02289999999999992,-1.1345,9940.13,11406.9639
002622.SZ,20131105,2.0343,2.0413,1.9851,2.0185,2.0431,-0.024599999999999955,-1.2041,14316.73,16331.1264
002622.SZ,20131104,2.0518,2.0624,2.0343,2.0431,2.0448,-0.0017000000000000348,-0.0831,7016.05,8173.4885
002622.SZ,20131101,2.0466,2.0694,2.0255,2.0448,2.0448,0.0,0.0,8971.95,10439.1239
002622.SZ,20131031,2.0395,2.0641,1.9956,2.0448,2.0624,-0.017599999999999838,-0.8534,14719.09,17007.3806
002622.SZ,20131030,2.0395,2.0694,1.9886,2.0624,2.0606,0.0017999999999998018,0.0874,13738.84,15905.0881
002622.SZ,20131029,2.1326,2.1608,1.9517,2.0606,2.1326,-0.07200000000000006,-3.3762,41373.8,48879.0114
002622.SZ,20131028,2.1081,2.1432,2.0905,2.1326,2.1221,0.010499999999999954,0.4948,18653.57,22477.7708
002622.SZ,20131025,2.1783,2.1906,2.101,2.1221,2.1783,-0.05620000000000003,-2.58,27397.54,33607.0183
002622.SZ,20131024,2.101,2.2082,2.0764,2.1783,2.101,0.07730000000000015,3.6792,35403.17,43529.3719
002622.SZ,20131023,2.1731,2.1906,2.0835,2.101,2.1625,-0.06150000000000011,-2.8439,18076.67,21941.3894
002622.SZ,20131022,2.1379,2.1625,2.1116,2.1625,2.1344,0.028100000000000236,1.3165,19898.77,24234.7996
002622.SZ,20131021,2.0817,2.1379,2.0676,2.1344,2.0729,0.061499999999999666,2.9669,17515.3,21070.6691
002622.SZ,20131018,2.0747,2.0799,2.0431,2.0729,2.0659,0.007000000000000117,0.3388,8064.14,9483.7558
002622.SZ,20131017,2.0413,2.101,2.0413,2.0659,2.0448,0.02110000000000012,1.0319,10801.33,12771.6639
002622.SZ,20131016,2.1133,2.1133,2.0413,2.0448,2.1133,-0.06850000000000023,-3.2414,15280.13,17993.1758
002622.SZ,20131015,2.1449,2.1502,2.094,2.1133,2.1432,-0.029900000000000038,-1.3951,14978.78,18046.2053
002622.SZ,20131014,2.1432,2.1572,2.1256,2.1432,2.1432,0.0,0.0,18430.62,22450.1365
002622.SZ,20131011,2.0922,2.1555,2.0922,2.1432,2.0817,0.06150000000000011,2.9543,24685.82,29975.4834
002622.SZ,20131010,2.1168,2.1256,2.0747,2.0817,2.1151,-0.033399999999999874,-1.5791,12606.01,15030.7767
002622.SZ,20131009,2.0887,2.1151,2.0887,2.1151,2.1028,0.0123000000000002,0.5849,12766.24,15300.1159
002622.SZ,20131008,2.0518,2.1081,2.0343,2.1028,2.0518,0.05099999999999971,2.4856,12995.17,15416.2417
002622.SZ,20130930,2.0343,2.0589,2.0255,2.0518,2.0343,0.01750000000000007,0.8602,6858.03,7994.5957
002622.SZ,20130927,2.0149,2.0501,2.0114,2.0343,2.0149,0.019400000000000084,0.9628,7495.01,8668.9839
002622.SZ,20130926,2.0518,2.0641,2.0132,2.0149,2.0536,-0.03869999999999996,-1.8845,13820.43,16000.874
002622.SZ,20130925,2.1116,2.1221,2.0413,2.0536,2.1186,-0.06499999999999995,-3.0681,17735.34,21109.7944
002622.SZ,20130924,2.1168,2.152,2.087,2.1186,2.1063,0.012299999999999756,0.584,29194.82,35230.8063
002622.SZ,20130923,2.0571,2.1063,2.0395,2.1063,2.0448,0.06150000000000011,3.0076,20534.71,24213.3034
002622.SZ,20130918,2.0554,2.0799,2.0185,2.0448,2.0589,-0.014100000000000001,-0.6848,13991.08,16265.9386
002622.SZ,20130917,2.1362,2.1432,2.0554,2.0589,2.1133,-0.054400000000000226,-2.5742,24694.78,29554.3026
002622.SZ,20130916,2.1081,2.159,2.094,2.1133,2.1045,0.008800000000000363,0.4182,28214.82,34115.4839
002622.SZ,20130913,2.0167,2.1344,2.0167,2.1045,2.0167,0.08779999999999966,4.3536,43368.57,51757.0503
002622.SZ,20130912,1.9798,2.0343,1.971,2.0167,1.9833,0.033400000000000096,1.6841,16135.06,18393.7953
002622.SZ,20130911,2.0483,2.0483,1.971,1.9833,2.0466,-0.06330000000000013,-3.0929,21765.92,24731.7336
002622.SZ,20130910,2.0255,2.0501,2.0185,2.0466,2.029,0.017600000000000282,0.8674,12465.82,14443.5896
002622.SZ,20130909,2.0606,2.0641,2.0132,2.029,2.0606,-0.03160000000000007,-1.5335,22331.42,25838.328
002622.SZ,20130906,2.0835,2.0835,2.0466,2.0606,2.0817,-0.02110000000000012,-1.0136,12456.71,14638.8761
002622.SZ,20130905,2.0606,2.0958,2.0202,2.0817,2.0641,0.017600000000000282,0.8527,15185.78,17765.0791
002622.SZ,20130904,2.0729,2.0993,2.0589,2.0641,2.0817,-0.017600000000000282,-0.8455,13806.62,16331.0036
002622.SZ,20130903,2.0554,2.0958,2.0466,2.0817,2.0554,0.02629999999999999,1.2796,12538.73,14841.4764
002622.SZ,20130902,2.0764,2.0835,1.9974,2.0554,2.0799,-0.024499999999999744,-1.1779,19014.87,22217.8361
002622.SZ,20130830,2.1783,2.1994,2.0799,2.0799,2.1801,-0.10020000000000007,-4.5961,33646.43,40937.6962
002622.SZ,20130829,2.1502,2.2064,2.1221,2.1801,2.1608,0.019299999999999873,0.8932,35906.77,44215.2384
002622.SZ,20130828,2.2187,2.2802,2.1537,2.1608,2.2187,-0.05790000000000006,-2.6096,58082.55,73580.3041
002622.SZ,20130827,2.231,2.2345,2.1818,2.2187,2.2521,-0.033399999999999874,-1.4831,36624.5,46032.8021
002622.SZ,20130826,2.2275,2.2697,2.1889,2.2521,2.2398,0.0123000000000002,0.5492,71569.84,90893.6134
002622.SZ,20130823,2.094,2.296,2.094,2.2398,2.087,0.1527999999999996,7.3215,123060.16,159157.7063
002622.SZ,20130822,2.0641,2.0905,2.029,2.087,2.0606,0.0264000000000002,1.2812,39448.11,46111.7675
002622.SZ,20130821,2.0044,2.0694,1.9868,2.0606,2.0044,0.05620000000000003,2.8038,16147.38,18717.9422
002622.SZ,20130820,1.9851,2.0483,1.9851,2.0044,2.0026,0.0017999999999998018,0.0899,12044.65,13838.0395
002622.SZ,20130819,1.9359,2.0114,1.9341,2.0026,1.9359,0.0667000000000002,3.4454,10960.64,12395.0031
002622.SZ,20130816,1.9956,2.0536,1.9359,1.9359,2.0026,-0.0667000000000002,-3.3307,20070.88,22824.9701
002622.SZ,20130815,2.0676,2.0676,2.0026,2.0026,2.0676,-0.06499999999999995,-3.1437,18504.44,21402.1509
002622.SZ,20130814,2.1186,2.1256,2.0483,2.0676,2.1239,-0.056299999999999795,-2.6508,22956.69,27219.3319
002622.SZ,20130813,2.0817,2.1362,2.0518,2.1239,2.0782,0.045700000000000074,2.199,25091.87,29958.9804
002622.SZ,20130812,2.0958,2.1151,2.0518,2.0782,2.0922,-0.014000000000000234,-0.6692,28634.48,33873.5473
002622.SZ,20130809,2.0149,2.101,1.9974,2.0922,2.0062,0.08599999999999985,4.2867,33596.13,39309.5363
002622.SZ,20130808,2.0062,2.0589,1.9904,2.0062,2.0062,0.0,0.0,22513.34,25935.9159
002622.SZ,20130807,2.0676,2.0993,1.9851,2.0062,2.0694,-0.0631999999999997,-3.054,36592.34,42436.4405
002622.SZ,20130806,2.0132,2.1028,1.9833,2.0694,2.0062,0.0631999999999997,3.1502,49155.8,57520.2897
002622.SZ,20130805,1.9904,2.0466,1.9763,2.0062,1.9921,0.014100000000000223,0.7078,37464.35,42643.5601
002622.SZ,20130802,1.9605,2.0676,1.9447,1.9921,1.9605,0.03160000000000007,1.6118,43438.38,49804.0283
002622.SZ,20130801,1.8656,1.9833,1.8621,1.9605,1.8744,0.08609999999999984,4.5935,26618.32,29482.0425
002622.SZ,20130731,1.9377,1.9464,1.8551,1.8744,1.9377,-0.06329999999999991,-3.2668,14300.15,15514.5778
002622.SZ,20130730,1.8481,1.9499,1.8235,1.9377,1.8621,0.07559999999999989,4.0599,19236.92,20727.0616
002622.SZ,20130729,1.8445,1.8727,1.8287,1.8621,1.8586,0.0035000000000000586,0.1883,7627.26,8034.5336
002622.SZ,20130726,1.8885,1.8937,1.8147,1.8586,1.8797,-0.021099999999999897,-1.1225,10182.11,10749.002
002622.SZ,20130725,1.9464,1.971,1.8691,1.8797,1.9693,-0.08960000000000012,-4.5498,15461.91,16882.8894
002622.SZ,20130724,1.9341,1.9974,1.9078,1.9693,1.9377,0.03160000000000007,1.6308,21847.16,24358.9264
002622.SZ,20130723,1.9359,1.9816,1.9166,1.9377,1.9359,0.0018000000000000238,0.093,20435.68,22648.0798
002622.SZ,20130722,1.8621,1.9359,1.8498,1.9359,1.8885,0.04739999999999989,2.5099,15428.39,16669.4614
002622.SZ,20130719,1.9904,1.9974,1.8885,1.8885,1.9886,-0.10009999999999986,-5.0337,28658.4,31727.3239
002622.SZ,20130718,1.9833,2.0237,1.9359,1.9886,1.9886,0.0,0.0,45588.28,51142.1548
002622.SZ,20130717,1.8077,1.9886,1.7989,1.9886,1.8077,0.18089999999999984,10.0072,60052.76,65647.4727
002622.SZ,20130716,1.8287,1.8498,1.7883,1.8077,1.8358,-0.028100000000000014,-1.5307,17667.35,18235.9811
002622.SZ,20130715,1.8568,1.8691,1.8305,1.8358,1.8586,-0.02279999999999993,-1.2267,14972.97,15768.0916
002622.SZ,20130712,1.8445,1.8885,1.834,1.8586,1.8586,0.0,0.0,20161.0,21370.2969
002622.SZ,20130711,1.8937,1.9201,1.8445,1.8586,1.885,-0.02639999999999998,-1.4005,39542.02,42347.4358
002622.SZ,20130710,1.8621,1.9324,1.82,1.885,1.8586,0.02639999999999998,1.4204,34631.07,37344.6147
002622.SZ,20130709,1.7743,1.8709,1.7743,1.8586,1.8024,0.05620000000000003,3.1181,14371.42,15022.734
002622.SZ,20130708,1.7233,1.8551,1.6601,1.8024,1.7304,0.07200000000000006,4.1609,15017.39,15341.5975
002622.SZ,20130705,1.7356,1.7655,1.7128,1.7304,1.7356,-0.0052000000000000934,-0.2996,5557.6,5511.2215
002622.SZ,20130704,1.6689,1.7743,1.6566,1.7356,1.6829,0.05269999999999997,3.1315,10825.95,10747.7891
002622.SZ,20130703,1.6618,1.7005,1.6337,1.6829,1.6812,0.0017000000000000348,0.1011,4429.07,4218.3333
002622.SZ,20130702,1.6513,1.6864,1.6443,1.6812,1.6601,0.02110000000000012,1.271,4696.02,4473.8373
002622.SZ,20130701,1.6214,1.6829,1.5986,1.6601,1.6232,0.03689999999999993,2.2733,3811.46,3549.5315
002622.SZ,20130628,1.6214,1.639,1.5846,1.6232,1.6197,0.0035000000000000586,0.2161,3270.17,3009.0278
002622.SZ,20130627,1.6513,1.6741,1.6021,1.6197,1.6548,-0.03510000000000013,-2.1211,6926.27,6473.167
002622.SZ,20130626,1.6302,1.6759,1.625,1.6548,1.632,0.022800000000000153,1.3971,5917.87,5571.0671
002622.SZ,20130625,1.6654,1.6689,1.5073,1.632,1.6741,-0.042100000000000026,-2.5148,8280.98,7595.3385
002622.SZ,20130624,1.7321,1.7725,1.6548,1.6741,1.7391,-0.06500000000000017,-3.7376,10268.39,10082.8708
002622.SZ,20130621,1.7462,1.7532,1.6935,1.7391,1.7637,-0.024599999999999955,-1.3948,5781.09,5685.4881
002622.SZ,20130620,1.7831,1.8041,1.7532,1.7637,1.7866,-0.02289999999999992,-1.2818,6536.31,6624.1388
002622.SZ,20130619,1.8006,1.8217,1.769,1.7866,1.8182,-0.03160000000000007,-1.738,5659.94,5745.3345
002622.SZ,20130618,1.7831,1.8252,1.7831,1.8182,1.8077,0.010499999999999954,0.5808,3858.0,3978.793
002622.SZ,20130617,1.8147,1.8322,1.7936,1.8077,1.82,-0.012299999999999978,-0.6758,5287.06,5446.0753
002622.SZ,20130614,1.827,1.8322,1.8059,1.82,1.8059,0.014100000000000001,0.7808,6050.2,6267.2759
002622.SZ,20130613,1.841,1.841,1.7637,1.8059,1.8621,-0.05620000000000003,-3.0181,8937.83,9136.7359
002622.SZ,20130607,1.9675,1.9675,1.8481,1.8621,1.9745,-0.11239999999999983,-5.6926,17865.2,19382.8405
002622.SZ,20130606,1.9868,2.0343,1.9675,1.9745,2.0062,-0.031700000000000284,-1.5801,28305.16,32291.7111
002622.SZ,20130605,1.9658,2.0378,1.9482,2.0062,1.9552,0.051000000000000156,2.6084,28666.04,32555.6989
002622.SZ,20130604,1.9482,1.9833,1.9148,1.9552,1.9271,0.028100000000000014,1.4581,14666.76,16252.3163
002622.SZ,20130603,1.9535,1.9745,1.9148,1.9271,1.9675,-0.04039999999999999,-2.0534,8219.33,9116.3125
002622.SZ,20130531,1.9675,2.0114,1.9499,1.9675,1.964,0.0035000000000000586,0.1782,14009.5,15766.4226
002622.SZ,20130530,1.9675,1.9851,1.9552,1.964,1.9798,-0.015800000000000036,-0.7981,8588.71,9632.1716
002622.SZ,20130529,1.9587,2.0132,1.9429,1.9798,1.9535,0.02629999999999999,1.3463,12773.92,14435.5416
002622.SZ,20130528,1.9693,1.9693,1.9254,1.9535,1.9675,-0.014000000000000012,-0.7116,9340.72,10353.4515
002622.SZ,20130527,1.9429,1.9798,1.9429,1.9675,1.9447,0.02279999999999993,1.1724,10904.8,12148.3802
002622.SZ,20130524,1.8972,1.9517,1.8972,1.9447,1.9131,0.03160000000000007,1.6518,10940.67,12005.0197
002622.SZ,20130523,1.8972,1.9675,1.8937,1.9131,1.9131,0.0,0.0,17286.2,19033.4367
002622.SZ,20130522,1.9587,1.9745,1.9025,1.9131,1.9552,-0.042100000000000026,-2.1532,12461.16,13722.7497
002622.SZ,20130521,1.9324,1.9552,1.9025,1.9552,1.9218,0.033400000000000096,1.738,17588.94,19300.1721
002622.SZ,20130520,1.9236,1.9587,1.906,1.9218,1.9201,0.0017000000000000348,0.0885,15700.62,17234.8921
002622.SZ,20130517,1.8814,1.9289,1.8656,1.9201,1.8779,0.042200000000000015,2.2472,20224.26,21995.4096
002622.SZ,20130516,1.8463,1.8972,1.8217,1.8779,1.8375,0.04039999999999999,2.1986,18897.35,20148.6625
002622.SZ,20130515,1.8252,1.8393,1.8059,1.8375,1.8252,0.012299999999999978,0.6739,4630.26,4806.5631
002622.SZ,20130514,1.8445,1.8445,1.8059,1.8252,1.8445,-0.019300000000000095,-1.0464,4876.71,5051.5588
002622.SZ,20130513,1.8516,1.8621,1.8252,1.8445,1.8445,0.0,0.0,9286.6,9720.9537
002622.SZ,20130510,1.8059,1.8533,1.7918,1.8445,1.8059,0.03859999999999997,2.1374,7858.59,8172.9066
002622.SZ,20130509,1.7918,1.8129,1.7831,1.8059,1.7989,0.007000000000000117,0.3891,4864.59,4978.8534
002622.SZ,20130508,1.7989,1.8006,1.7778,1.7989,1.7901,0.008799999999999919,0.4916,3708.26,3782.3334
002622.SZ,20130507,1.769,1.8006,1.769,1.7901,1.7831,0.007000000000000117,0.3926,3501.1,3565.2472
002622.SZ,20130506,1.7479,1.8112,1.7268,1.7831,1.7444,0.03869999999999996,2.2185,5097.57,5173.3871
002622.SZ,20130503,1.7181,1.755,1.7128,1.7444,1.7181,0.02629999999999999,1.5308,2686.36,2662.7512
002622.SZ,20130502,1.6794,1.7304,1.6794,1.7181,1.7233,-0.0052000000000000934,-0.3017,2897.23,2815.6921
002622.SZ,20130426,1.7479,1.7602,1.6935,1.7233,1.7427,-0.019399999999999862,-1.1132,5278.87,5209.0753
002622.SZ,20130425,1.7795,1.7795,1.7427,1.7427,1.7778,-0.03510000000000013,-1.9744,4959.48,4966.2473
002622.SZ,20130424,1.7637,1.7866,1.7427,1.7778,1.762,0.015800000000000036,0.8967,4560.63,4580.3079
002622.SZ,20130423,1.8112,1.8112,1.762,1.762,1.8077,-0.045700000000000074,-2.5281,5707.7,5779.2194
002622.SZ,20130422,1.827,1.8375,1.7831,1.8077,1.8551,-0.04739999999999989,-2.5551,8043.42,8263.7374
002622.SZ,20130419,1.8235,1.8674,1.8235,1.8551,1.8147,0.04039999999999999,2.2263,5624.9,5915.954
002622.SZ,20130418,1.8094,1.8358,1.8024,1.8147,1.82,-0.005300000000000082,-0.2912,3653.51,3784.7209
002622.SZ,20130417,1.8147,1.82,1.8024,1.82,1.8147,0.005300000000000082,0.2921,2581.33,2663.6426
002622.SZ,20130416,1.7831,1.8182,1.7585,1.8147,1.8077,0.006999999999999895,0.3872,3970.35,4037.6816
002622.SZ,20130415,1.8006,1.8182,1.7567,1.8077,1.8164,-0.00869999999999993,-0.479,4960.47,5082.1143
002622.SZ,20130412,1.7813,1.8217,1.7743,1.8164,1.7971,0.019300000000000095,1.074,4185.9,4294.4139
002622.SZ,20130411,1.8094,1.8252,1.7918,1.7971,1.8164,-0.019300000000000095,-1.0625,2156.01,2223.2454
002622.SZ,20130410,1.827,1.8375,1.7989,1.8164,1.8235,-0.007099999999999884,-0.3894,2963.05,3061.1634
002622.SZ,20130409,1.7795,1.8393,1.7795,1.8235,1.7989,0.024599999999999955,1.3675,2227.69,2311.3797
002622.SZ,20130408,1.8024,1.8024,1.7462,1.7989,1.82,-0.02110000000000012,-1.1593,3430.6,3461.5287
002622.SZ,20130403,1.7971,1.8305,1.7971,1.82,1.7954,0.024599999999999955,1.3702,3158.35,3271.5774
002622.SZ,20130402,1.8358,1.8498,1.7936,1.7954,1.841,-0.04559999999999986,-2.4769,3257.81,3376.388
002622.SZ,20130401,1.8182,1.8498,1.8147,1.841,1.82,0.020999999999999908,1.1538,4109.89,4298.3746
002622.SZ,20130329,1.8621,1.8727,1.8024,1.82,1.8639,-0.04389999999999983,-2.3553,11930.33,12463.7061
002622.SZ,20130328,1.9341,1.9341,1.8533,1.8639,1.9482,-0.08430000000000004,-4.3271,10782.81,11513.3511
002622.SZ,20130327,1.9675,1.9745,1.9359,1.9482,1.9587,-0.010500000000000176,-0.5361,6208.02,6915.7983
002622.SZ,20130326,1.9974,1.9974,1.9464,1.9587,1.9974,-0.03869999999999996,-1.9375,7250.08,8086.7887
002622.SZ,20130325,2.0185,2.029,1.9745,1.9974,2.0132,-0.015799999999999814,-0.7848,6881.23,7821.7374
002622.SZ,20130322,2.029,2.029,1.9956,2.0132,2.029,-0.015800000000000036,-0.7787,5254.09,6008.5499
002622.SZ,20130321,2.0431,2.0431,2.0079,2.029,2.0413,-0.0123000000000002,-0.6026,8140.48,9386.1992
002622.SZ,20130320,1.9324,2.0905,1.9113,2.0413,1.9324,0.10890000000000022,5.6355,14022.43,16038.8755
002622.SZ,20130319,1.8709,1.9412,1.8568,1.9324,1.8621,0.07029999999999981,3.7753,9262.28,10002.9245
002622.SZ,20130318,1.9341,1.9675,1.8533,1.8621,1.9341,-0.07199999999999984,-3.7227,7660.41,8223.3666
002622.SZ,20130315,1.9377,1.9745,1.9148,1.9341,1.9412,-0.007100000000000106,-0.3658,8386.54,9306.5694
002622.SZ,20130314,1.9447,1.9587,1.9324,1.9412,1.9447,-0.0035000000000000586,-0.18,5267.57,5834.9537
002622.SZ,20130313,1.9868,1.9904,1.9148,1.9447,1.9921,-0.04739999999999989,-2.3794,9524.68,10555.7004
002622.SZ,20130312,2.0729,2.0817,1.9675,1.9921,2.0554,-0.06330000000000013,-3.0797,14277.38,16396.1915
002622.SZ,20130311,2.0729,2.0887,2.0466,2.0554,2.0835,-0.028099999999999792,-1.3487,8808.04,10346.5261
002622.SZ,20130308,2.1344,2.1467,2.0764,2.0835,2.1397,-0.05620000000000003,-2.6265,16173.64,19421.5485
002622.SZ,20130307,2.0922,2.152,2.0694,2.1397,2.1028,0.036900000000000155,1.7548,25283.41,30471.2846
002622.SZ,20130306,2.0589,2.1344,2.0466,2.1028,2.0466,0.056199999999999584,2.746,17719.06,21098.0737
002622.SZ,20130305,2.0114,2.0501,1.9833,2.0466,2.0062,0.04039999999999999,2.0138,10586.25,12193.1859
002622.SZ,20130304,2.087,2.087,1.9956,2.0062,2.094,-0.08779999999999966,-4.1929,17780.9,20571.6885
002622.SZ,20130301,2.0641,2.0993,2.0413,2.094,2.0659,0.028099999999999792,1.3602,18475.49,21775.2781
002622.SZ,20130228,2.0026,2.0659,1.971,2.0659,2.0202,0.045700000000000074,2.2622,22090.32,25456.3974
002622.SZ,20130227,2.0343,2.0624,2.0026,2.0202,2.0343,-0.014100000000000001,-0.6931,8390.69,9697.0559
002622.SZ,20130226,2.0202,2.0905,2.0079,2.0343,2.0448,-0.010499999999999954,-0.5135,23144.0,27063.7901
002622.SZ,20130225,1.9991,2.0518,1.9956,2.0448,1.9904,0.054400000000000004,2.7331,17043.16,19662.28
002622.SZ,20130222,1.9605,2.0079,1.957,1.9904,1.9605,0.029900000000000038,1.5251,11309.44,12801.7614
002622.SZ,20130221,1.9675,1.9904,1.9412,1.9605,1.9886,-0.028100000000000014,-1.4131,11210.69,12544.8045
002622.SZ,20130220,1.9587,1.9956,1.9535,1.9886,1.957,0.03159999999999985,1.6147,8229.73,9257.1575
002622.SZ,20130219,2.0114,2.0167,1.9499,1.957,2.0114,-0.054400000000000004,-2.7046,9625.35,10822.1734
002622.SZ,20130218,2.0149,2.0325,1.9956,2.0114,2.0114,0.0,0.0,10204.52,11684.0999
002622.SZ,20130208,1.9851,2.0185,1.9728,2.0114,1.9886,0.022800000000000153,1.1465,13210.76,15029.1806
002622.SZ,20130207,1.9464,2.0026,1.9324,1.9886,1.9464,0.042200000000000015,2.1681,10664.06,11892.8862
002622.SZ,20130206,1.9359,1.957,1.9095,1.9464,1.9306,0.015799999999999814,0.8184,6195.69,6851.1128
002622.SZ,20130205,1.9166,1.9341,1.8937,1.9306,1.9218,0.008800000000000141,0.4579,6234.87,6797.0433
002622.SZ,20130204,1.964,1.964,1.9113,1.9218,1.9517,-0.029900000000000038,-1.532,6542.84,7206.1868
002622.SZ,20130201,1.9306,1.9517,1.9201,1.9517,1.9324,0.019300000000000095,0.9988,6973.88,7705.8012
002622.SZ,20130131,1.9218,1.9429,1.8639,1.9324,1.9412,-0.008800000000000141,-0.4533,5140.61,5637.6302
002622.SZ,20130130,1.9728,1.9745,1.9271,1.9412,1.9499,-0.00869999999999993,-0.4462,6597.85,7287.2881
002622.SZ,20130129,1.9043,1.9693,1.9043,1.9499,1.9218,0.028100000000000014,1.4622,7425.83,8231.3982
002622.SZ,20130128,1.8691,1.9271,1.8691,1.9218,1.8674,0.054400000000000004,2.9131,6591.93,7139.0429
002622.SZ,20130125,1.8797,1.8885,1.8533,1.8674,1.885,-0.01760000000000006,-0.9337,6384.51,6802.2131
002622.SZ,20130124,1.9763,1.9781,1.8639,1.885,1.9517,-0.06669999999999998,-3.4175,14076.6,15474.0065
002622.SZ,20130123,1.964,1.9816,1.9008,1.9517,1.9763,-0.024599999999999955,-1.2448,11688.75,12917.1719
002622.SZ,20130122,2.0483,2.0571,1.9622,1.9763,2.0589,-0.0826,-4.0119,16730.94,19168.8281
002622.SZ,20130121,2.0114,2.101,1.9939,2.0589,2.0044,0.05449999999999999,2.719,20822.72,24290.9826
002622.SZ,20130118,1.9868,2.0079,1.964,2.0044,1.9851,0.019299999999999873,0.9722,11209.63,12703.8353
002622.SZ,20130117,1.9833,1.9991,1.9622,1.9851,2.0044,-0.019299999999999873,-0.9629,10894.15,12296.3497
002622.SZ,20130116,2.0062,2.0167,1.9587,2.0044,2.0079,-0.0034999999999998366,-0.1743,13949.66,15787.5972
002622.SZ,20130115,1.9851,2.0132,1.9622,2.0079,1.9675,0.04039999999999977,2.0534,20202.8,22951.5268
002622.SZ,20130114,1.8832,1.9745,1.8814,1.9675,1.9008,0.06669999999999998,3.509,14943.91,16492.1317
002622.SZ,20130111,1.9499,1.964,1.8867,1.9008,1.9359,-0.03509999999999991,-1.8131,12096.79,13255.6241
002622.SZ,20130110,1.9218,1.9482,1.9113,1.9359,1.9394,-0.0035000000000000586,-0.1805,11390.14,12508.3209
002622.SZ,20130109,1.9148,1.9622,1.9113,1.9394,1.9271,0.012299999999999978,0.6383,14092.57,15558.3666
002622.SZ,20130108,1.899,1.9552,1.8832,1.9271,1.9078,0.019300000000000095,1.0116,13397.59,14668.7209
002622.SZ,20130107,1.8797,1.9113,1.8797,1.9078,1.9043,0.0034999999999998366,0.1838,6604.52,7137.0822
002622.SZ,20130104,1.9183,1.9183,1.8779,1.9043,1.899,0.005300000000000082,0.2791,10717.57,11581.7765
002622.SZ,20121231,1.906,1.9201,1.8832,1.899,1.9043,-0.005300000000000082,-0.2783,8589.44,9285.2312
002622.SZ,20121228,1.885,1.9271,1.8568,1.9043,1.8955,0.008800000000000141,0.4643,12919.9,13907.834
002622.SZ,20121227,1.9324,1.9904,1.8885,1.8955,1.9271,-0.03160000000000007,-1.6398,22160.25,24634.1258
002622.SZ,20121226,1.8972,1.9429,1.8674,1.9271,1.8814,0.045700000000000074,2.429,15800.17,17152.0489
002622.SZ,20121225,1.8322,1.899,1.8322,1.8814,1.8393,0.042100000000000026,2.2889,16095.77,17145.2776
002622.SZ,20121224,1.8445,1.8498,1.8147,1.8393,1.8393,0.0,0.0,11459.67,11964.5939
002622.SZ,20121221,1.8094,1.8656,1.7866,1.8393,1.8059,0.033399999999999874,1.8495,17453.73,18123.448
002622.SZ,20121220,1.8006,1.8129,1.7637,1.8059,1.827,-0.021099999999999897,-1.1549,13084.63,13327.4268
002622.SZ,20121219,1.7216,1.8972,1.7198,1.827,1.7251,0.10189999999999988,5.9069,23408.96,24241.3153
002622.SZ,20121218,1.7251,1.755,1.7181,1.7251,1.7391,-0.014000000000000012,-0.805,6504.17,6431.313
002622.SZ,20121217,1.7216,1.7479,1.7181,1.7391,1.7304,0.008700000000000152,0.5028,7341.74,7253.371
002622.SZ,20121214,1.6741,1.7356,1.6478,1.7304,1.6548,0.07559999999999989,4.5685,9800.62,9538.0108
002622.SZ,20121213,1.6583,1.69,1.646,1.6548,1.6566,-0.0018000000000000238,-0.1087,3787.78,3604.7559
002622.SZ,20121212,1.6829,1.6882,1.6478,1.6566,1.6794,-0.02279999999999993,-1.3576,4137.14,3920.5579
002622.SZ,20121211,1.7023,1.7023,1.6741,1.6794,1.7023,-0.02289999999999992,-1.3452,5422.14,5200.8529
002622.SZ,20121210,1.6531,1.7128,1.6513,1.7023,1.6654,0.03689999999999993,2.2157,8609.08,8289.8552
002622.SZ,20121207,1.625,1.6689,1.6232,1.6654,1.6302,0.0351999999999999,2.1592,5457.84,5144.3186
002622.SZ,20121206,1.6373,1.6601,1.6285,1.6302,1.646,-0.015799999999999814,-0.9599,3296.56,3075.6552
002622.SZ,20121205,1.5635,1.6636,1.5635,1.646,1.5846,0.0613999999999999,3.8748,6307.42,5878.5458
002622.SZ,20121204,1.5477,1.5898,1.5336,1.5846,1.5512,0.033400000000000096,2.1532,2927.8,2596.9774
002622.SZ,20121203,1.5951,1.6162,1.5512,1.5512,1.6179,-0.06669999999999998,-4.1226,2619.91,2354.8771
002622.SZ,20121130,1.5916,1.6197,1.5898,1.6179,1.5986,0.019299999999999873,1.2073,2005.74,1836.0291
002622.SZ,20121129,1.6373,1.6478,1.5951,1.5986,1.6302,-0.03160000000000007,-1.9384,2120.53,1956.5485
002622.SZ,20121128,1.6601,1.6847,1.6214,1.6302,1.6864,-0.056199999999999806,-3.3325,3599.56,3373.5517
002622.SZ,20121127,1.776,1.776,1.6829,1.6864,1.7848,-0.09840000000000004,-5.5132,6381.22,6239.9623
002622.SZ,20121126,1.8024,1.8147,1.7778,1.7848,1.8164,-0.03160000000000007,-1.7397,1864.73,1905.7041
002622.SZ,20121123,1.82,1.8358,1.8077,1.8164,1.8235,-0.007099999999999884,-0.3894,3305.4,3427.4911
002622.SZ,20121122,1.8287,1.8287,1.8006,1.8235,1.8287,-0.0052000000000000934,-0.2844,4251.14,4379.0726
002622.SZ,20121121,1.7954,1.8375,1.7831,1.8287,1.7989,0.02980000000000005,1.6566,3903.11,4019.8179
002622.SZ,20121120,1.7901,1.8006,1.776,1.7989,1.7883,0.010599999999999943,0.5927,2765.41,2820.6918
002622.SZ,20121119,1.7883,1.7883,1.7585,1.7883,1.7778,0.010499999999999954,0.5906,2176.59,2196.9337
002622.SZ,20121116,1.7989,1.7989,1.7708,1.7778,1.7883,-0.010499999999999954,-0.5871,1580.5,1602.48
002622.SZ,20121115,1.8217,1.8305,1.7831,1.7883,1.827,-0.03869999999999996,-2.1182,2324.0,2392.809
002622.SZ,20121114,1.8252,1.8375,1.7989,1.827,1.82,0.006999999999999895,0.3846,3139.0,3249.8846
002622.SZ,20121113,1.8656,1.8656,1.7567,1.82,1.8639,-0.04389999999999983,-2.3553,4014.81,4160.8007
002622.SZ,20121112,1.8604,1.8797,1.8498,1.8639,1.8498,0.01409999999999978,0.7622,1847.39,1957.0113
002622.SZ,20121109,1.8568,1.8674,1.8322,1.8498,1.8639,-0.01409999999999978,-0.7565,3242.79,3411.9072
002622.SZ,20121108,1.8797,1.892,1.8586,1.8639,1.906,-0.042100000000000026,-2.2088,4795.3,5119.0115
002622.SZ,20121107,1.8885,1.9236,1.8674,1.906,1.8885,0.01749999999999985,0.9267,4071.37,4406.0183
002622.SZ,20121106,1.9166,1.9166,1.8621,1.8885,1.9166,-0.028100000000000014,-1.4661,4377.11,4688.1043
002622.SZ,20121105,1.9201,1.9324,1.906,1.9166,1.9148,0.0018000000000000238,0.094,2971.49,3235.8881
002622.SZ,20121102,1.8937,1.9464,1.8885,1.9148,1.8937,0.02110000000000012,1.1142,7148.25,7822.8175
002622.SZ,20121101,1.8621,1.9025,1.8586,1.8937,1.8621,0.03159999999999985,1.697,4821.31,5181.0155
002622.SZ,20121031,1.8533,1.8762,1.8481,1.8621,1.8586,0.0035000000000000586,0.1883,2142.38,2265.8013
002622.SZ,20121030,1.8762,1.8762,1.8551,1.8586,1.8656,-0.006999999999999895,-0.3752,2164.1,2298.2031
002622.SZ,20121029,1.8481,1.8762,1.8481,1.8656,1.8586,0.006999999999999895,0.3766,2121.0,2248.7659
002622.SZ,20121026,1.9043,1.9271,1.8586,1.8586,1.9113,-0.05269999999999997,-2.7573,3754.12,4015.5893
002622.SZ,20121025,1.9271,1.957,1.9095,1.9113,1.9289,-0.01760000000000006,-0.9124,3760.71,4133.4804
002622.SZ,20121024,1.9675,1.9728,1.9254,1.9289,1.9816,-0.05269999999999997,-2.6595,6536.78,7223.2499
002622.SZ,20121023,2.0026,2.0026,1.971,1.9816,2.0026,-0.02100000000000013,-1.0486,4394.07,4960.4765
002622.SZ,20121022,1.9728,2.0062,1.9552,2.0026,1.9745,0.028100000000000236,1.4231,5211.27,5889.5931
002622.SZ,20121019,1.9904,2.0026,1.9745,1.9745,1.9939,-0.019400000000000084,-0.973,4097.49,4625.8508
002622.SZ,20121018,1.9816,2.0026,1.9517,1.9939,1.9745,0.019400000000000084,0.9825,6659.34,7541.8979
002622.SZ,20121017,1.9447,2.0009,1.9131,1.9745,1.9324,0.042100000000000026,2.1786,7967.7,8966.1287
002622.SZ,20121016,1.9166,1.9412,1.906,1.9324,1.9236,0.008799999999999919,0.4575,5532.4,6066.684
002622.SZ,20121015,1.9693,1.9693,1.9148,1.9236,1.971,-0.04740000000000011,-2.4049,3965.83,4369.4937
002622.SZ,20121012,1.9921,2.0185,1.9499,1.971,1.9921,-0.021099999999999897,-1.0592,4482.77,5043.9385
002622.SZ,20121011,2.022,2.0483,1.9816,1.9921,2.0132,-0.021099999999999897,-1.0481,8624.71,9897.5913
002622.SZ,20121010,1.9886,2.022,1.9816,2.0132,1.9939,0.019299999999999873,0.968,7662.51,8736.893
002622.SZ,20121009,1.9359,1.9991,1.9359,1.9939,1.9552,0.03869999999999996,1.9793,6677.33,7548.23
002622.SZ,20121008,1.9482,1.9622,1.9324,1.9552,1.9658,-0.010599999999999943,-0.5392,4344.44,4813.7794
002622.SZ,20120928,1.9078,1.9675,1.7918,1.9658,1.9236,0.042200000000000015,2.1938,7556.51,8248.9924
002622.SZ,20120927,1.8937,1.9464,1.8551,1.9236,1.8937,0.029900000000000038,1.5789,8203.19,8867.9562
002622.SZ,20120926,1.9499,1.957,1.8902,1.8937,1.9587,-0.06500000000000017,-3.3185,3727.0,4067.7984
002622.SZ,20120925,1.9658,1.9886,1.9499,1.9587,1.9763,-0.017599999999999838,-0.8906,3143.0,3522.685
002622.SZ,20120924,1.9377,1.9939,1.9341,1.9763,1.971,0.00529999999999986,0.2689,2897.6,3235.9441
002622.SZ,20120921,1.9974,1.9974,1.9552,1.971,1.9745,-0.0034999999999998366,-0.1773,3704.33,4160.6594
002622.SZ,20120920,2.0483,2.0536,1.9728,1.9745,2.0589,-0.08440000000000003,-4.0993,4710.7,5359.2519
002622.SZ,20120919,2.0167,2.1045,2.0149,2.0589,2.0167,0.04219999999999979,2.0925,7402.99,8672.3293
002622.SZ,20120918,1.9763,2.0167,1.9693,2.0167,1.9816,0.03510000000000013,1.7713,4559.48,5169.859
002622.SZ,20120917,2.0694,2.087,1.971,1.9816,2.0799,-0.09829999999999983,-4.7262,7589.07,8715.4403
002622.SZ,20120914,2.1081,2.1291,2.0676,2.0799,2.094,-0.014100000000000001,-0.6734,5324.1,6349.2539
002622.SZ,20120913,2.1397,2.1537,2.0835,2.094,2.1344,-0.04039999999999999,-1.8928,6585.33,7983.3597
002622.SZ,20120912,2.1344,2.1625,2.1186,2.1344,2.1309,0.0034999999999998366,0.1642,6390.88,7773.877
002622.SZ,20120911,2.1344,2.1572,2.1203,2.1309,2.1608,-0.029900000000000038,-1.3837,8162.68,9906.1794
002622.SZ,20120910,2.1291,2.166,2.1063,2.1608,2.1326,0.028200000000000003,1.3223,10411.34,12641.2044
002622.SZ,20120907,2.0729,2.152,2.0729,2.1326,2.0659,0.06669999999999998,3.2286,13298.77,16074.7005
002622.SZ,20120906,2.0202,2.0694,2.0202,2.0659,2.0325,0.033399999999999874,1.6433,5794.39,6766.762
002622.SZ,20120905,2.0044,2.0712,2.0044,2.0325,2.0062,0.02629999999999999,1.3109,7867.91,9138.3575
002622.SZ,20120904,2.0114,2.0272,1.9904,2.0062,2.0026,0.0036000000000000476,0.1798,6613.62,7559.3066
002622.SZ,20120903,1.9587,2.0149,1.9482,2.0026,1.9728,0.02980000000000005,1.5105,5526.31,6268.33
002622.SZ,20120831,1.9587,1.9833,1.9499,1.9728,1.9605,0.0123000000000002,0.6274,4152.19,4645.7975
002622.SZ,20120830,1.9939,2.0044,1.9254,1.9605,1.9921,-0.03160000000000007,-1.5863,8980.22,10040.8371
002622.SZ,20120829,2.0167,2.0167,1.9781,1.9921,2.0167,-0.024600000000000177,-1.2198,10313.8,11710.3847
002622.SZ,20120828,2.0905,2.0905,1.9939,2.0167,2.1432,-0.12650000000000006,-5.9024,19815.85,22827.8339
002622.SZ,20120827,2.2064,2.231,2.1432,2.1432,2.2064,-0.0631999999999997,-2.8644,6884.89,8508.9033
002622.SZ,20120824,2.2503,2.2591,2.2064,2.2064,2.2556,-0.04919999999999991,-2.1812,6348.25,8065.531
002622.SZ,20120823,2.2468,2.2609,2.2135,2.2556,2.2293,0.02629999999999999,1.1797,6269.8,7994.8468
002622.SZ,20120822,2.2644,2.2749,2.2222,2.2293,2.2697,-0.04039999999999999,-1.78,7437.2,9513.8342
002622.SZ,20120821,2.238,2.282,2.2345,2.2697,2.2416,0.028099999999999792,1.2536,11841.01,15256.0134
002622.SZ,20120820,2.2117,2.2574,2.1801,2.2416,2.2117,0.029900000000000038,1.3519,9085.53,11537.0226
002622.SZ,20120817,2.166,2.2626,2.166,2.2117,2.1783,0.033399999999999874,1.5333,6377.68,7999.8537
002622.SZ,20120816,2.1608,2.2187,2.1608,2.1783,2.2099,-0.03160000000000007,-1.4299,7939.84,9886.2133
002622.SZ,20120815,2.2152,2.3294,2.1906,2.2099,2.1801,0.02980000000000027,1.3669,19429.89,24958.754
002622.SZ,20120814,2.1485,2.1906,2.1168,2.1801,2.1502,0.029900000000000038,1.3906,5405.59,6637.1258
002622.SZ,20120813,2.1871,2.1906,2.1432,2.1502,2.1976,-0.04740000000000011,-2.1569,5714.78,7047.9926
002622.SZ,20120810,2.2064,2.2328,2.1853,2.1976,2.2064,-0.008799999999999919,-0.3988,7785.41,9748.2019
002622.SZ,20120809,2.1274,2.2117,2.1274,2.2064,2.1485,0.05790000000000006,2.6949,12807.45,15939.0565
002622.SZ,20120808,2.1748,2.1783,2.1256,2.1485,2.1731,-0.024599999999999955,-1.132,6487.22,7960.7991
002622.SZ,20120807,2.152,2.2082,2.1256,2.1731,2.1309,0.04219999999999979,1.9804,13016.99,16038.0682
002622.SZ,20120806,2.0589,2.1397,2.0571,2.1309,2.0606,0.07030000000000003,3.4116,8540.72,10224.2285
002622.SZ,20120803,2.0026,2.0641,2.0009,2.0606,2.0009,0.059699999999999864,2.9837,5077.64,5889.3017
002622.SZ,20120802,2.0448,2.0466,1.9939,2.0009,2.036,-0.03509999999999991,-1.724,5635.16,6464.6906
002622.SZ,20120801,2.0167,2.0641,2.0062,2.036,2.0114,0.024599999999999955,1.223,6010.06,6987.5761
002622.SZ,20120731,2.0729,2.0993,2.0044,2.0114,2.0993,-0.08789999999999987,-4.1871,8468.12,9778.8794
002622.SZ,20120730,2.166,2.1748,2.0905,2.0993,2.1643,-0.06499999999999995,-3.0033,6776.3,8187.5457
002622.SZ,20120727,2.166,2.1818,2.1537,2.1643,2.1555,0.008799999999999919,0.4083,3817.76,4701.5864
002622.SZ,20120726,2.1783,2.1941,2.1485,2.1555,2.1818,-0.02629999999999999,-1.2054,6203.45,7670.8651
002622.SZ,20120725,2.2099,2.2275,2.1748,2.1818,2.2064,-0.024599999999999955,-1.1149,6110.18,7645.7209
002622.SZ,20120724,2.1748,2.2275,2.1643,2.2064,2.1889,0.01750000000000007,0.7995,5042.25,6304.1331
002622.SZ,20120723,2.166,2.217,2.1274,2.1889,2.1783,0.01059999999999972,0.4866,5951.62,7368.5744
002622.SZ,20120720,2.1959,2.2293,2.1731,2.1783,2.2029,-0.024599999999999955,-1.1167,7062.65,8840.1186
002622.SZ,20120719,2.1748,2.2258,2.159,2.2029,2.1748,0.028100000000000236,1.2921,12489.97,15652.0827
002622.SZ,20120718,2.1291,2.1941,2.1081,2.1748,2.1432,0.03159999999999963,1.4744,7902.35,9609.1467
002622.SZ,20120717,2.1221,2.159,2.1151,2.1432,2.1414,0.0018000000000002458,0.0841,7640.34,9307.9495
002622.SZ,20120716,2.361,2.3628,2.1256,2.1414,2.3505,-0.20909999999999984,-8.896,20620.35,25689.1591
002622.SZ,20120713,2.4067,2.4225,2.3435,2.3505,2.426,-0.07550000000000034,-3.1121,11553.39,15662.9223
002622.SZ,20120712,2.4084,2.4295,2.3347,2.426,2.4137,0.0123000000000002,0.5096,16597.96,22492.9056
002622.SZ,20120711,2.4436,2.4576,2.3803,2.4137,2.4506,-0.036900000000000155,-1.5058,13512.7,18514.9166
002622.SZ,20120710,2.549,2.5789,2.4436,2.4506,2.5964,-0.14579999999999993,-5.6155,19523.56,27738.7025
002622.SZ,20120709,2.7036,2.7036,2.5911,2.5964,2.7036,-0.10719999999999974,-3.9651,18798.64,28400.5801
002622.SZ,20120706,2.6544,2.7141,2.6175,2.7036,2.6316,0.07199999999999962,2.736,20982.59,31967.5735
002622.SZ,20120705,2.7036,2.7071,2.6175,2.6316,2.7317,-0.10009999999999986,-3.6644,23423.24,35408.9535
002622.SZ,20120704,2.6368,2.7475,2.6245,2.7317,2.6298,0.1019000000000001,3.8748,30250.16,46458.3178
002622.SZ,20120703,2.6438,2.679,2.6087,2.6298,2.6474,-0.017600000000000282,-0.6648,17133.61,25809.9833
002622.SZ,20120702,2.5718,2.6597,2.5525,2.6474,2.5701,0.07730000000000015,3.0077,18561.37,27617.3104
002622.SZ,20120629,2.5455,2.5771,2.4787,2.5701,2.5525,0.017599999999999838,0.6895,9617.72,13859.4638
002622.SZ,20120628,2.5472,2.5929,2.542,2.5525,2.5578,-0.005299999999999638,-0.2072,9458.92,13823.651
002622.SZ,20120627,2.5332,2.5736,2.5226,2.5578,2.5455,0.012299999999999756,0.4832,7397.06,10765.647
002622.SZ,20120626,2.5384,2.5718,2.5086,2.5455,2.5648,-0.019299999999999873,-0.7525,5730.86,8288.4567
002622.SZ,20120625,2.5472,2.5929,2.5349,2.5648,2.5911,-0.02629999999999999,-1.015,8598.04,12503.4101
002622.SZ,20120621,2.6667,2.6667,2.5736,2.5911,2.6649,-0.07379999999999987,-2.7693,14101.29,20894.2596
002622.SZ,20120620,2.6263,2.7071,2.6263,2.6649,2.6438,0.021099999999999675,0.7981,23547.95,35925.6051
002622.SZ,20120619,2.6175,2.6649,2.6034,2.6438,2.628,0.015800000000000036,0.6012,11436.34,17122.3803
002622.SZ,20120618,2.6316,2.6403,2.6087,2.628,2.5964,0.03160000000000007,1.2171,9881.54,14788.0496
002622.SZ,20120615,2.6351,2.6403,2.556,2.5964,2.6105,-0.014100000000000001,-0.5401,11214.31,16559.3602
002622.SZ,20120614,2.6386,2.6544,2.5982,2.6105,2.6474,-0.036900000000000155,-1.3938,13505.36,20177.0262
002622.SZ,20120613,2.6052,2.6649,2.5789,2.6474,2.5911,0.05630000000000024,2.1728,17306.98,25901.2724
002622.SZ,20120612,2.5666,2.6087,2.5578,2.5911,2.5806,0.010499999999999954,0.4069,11064.08,16287.6244
002622.SZ,20120611,2.5332,2.5964,2.5174,2.5806,2.5384,0.04219999999999979,1.6625,9221.31,13453.5844
002622.SZ,20120608,2.5736,2.5824,2.5051,2.5384,2.5595,-0.021099999999999675,-0.8244,11883.4,17180.2348
002622.SZ,20120607,2.5654,2.5895,2.531,2.5585,2.5379,0.02059999999999995,0.8117,9953.12,14771.6116
002622.SZ,20120606,2.5155,2.5551,2.5034,2.5379,2.5069,0.03100000000000014,1.2366,8720.95,12811.5498
002622.SZ,20120605,2.5206,2.5671,2.5069,2.5069,2.5017,0.005199999999999871,0.2079,13179.04,19348.0336
002622.SZ,20120604,2.6497,2.6566,2.4966,2.5017,2.6927,-0.19099999999999984,-7.0933,22976.92,34587.5763
002622.SZ,20120601,2.6858,2.734,2.6686,2.6927,2.6738,0.018899999999999917,0.7069,21383.13,33556.0614
002622.SZ,20120531,2.6531,2.7099,2.629,2.6738,2.6669,0.006899999999999906,0.2587,23062.99,35856.0762
002622.SZ,20120530,2.6411,2.6807,2.6136,2.6669,2.6462,0.020700000000000163,0.7823,19929.01,30750.4844
002622.SZ,20120529,2.5809,2.6497,2.5585,2.6462,2.5809,0.06529999999999969,2.5301,21014.98,32031.4819
002622.SZ,20120528,2.5929,2.605,2.4948,2.5809,2.6032,-0.022299999999999986,-0.8566,26063.67,38491.5655
002622.SZ,20120525,2.6841,2.691,2.5964,2.6032,2.7047,-0.1014999999999997,-3.7527,26712.36,41059.8013
002622.SZ,20120524,2.5516,2.7667,2.5516,2.7047,2.6136,0.09109999999999996,3.4856,53321.81,83217.5855
002622.SZ,20120523,2.6411,2.66,2.5895,2.6136,2.6824,-0.06879999999999997,-2.5649,31428.01,47899.1394
002622.SZ,20120522,2.7099,2.7254,2.6153,2.6824,2.7254,-0.04300000000000015,-1.5778,48675.3,75078.621
002622.SZ,20120521,2.7908,2.8906,2.6858,2.7254,2.7099,0.015499999999999847,0.572,93518.53,151843.7761
002622.SZ,20120518,2.5258,2.7099,2.488,2.7099,2.4639,0.246,9.9842,64433.6,99827.9215
002622.SZ,20120516,2.5103,2.5103,2.4639,2.4639,2.5138,-0.04989999999999961,-1.985,7741.85,11189.9996
002622.SZ,20120515,2.5189,2.5396,2.4708,2.5138,2.5413,-0.027500000000000302,-1.0821,9168.45,13286.5807
002622.SZ,20120514,2.5723,2.5964,2.5379,2.5413,2.5396,0.0017000000000000348,0.0669,10499.55,15706.9586
002622.SZ,20120511,2.5344,2.5998,2.5155,2.5396,2.5361,0.0035000000000002807,0.138,9343.68,13917.6505
002622.SZ,20120510,2.5155,2.5551,2.512,2.5361,2.5206,0.015499999999999847,0.6149,9214.88,13591.5119
002622.SZ,20120509,2.6497,2.6497,2.5206,2.5206,2.6497,-0.12910000000000021,-4.8722,17807.21,26535.1241
002622.SZ,20120508,2.617,2.6549,2.5998,2.6497,2.617,0.03270000000000017,1.2495,12407.99,18955.873
002622.SZ,20120507,2.5998,2.629,2.586,2.617,2.6032,0.013799999999999812,0.5301,11832.53,17927.83
002622.SZ,20120504,2.5568,2.6118,2.5499,2.6032,2.5637,0.03950000000000031,1.5407,12304.28,18521.4282
002622.SZ,20120503,2.5344,2.5757,2.5292,2.5637,2.543,0.02069999999999972,0.814,11914.12,17719.8698
002622.SZ,20120502,2.5585,2.5791,2.5172,2.543,2.512,0.03100000000000014,1.2341,11756.54,17372.6194
002622.SZ,20120427,2.4931,2.5361,2.4553,2.512,2.5069,0.0051000000000001044,0.2034,13588.79,19726.9131
002622.SZ,20120426,2.4948,2.5361,2.4518,2.5069,2.5017,0.005199999999999871,0.2079,17952.32,25977.3304
002622.SZ,20120425,2.5516,2.5516,2.4088,2.5017,2.5809,-0.07920000000000016,-3.0687,29802.69,42623.4017
002622.SZ,20120424,2.6239,2.6617,2.5052,2.5809,2.629,-0.04809999999999981,-1.8296,18452.23,27582.8973
002622.SZ,20120423,2.7873,2.8131,2.6032,2.629,2.7925,-0.16349999999999998,-5.855,24531.39,38421.634
002622.SZ,20120420,2.7426,2.8011,2.7374,2.7925,2.7529,0.03960000000000008,1.4385,15595.18,25200.3302
002622.SZ,20120419,2.7185,2.765,2.7185,2.7529,2.7392,0.013700000000000045,0.5001,13708.67,21857.3065
002622.SZ,20120418,2.6686,2.7392,2.66,2.7392,2.6686,0.07059999999999977,2.6456,13804.12,21770.1626
002622.SZ,20120417,2.6772,2.7082,2.6549,2.6686,2.6789,-0.010299999999999976,-0.3845,11420.03,17771.8167
002622.SZ,20120416,2.6841,2.7047,2.6686,2.6789,2.7082,-0.029300000000000104,-1.0819,11284.71,17619.221
002622.SZ,20120413,2.7151,2.7374,2.691,2.7082,2.7047,0.0035000000000002807,0.1294,16563.76,26124.6837
002622.SZ,20120412,2.6514,2.7099,2.6325,2.7047,2.6531,0.05160000000000009,1.9449,17531.72,27271.5484
002622.SZ,20120411,2.6462,2.6789,2.605,2.6531,2.6669,-0.013800000000000257,-0.5175,14102.29,21684.0494
002622.SZ,20120410,2.5637,2.6772,2.5447,2.6669,2.5757,0.09120000000000017,3.5408,16162.79,24477.1301
002622.SZ,20120409,2.5895,2.6376,2.5637,2.5757,2.586,-0.010299999999999976,-0.3983,15771.61,23835.4008
002622.SZ,20120405,2.5379,2.6067,2.5155,2.586,2.4914,0.0945999999999998,3.7971,15621.37,23369.2825
002622.SZ,20120330,2.5327,2.5568,2.4794,2.4914,2.5396,-0.04820000000000002,-1.8979,11111.51,16263.4077
002622.SZ,20120329,2.5809,2.5809,2.4776,2.5396,2.6101,-0.07050000000000001,-2.701,21135.51,31166.5821
002622.SZ,20120328,2.8785,2.8992,2.6101,2.6101,2.8992,-0.2890999999999999,-9.9717,34870.25,55065.8126
002622.SZ,20120327,2.9164,2.956,2.8734,2.8992,2.8992,0.0,0.0,16156.3,27362.2429
002622.SZ,20120326,2.8596,2.9215,2.8441,2.8992,2.8596,0.03960000000000008,1.3848,14191.98,23832.1591
002622.SZ,20120323,2.8889,2.9422,2.8407,2.8596,2.9043,-0.044700000000000184,-1.5391,15375.6,25832.8589
002622.SZ,20120322,2.8768,2.9353,2.8562,2.9043,2.894,0.010299999999999976,0.3559,16954.87,28563.6062
002622.SZ,20120321,2.8992,2.9147,2.7959,2.894,2.8716,0.022400000000000198,0.7801,22581.97,37567.5495
002622.SZ,20120320,3.011,3.011,2.8665,2.8716,3.0265,-0.15490000000000004,-5.1181,27850.21,47625.4385
002622.SZ,20120319,2.9594,3.0282,2.9456,3.0265,2.9646,0.061900000000000066,2.088,25775.76,44783.0889
002622.SZ,20120316,2.8992,2.9714,2.8699,2.9646,2.8802,0.08440000000000003,2.9304,27413.1,46560.0684
002622.SZ,20120315,2.9904,3.0093,2.8424,2.8802,2.9938,-0.11359999999999992,-3.7945,39132.79,66210.1409
002622.SZ,20120314,3.2536,3.2983,2.9267,2.9938,3.2347,-0.24090000000000034,-7.4474,55096.24,100884.9622
002622.SZ,20120313,3.1968,3.2347,3.1693,3.2347,3.202,0.03270000000000017,1.0212,29897.0,55577.7177
002622.SZ,20120312,3.2519,3.2777,3.1607,3.202,3.2519,-0.049900000000000055,-1.5345,40027.87,74484.7601
002622.SZ,20120309,3.1917,3.2897,3.1848,3.2519,3.1727,0.07920000000000016,2.4963,41104.56,77340.2807
002622.SZ,20120308,3.1831,3.2158,3.1418,3.1727,3.1917,-0.019000000000000128,-0.5953,42351.75,78194.7266
002622.SZ,20120307,3.2106,3.2502,3.1624,3.1917,3.2571,-0.0653999999999999,-2.0079,43063.14,80324.3193
002622.SZ,20120306,3.1246,3.3861,3.1022,3.2571,3.1418,0.11529999999999996,3.6699,93330.25,176406.8439
002622.SZ,20120305,3.0816,3.1934,3.0489,3.1418,3.0695,0.07229999999999981,2.3554,56595.64,102411.0152
002622.SZ,20120302,3.0127,3.0712,2.9869,3.0695,3.011,0.058499999999999996,1.9429,46471.67,81819.2985
002622.SZ,20120301,2.968,3.0557,2.9405,3.011,3.0058,0.0052000000000003155,0.173,44720.89,77629.6391
002622.SZ,20120229,2.9164,3.0609,2.9164,3.0058,2.9164,0.08939999999999992,3.0654,78233.88,136540.9778
002622.SZ,20120228,2.894,2.9422,2.8424,2.9164,2.9301,-0.013700000000000045,-0.4676,35406.58,59631.2387
002622.SZ,20120227,2.9594,3.0041,2.9284,2.9301,2.9542,-0.024100000000000232,-0.8158,49493.59,85355.1486
002622.SZ,20120224,2.9336,2.9577,2.894,2.9542,2.9422,0.01200000000000001,0.4079,45546.08,77643.7897
002622.SZ,20120223,2.8957,2.956,2.8665,2.9422,2.9129,0.029300000000000104,1.0059,50134.34,84988.0825
002622.SZ,20120222,2.8131,2.9215,2.8063,2.9129,2.8217,0.09120000000000017,3.2321,49352.44,82356.5253
002622.SZ,20120221,2.7736,2.8286,2.7443,2.8217,2.7856,0.0360999999999998,1.296,33418.97,54215.5454
002622.SZ,20120220,2.8596,2.8613,2.7856,2.7856,2.8269,-0.041300000000000114,-1.461,34699.42,56902.7246
002622.SZ,20120217,2.8716,2.8751,2.7873,2.8269,2.8716,-0.04469999999999974,-1.5566,32092.2,52783.8024
002622.SZ,20120216,2.7787,2.8975,2.7787,2.8716,2.8045,0.06709999999999994,2.3926,53034.59,87376.4505
002622.SZ,20120215,2.7546,2.82,2.7254,2.8045,2.7787,0.025799999999999823,0.9285,48027.19,77485.4031
002622.SZ,20120214,2.765,2.7977,2.722,2.7787,2.777,0.0017000000000000348,0.0612,36827.91,59062.0156
002622.SZ,20120213,2.6342,2.8011,2.6273,2.777,2.6755,0.10150000000000015,3.7937,57978.35,92293.8237
002622.SZ,20120210,2.6583,2.7099,2.617,2.6755,2.6669,0.008599999999999941,0.3225,38528.54,59877.3603
002622.SZ,20120209,2.6755,2.7271,2.6497,2.6669,2.6755,-0.008599999999999941,-0.3214,40701.95,63570.6387
002622.SZ,20120208,2.5826,2.6875,2.5516,2.6755,2.5843,0.09120000000000017,3.529,35709.24,54605.373
002622.SZ,20120207,2.6635,2.6721,2.5809,2.5843,2.691,-0.10670000000000002,-3.9651,33579.49,51020.025
002622.SZ,20120206,2.6394,2.691,2.5998,2.691,2.6222,0.06879999999999997,2.6238,44752.24,68617.8547
002622.SZ,20120203,2.5447,2.6549,2.5172,2.6222,2.5551,0.06709999999999994,2.6261,49810.67,74941.1491
002622.SZ,20120202,2.4948,2.5619,2.4673,2.5551,2.4948,0.0602999999999998,2.417,43205.29,62742.4006
002622.SZ,20120201,2.4776,2.5275,2.4535,2.4948,2.4535,0.041300000000000114,1.6833,28548.39,41405.2021
002622.SZ,20120131,2.4794,2.5052,2.3916,2.4535,2.4931,-0.03960000000000008,-1.5884,21259.27,30059.9395
002622.SZ,20120130,2.4983,2.5206,2.4587,2.4931,2.4948,-0.0017000000000000348,-0.0681,27684.3,40059.1205
002622.SZ,20120120,2.4673,2.5344,2.4639,2.4948,2.4621,0.03270000000000017,1.3281,17141.24,24943.707
002622.SZ,20120119,2.395,2.4828,2.3796,2.4621,2.4329,0.029199999999999893,1.2002,20202.65,28776.682
002622.SZ,20120118,2.5981,2.6153,2.3916,2.4329,2.5826,-0.14969999999999972,-5.7965,27683.04,40032.3444
002622.SZ,20120117,2.4088,2.605,2.3796,2.5826,2.3899,0.19269999999999987,8.0631,13302.69,19377.0377
002622.SZ,20120116,2.4501,2.4794,2.3899,2.3899,2.5172,-0.12729999999999997,-5.0572,12077.89,17084.0739
002622.SZ,20120113,2.7529,2.7701,2.5172,2.5172,2.7581,-0.24090000000000034,-8.7343,19251.69,29368.0057
002622.SZ,20120112,2.7185,2.808,2.7151,2.7581,2.7323,0.025800000000000267,0.9443,18671.84,29925.8915
002622.SZ,20120111,2.7392,2.8321,2.7099,2.7323,2.7392,-0.006899999999999906,-0.2519,21483.05,34425.4066
002622.SZ,20120110,2.6325,2.7736,2.6325,2.7392,2.6617,0.07749999999999968,2.9117,26173.56,41229.7979
002622.SZ,20120109,2.5172,2.6635,2.4621,2.6617,2.5327,0.129,5.0934,22588.92,34014.2736
002622.SZ,20120106,2.4604,2.5499,2.4157,2.5327,2.4484,0.08430000000000026,3.4431,13828.08,19839.8564
002622.SZ,20120105,2.5723,2.574,2.4088,2.4484,2.5688,-0.12040000000000006,-4.687,14777.5,21313.007
002622.SZ,20120104,2.8063,2.8217,2.5637,2.5688,2.7701,-0.2012999999999998,-7.2669,17044.39,26878.3676
002622.SZ,20111230,2.6239,2.7977,2.6153,2.7701,2.6032,0.1668999999999996,6.4113,25049.25,39609.1741
002622.SZ,20111229,2.6084,2.6359,2.5826,2.6032,2.6101,-0.006899999999999906,-0.2644,10417.55,15821.359
002622.SZ,20111228,2.586,2.6325,2.5034,2.6101,2.6359,-0.025799999999999823,-0.9788,15505.55,23159.0583
002622.SZ,20111227,2.7959,2.8028,2.6187,2.6359,2.8114,-0.1755,-6.2424,16114.46,25091.8984
002622.SZ,20111226,2.8286,2.8837,2.7942,2.8114,2.808,0.0034000000000000696,0.1211,11630.98,19240.0228
002622.SZ,20111223,2.8045,2.894,2.7719,2.808,2.839,-0.03100000000000014,-1.0919,17805.51,29350.0819
002622.SZ,20111222,2.9611,2.968,2.7374,2.839,2.9732,-0.13419999999999987,-4.5137,23443.57,38632.2189
002622.SZ,20111221,3.1676,3.2072,2.9594,2.9732,3.1366,-0.1634000000000002,-5.2095,19335.68,34589.7287
002622.SZ,20111220,3.1177,3.2347,3.1177,3.1366,3.1521,-0.015499999999999847,-0.4917,18295.2,33727.6266
002622.SZ,20111219,3.1745,3.1865,3.0506,3.1521,3.1951,-0.04300000000000015,-1.3458,18882.08,34193.1912
002622.SZ,20111216,3.1022,3.1951,3.0024,3.1951,3.1125,0.08260000000000023,2.6538,26377.29,47378.7262
002622.SZ,20111215,3.2433,3.2485,3.097,3.1125,3.3362,-0.2237,-6.7052,30987.94,57031.0561
002622.SZ,20111214,3.5668,3.596,3.307,3.3362,3.5754,-0.2392000000000003,-6.6902,22981.05,46191.2793
002622.SZ,20111213,3.4893,3.6115,3.4756,3.5754,3.4979,0.07750000000000012,2.2156,28254.63,58121.1528
002622.SZ,20111212,3.5943,3.6304,3.4842,3.4979,3.6063,-0.10840000000000005,-3.0059,15144.98,31357.5536
002622.SZ,20111209,3.7354,3.8076,3.584,3.6063,3.7715,-0.1652,-4.3802,25310.01,54048.472
002622.SZ,20111208,3.7853,3.8352,3.6734,3.7715,3.8111,-0.03960000000000008,-1.0391,28852.31,63101.5166
002622.SZ,20111207,3.7337,3.8541,3.6906,3.8111,3.7629,0.04820000000000002,1.2809,41195.9,90792.9048
002622.SZ,20111206,3.5134,3.7749,3.4928,3.7629,3.553,0.2099000000000002,5.9077,49617.7,106132.1797
002622.SZ,20111205,3.5169,3.6287,3.4756,3.553,3.4945,0.058499999999999996,1.6741,29581.57,61328.6467
002622.SZ,20111202,3.5788,3.6253,3.4756,3.4945,3.6442,-0.14970000000000017,-4.1079,21084.34,43349.6993
002622.SZ,20111201,3.7595,3.7595,3.639,3.6442,3.6012,0.04300000000000015,1.194,33886.48,72843.4793
002622.SZ,20111130,3.8954,3.8954,3.5358,3.6012,3.8885,-0.2873000000000001,-7.3885,32444.03,69569.6274
002622.SZ,20111129,3.8644,3.9126,3.8369,3.8885,3.8111,0.07739999999999991,2.0309,18139.15,40861.7401
002622.SZ,20111128,3.9573,3.9573,3.7646,3.8111,3.9264,-0.11529999999999996,-2.9365,21031.39,46974.5819
002622.SZ,20111125,3.9745,4.0588,3.9229,3.9264,4.0434,-0.11699999999999999,-2.8936,23618.88,54672.6514
002622.SZ,20111124,4.1277,4.1896,3.9952,4.0434,4.2034,-0.16000000000000014,-3.8064,29355.97,69742.6518
002622.SZ,20111123,4.1518,4.2584,4.0709,4.2034,4.1724,0.031000000000000583,0.743,29019.1,70595.17
002622.SZ,20111122,4.2498,4.2911,4.0434,4.1724,4.3238,-0.15140000000000065,-3.5015,31762.6,77076.2308
002622.SZ,20111121,4.2326,4.3462,4.2103,4.3238,4.2275,0.09630000000000027,2.2779,43001.29,107204.3357
002622.SZ,20111118,4.1604,4.2842,4.1087,4.2275,4.1638,0.06369999999999987,1.5299,42282.61,103628.8076
002622.SZ,20111117,4.1655,4.2429,4.0571,4.1638,4.1621,0.001700000000000479,0.0408,37046.28,89383.1137
002622.SZ,20111116,4.3858,4.4202,4.095,4.1621,4.4047,-0.24260000000000037,-5.5078,49118.58,121216.1156
002622.SZ,20111115,4.3634,4.4718,4.3049,4.4047,4.3737,0.030999999999999694,0.7088,40821.76,104681.3878
002622.SZ,20111114,4.2498,4.3875,4.2017,4.3737,4.2223,0.15140000000000065,3.5857,49045.56,123151.3282
002622.SZ,20111111,4.4425,4.4735,4.1999,4.2223,4.4529,-0.23059999999999992,-5.1786,64233.7,160619.6186
002622.SZ,20111110,4.5526,4.6731,4.4477,4.4529,4.606,-0.15310000000000024,-3.3239,61626.09,162599.8522
002622.SZ,20111109,4.4391,4.606,4.3617,4.606,4.4167,0.18930000000000025,4.286,60132.91,156835.5309
002622.SZ,20111108,4.5303,4.6765,4.4081,4.4167,4.5475,-0.1308000000000007,-2.8763,71360.9,188587.6058
002622.SZ,20111107,4.5251,4.5733,4.4219,4.5475,4.6094,-0.06189999999999962,-1.3429,62096.51,162748.3581
002622.SZ,20111104,4.4563,4.778,4.4546,4.6094,4.3531,0.25629999999999953,5.8878,129424.78,345540.1294
002622.SZ,20111103,4.3324,4.5905,4.286,4.3531,4.3152,0.03790000000000049,0.8783,113294.68,291645.5648
002622.SZ,20111102,4.1535,4.4133,4.0227,4.3152,4.2928,0.022400000000000198,0.5218,94871.91,230731.7244
002622.SZ,20111101,4.2808,4.3772,4.2223,4.2928,4.3789,-0.08610000000000007,-1.9662,69570.22,174005.511
002622.SZ,20111031,4.2326,4.4219,4.1345,4.3789,4.3066,0.07229999999999936,1.6788,94194.97,233866.0776
002622.SZ,20111028,4.1982,4.3599,4.1105,4.3066,4.2068,0.09980000000000011,2.3723,107850.79,266147.3171
002622.SZ,20111027,3.8231,4.2481,3.8231,4.2068,3.8713,0.33550000000000013,8.6663,115074.32,274024.5027
002622.SZ,20111026,3.9178,4.1259,3.8627,3.8713,4.0193,-0.14800000000000013,-3.6822,94538.02,219691.2985
002622.SZ,20111025,3.8988,4.2429,3.8386,4.0193,3.9642,0.05510000000000037,1.3899,120038.65,281123.0853
002622.SZ,20111024,3.6614,3.99,3.5031,3.9642,3.6941,0.2700999999999998,7.3117,96120.99,209184.4471
002622.SZ,20111021,3.9057,3.9504,3.5754,3.6941,3.9332,-0.23909999999999965,-6.079,80959.6,175954.1263
002622.SZ,20111020,4.267,4.2825,3.9332,3.9332,4.3703,-0.4371000000000005,-10.0016,123277.11,288069.9933
002622.SZ,20111019,4.2636,4.6387,4.1638,4.3703,4.4942,-0.1238999999999999,-2.7569,150548.83,385899.8577
002622.SZ,20111018,4.3668,5.2357,4.3221,4.4942,3.4412,1.0530000000000004,30.5998,273341.61,714764.9677
