ts_code,trade_date,open,high,low,close,pre_close,change,pct_chg,vol,amount
300540.SZ,20230316,18.35,18.5,18.18,18.25,18.4,-0.14999999999999858,-0.8152,8606.0,15722.427
300540.SZ,20230315,18.56,18.85,18.28,18.4,18.55,-0.15000000000000213,-0.8086,11608.39,21555.973
300540.SZ,20230314,18.66,18.98,18.21,18.55,18.81,-0.259999999999998,-1.3822,16773.29,31000.329
300540.SZ,20230313,19.03,19.2,18.65,18.81,19.04,-0.23000000000000043,-1.208,12074.07,22845.093
300540.SZ,20230310,19.58,19.78,18.89,19.04,19.58,-0.5399999999999991,-2.7579,16606.5,31912.743
300540.SZ,20230309,19.24,19.84,18.87,19.58,19.04,0.5399999999999991,2.8361,12834.38,24850.893
300540.SZ,20230308,18.89,19.25,18.85,19.04,19.11,-0.07000000000000028,-0.3663,7465.4,14185.362
300540.SZ,20230307,19.81,19.88,19.0,19.11,19.46,-0.3500000000000014,-1.7986,11001.02,21224.195
300540.SZ,20230306,19.42,19.97,19.4,19.46,19.42,0.03999999999999915,0.206,11397.02,22367.783
300540.SZ,20230303,19.75,19.89,19.3,19.42,19.82,-0.3999999999999986,-2.0182,15942.0,31163.258
300540.SZ,20230302,20.09,20.39,19.81,19.82,20.04,-0.21999999999999886,-1.0978,15485.55,31102.587
300540.SZ,20230301,19.85,20.35,19.81,20.04,19.85,0.18999999999999773,0.9572,18607.5,37260.416
300540.SZ,20230228,19.75,19.92,19.6,19.85,19.72,0.13000000000000256,0.6592,8474.0,16723.829
300540.SZ,20230227,19.83,19.92,19.54,19.72,19.72,0.0,0.0,7529.0,14851.3
300540.SZ,20230224,19.7,20.0,19.56,19.72,19.7,0.019999999999999574,0.1015,12106.35,23940.854
300540.SZ,20230223,19.77,19.98,19.6,19.7,19.87,-0.1700000000000017,-0.8556,10493.4,20719.049
300540.SZ,20230222,19.88,20.2,19.7,19.87,19.95,-0.0799999999999983,-0.401,10358.0,20608.371
300540.SZ,20230221,20.35,20.39,19.76,19.95,20.25,-0.3000000000000007,-1.4815,16992.68,33860.93
300540.SZ,20230220,19.84,20.6,19.6,20.25,19.83,0.4200000000000017,2.118,21498.14,43278.098
300540.SZ,20230217,19.93,20.3,19.71,19.83,19.73,0.09999999999999787,0.5068,19426.38,38798.937
300540.SZ,20230216,20.61,20.87,19.57,19.73,20.76,-1.0300000000000011,-4.9615,36117.47,73119.608
300540.SZ,20230215,21.0,21.0,20.0,20.76,21.09,-0.3299999999999983,-1.5647,42342.87,87469.647
300540.SZ,20230214,20.11,21.36,20.05,21.09,20.32,0.7699999999999996,3.7894,55208.62,114279.721
300540.SZ,20230213,20.14,20.62,19.95,20.32,20.58,-0.259999999999998,-1.2634,38242.23,77328.983
300540.SZ,20230210,18.98,20.78,18.9,20.58,19.07,1.509999999999998,7.9182,59945.22,120440.162
300540.SZ,20230209,19.11,19.32,18.95,19.07,19.24,-0.16999999999999815,-0.8836,18658.0,35618.995
300540.SZ,20230208,19.06,19.64,18.75,19.24,18.97,0.2699999999999996,1.4233,31635.0,61066.965
300540.SZ,20230207,18.52,19.31,18.5,18.97,18.54,0.4299999999999997,2.3193,22973.67,43286.928
300540.SZ,20230206,18.44,18.62,18.41,18.54,18.41,0.129999999999999,0.7061,7241.0,13406.462
300540.SZ,20230203,18.44,18.55,18.15,18.41,18.44,-0.030000000000001137,-0.1627,9740.37,17871.359
300540.SZ,20230202,18.7,18.7,18.38,18.44,18.59,-0.14999999999999858,-0.8069,11377.0,21019.101
300540.SZ,20230201,18.6,18.64,18.35,18.59,18.57,0.019999999999999574,0.1077,12986.94,24044.052
300540.SZ,20230131,18.45,18.6,18.33,18.57,18.44,0.129999999999999,0.705,9403.06,17393.457
300540.SZ,20230130,18.41,18.63,18.26,18.44,18.2,0.240000000000002,1.3187,11646.0,21530.334
300540.SZ,20230120,18.2,18.34,17.93,18.2,18.11,0.08999999999999986,0.497,8331.0,15100.842
300540.SZ,20230119,17.91,18.25,17.57,18.11,17.9,0.21000000000000085,1.1732,10923.0,19737.437
300540.SZ,20230118,17.77,17.91,17.51,17.9,17.87,0.029999999999997584,0.1679,7104.94,12631.568
300540.SZ,20230117,17.96,18.15,17.7,17.87,17.7,0.1700000000000017,0.9605,6668.0,11959.521
300540.SZ,20230116,17.7,17.93,17.46,17.7,17.57,0.129999999999999,0.7399,4401.5,7824.701
300540.SZ,20230113,18.0,18.09,17.5,17.57,17.76,-0.19000000000000128,-1.0698,4935.0,8729.53
300540.SZ,20230112,17.68,17.96,17.51,17.76,17.57,0.19000000000000128,1.0814,6045.5,10752.071
300540.SZ,20230111,18.03,18.05,17.51,17.57,17.93,-0.35999999999999943,-2.0078,6791.0,12023.939
300540.SZ,20230110,18.18,18.18,17.73,17.93,17.97,-0.03999999999999915,-0.2226,10498.0,18767.177
300540.SZ,20230109,17.69,18.39,17.56,17.97,17.56,0.41000000000000014,2.3349,20755.53,37475.153
300540.SZ,20230106,17.3,17.75,17.28,17.56,17.29,0.2699999999999996,1.5616,9589.0,16819.601
300540.SZ,20230105,17.19,17.33,17.09,17.29,17.23,0.05999999999999872,0.3482,5324.82,9189.018
300540.SZ,20230104,17.4,17.43,17.07,17.23,17.23,0.0,0.0,7049.0,12173.232
300540.SZ,20230103,16.39,17.41,16.39,17.23,16.56,0.6700000000000017,4.0459,9077.02,15529.476
300540.SZ,20221230,16.33,16.75,16.33,16.56,16.58,-0.019999999999999574,-0.1206,3563.0,5922.845
300540.SZ,20221229,16.85,17.0,16.56,16.58,16.85,-0.2700000000000031,-1.6024,4067.0,6802.731
300540.SZ,20221228,17.01,17.3,16.79,16.85,17.27,-0.41999999999999815,-2.432,5081.0,8641.861
300540.SZ,20221227,17.33,17.37,17.1,17.27,17.24,0.030000000000001137,0.174,4381.0,7539.483
300540.SZ,20221226,16.6,17.42,16.31,17.24,16.64,0.5999999999999979,3.6058,7513.5,12858.897
300540.SZ,20221223,16.22,16.76,16.2,16.64,16.43,0.21000000000000085,1.2781,4511.51,7481.14
300540.SZ,20221222,16.8,16.93,16.41,16.43,16.78,-0.3500000000000014,-2.0858,4132.0,6894.416
300540.SZ,20221221,17.1,17.13,16.73,16.78,17.1,-0.3200000000000003,-1.8713,4185.52,7072.447
300540.SZ,20221220,16.8,17.2,16.8,17.1,16.9,0.20000000000000284,1.1834,3896.29,6647.748
300540.SZ,20221219,17.06,17.32,16.82,16.9,17.26,-0.360000000000003,-2.0857,4752.5,8077.265
300540.SZ,20221216,17.5,17.56,17.02,17.26,17.58,-0.31999999999999673,-1.8203,8562.75,14787.686
300540.SZ,20221215,17.58,17.58,17.0,17.58,17.28,0.29999999999999716,1.7361,6408.58,11138.624
300540.SZ,20221214,17.38,17.47,17.15,17.28,17.38,-0.09999999999999787,-0.5754,7703.01,13328.826
300540.SZ,20221213,17.5,17.76,17.35,17.38,17.65,-0.2699999999999996,-1.5297,7148.0,12528.353
300540.SZ,20221212,18.02,18.04,17.6,17.65,18.2,-0.5500000000000007,-3.022,11045.0,19612.413
300540.SZ,20221209,18.21,18.82,18.0,18.2,18.08,0.120000000000001,0.6637,13747.39,25370.891
300540.SZ,20221208,18.22,18.28,18.05,18.08,18.21,-0.13000000000000256,-0.7139,6607.0,11976.78
300540.SZ,20221207,18.38,18.43,18.09,18.21,18.24,-0.029999999999997584,-0.1645,10427.59,19001.61
300540.SZ,20221206,18.85,18.85,18.22,18.24,18.97,-0.7300000000000004,-3.8482,21003.01,38726.372
300540.SZ,20221205,18.46,19.2,18.21,18.97,18.46,0.509999999999998,2.7627,21042.2,39175.104
300540.SZ,20221202,18.29,18.47,18.12,18.46,18.29,0.1700000000000017,0.9295,9191.0,16902.052
300540.SZ,20221201,18.35,18.62,18.17,18.29,18.33,-0.03999999999999915,-0.2182,12690.55,23314.049
300540.SZ,20221130,18.18,18.75,18.02,18.33,18.22,0.10999999999999943,0.6037,17281.98,31785.382
300540.SZ,20221129,18.07,18.38,18.07,18.22,18.07,0.14999999999999858,0.8301,7999.04,14614.303
300540.SZ,20221128,18.19,18.28,17.83,18.07,18.31,-0.23999999999999844,-1.3108,8490.0,15338.167
300540.SZ,20221125,19.02,19.02,18.25,18.31,18.91,-0.6000000000000014,-3.1729,12550.0,23077.25
300540.SZ,20221124,18.4,19.1,18.39,18.91,18.48,0.4299999999999997,2.3268,15669.0,29534.222
300540.SZ,20221123,18.37,18.66,17.89,18.48,18.62,-0.14000000000000057,-0.7519,20031.86,36657.925
300540.SZ,20221122,18.51,19.5,18.5,18.62,19.05,-0.4299999999999997,-2.2572,24596.11,46161.833
300540.SZ,20221121,19.05,19.15,18.69,19.05,19.08,-0.029999999999997584,-0.1572,12437.0,23618.633
300540.SZ,20221118,19.63,19.63,19.0,19.08,19.49,-0.41000000000000014,-2.1036,17213.5,33107.496
300540.SZ,20221117,19.55,19.92,19.1,19.49,19.54,-0.05000000000000071,-0.2559,26357.0,51395.571
300540.SZ,20221116,19.14,19.9,19.06,19.54,19.01,0.5299999999999976,2.788,33905.0,65907.359
300540.SZ,20221115,17.98,19.33,17.83,19.01,17.91,1.1000000000000014,6.1418,29782.87,56008.109
300540.SZ,20221114,18.25,18.5,17.81,17.91,18.34,-0.4299999999999997,-2.3446,12941.0,23411.394
300540.SZ,20221111,18.5,18.87,18.31,18.34,18.25,0.08999999999999986,0.4932,11012.0,20401.249
300540.SZ,20221110,18.36,18.52,18.25,18.25,18.5,-0.25,-1.3514,10436.5,19121.825
300540.SZ,20221109,18.53,18.69,18.45,18.5,18.66,-0.16000000000000014,-0.8574,7054.58,13065.575
300540.SZ,20221108,18.61,18.74,18.28,18.66,18.68,-0.019999999999999574,-0.1071,10462.02,19337.187
300540.SZ,20221107,18.63,18.96,18.58,18.68,18.63,0.05000000000000071,0.2684,10480.36,19682.24
300540.SZ,20221104,18.54,18.76,18.45,18.63,18.48,0.14999999999999858,0.8117,14113.5,26281.606
300540.SZ,20221103,18.26,18.53,18.05,18.48,18.35,0.129999999999999,0.7084,14145.61,26061.655
300540.SZ,20221102,18.33,18.62,18.25,18.35,18.4,-0.04999999999999716,-0.2717,16743.0,30816.475
300540.SZ,20221101,18.0,19.0,18.0,18.4,18.05,0.34999999999999787,1.9391,14788.0,27112.671
300540.SZ,20221031,17.83,18.3,17.83,18.05,17.83,0.22000000000000242,1.2339,14232.53,25785.516
300540.SZ,20221028,18.58,18.74,17.56,17.83,18.53,-0.7000000000000028,-3.7777,20132.7,36603.673
300540.SZ,20221027,18.45,18.78,18.4,18.53,18.45,0.08000000000000185,0.4336,14924.99,27749.43
300540.SZ,20221026,18.2,18.77,17.96,18.45,18.2,0.25,1.3736,20098.46,37113.512
300540.SZ,20221025,18.4,18.4,17.62,18.2,18.14,0.05999999999999872,0.3308,24422.5,43966.136
300540.SZ,20221024,18.11,19.1,17.79,18.14,17.84,0.3000000000000007,1.6816,40192.12,74341.424
300540.SZ,20221021,17.7,18.15,17.48,17.84,17.69,0.14999999999999858,0.8479,13671.5,24340.594
300540.SZ,20221020,17.83,18.15,17.49,17.69,17.83,-0.13999999999999702,-0.7852,15020.5,26650.707
300540.SZ,20221019,17.47,18.15,17.47,17.83,17.69,0.13999999999999702,0.7914,15829.98,28163.132
300540.SZ,20221018,17.45,18.05,17.26,17.69,17.42,0.2699999999999996,1.5499,20427.59,36066.761
300540.SZ,20221017,16.99,17.55,16.87,17.42,17.03,0.39000000000000057,2.2901,14391.5,24880.404
300540.SZ,20221014,16.81,17.23,16.71,17.03,16.78,0.25,1.4899,17735.0,30219.545
300540.SZ,20221013,16.25,17.02,16.25,16.78,16.49,0.2900000000000027,1.7586,14878.5,24974.853
300540.SZ,20221012,15.8,16.57,15.67,16.49,15.8,0.6899999999999977,4.3671,17470.0,28178.179
300540.SZ,20221011,15.41,15.84,15.31,15.8,15.41,0.39000000000000057,2.5308,13632.0,21257.144
300540.SZ,20221010,15.52,16.09,15.32,15.41,15.76,-0.34999999999999964,-2.2208,12508.5,19574.895
300540.SZ,20220930,16.79,16.8,15.73,15.76,15.99,-0.23000000000000043,-1.4384,16902.0,27052.878
300540.SZ,20220929,16.41,16.53,15.94,15.99,16.16,-0.16999999999999993,-1.052,10772.01,17489.06
300540.SZ,20220928,16.82,17.14,16.16,16.16,16.82,-0.6600000000000001,-3.9239,16769.0,27632.84
300540.SZ,20220927,16.45,16.94,16.45,16.82,16.52,0.3000000000000007,1.816,11453.0,19238.857
300540.SZ,20220926,16.9,16.97,16.42,16.52,16.84,-0.3200000000000003,-1.9002,10492.04,17455.706
300540.SZ,20220923,17.43,17.51,16.69,16.84,17.4,-0.5599999999999987,-3.2184,15548.09,26462.14
300540.SZ,20220922,17.37,17.73,17.27,17.4,17.46,-0.060000000000002274,-0.3436,13447.0,23531.213
300540.SZ,20220921,17.3,17.61,16.9,17.46,17.26,0.1999999999999993,1.1587,17245.0,29913.228
300540.SZ,20220920,17.35,17.37,16.82,17.26,16.95,0.3100000000000023,1.8289,12238.5,21066.016
300540.SZ,20220919,17.14,17.32,16.8,16.95,17.15,-0.1999999999999993,-1.1662,14357.03,24396.712
300540.SZ,20220916,17.9,17.9,17.01,17.15,17.88,-0.7300000000000004,-4.0828,20973.51,36451.798
300540.SZ,20220915,19.02,19.23,17.75,17.88,19.02,-1.1400000000000006,-5.9937,26236.83,47983.99
300540.SZ,20220914,18.87,19.25,18.73,19.02,19.23,-0.21000000000000085,-1.092,14170.51,26907.001
300540.SZ,20220913,19.38,19.5,19.04,19.23,19.22,0.010000000000001563,0.052,14680.0,28231.829
300540.SZ,20220909,19.93,20.2,19.2,19.22,19.93,-0.7100000000000009,-3.5625,21285.11,41173.765
300540.SZ,20220908,20.29,20.51,19.82,19.93,20.23,-0.3000000000000007,-1.4829,24353.11,49118.658
300540.SZ,20220907,19.68,20.5,19.68,20.23,19.99,0.240000000000002,1.2006,21510.83,43526.707
300540.SZ,20220906,19.56,20.09,19.2,19.99,19.64,0.34999999999999787,1.7821,24819.22,48808.613
300540.SZ,20220905,18.96,19.7,18.94,19.64,18.9,0.740000000000002,3.9153,28327.54,55038.057
300540.SZ,20220902,18.93,19.2,18.61,18.9,18.96,-0.060000000000002274,-0.3165,13817.54,26118.654
300540.SZ,20220901,19.74,19.81,18.87,18.96,19.61,-0.6499999999999986,-3.3146,26732.0,51315.9
300540.SZ,20220831,20.74,21.05,19.53,19.61,21.04,-1.4299999999999997,-6.7966,40722.5,81686.801
300540.SZ,20220830,22.16,22.25,21.0,21.04,22.14,-1.1000000000000014,-4.9684,36493.5,78157.694
300540.SZ,20220829,21.46,22.43,21.2,22.14,21.69,0.4499999999999993,2.0747,46255.94,101755.819
300540.SZ,20220826,21.42,22.55,20.81,21.69,21.2,0.490000000000002,2.3113,52792.6,114797.483
300540.SZ,20220825,20.99,21.47,20.26,21.2,20.85,0.34999999999999787,1.6787,30074.44,62943.152
300540.SZ,20220824,22.25,22.43,20.8,20.85,22.25,-1.3999999999999986,-6.2921,28122.0,60202.393
300540.SZ,20220823,21.55,22.47,21.4,22.25,21.49,0.7600000000000016,3.5365,33155.53,73013.456
300540.SZ,20220822,21.37,21.7,20.99,21.49,21.4,0.08999999999999986,0.4206,20401.75,43389.066
300540.SZ,20220819,22.37,22.6,21.35,21.4,22.39,-0.990000000000002,-4.4216,26754.0,58290.675
300540.SZ,20220818,22.65,22.86,22.35,22.39,22.65,-0.259999999999998,-1.1479,15343.52,34533.78
300540.SZ,20220817,22.93,23.19,22.52,22.65,22.86,-0.21000000000000085,-0.9186,20114.67,45796.851
300540.SZ,20220816,22.61,23.37,22.54,22.86,22.6,0.259999999999998,1.1504,23941.6,54940.98
300540.SZ,20220815,22.42,22.69,22.2,22.6,22.57,0.030000000000001137,0.1329,20247.0,45463.629
300540.SZ,20220812,23.22,23.4,22.53,22.57,23.22,-0.6499999999999986,-2.7993,27690.97,63414.579
300540.SZ,20220811,23.81,23.88,23.18,23.22,23.65,-0.4299999999999997,-1.8182,33644.0,78713.943
300540.SZ,20220810,23.01,24.03,22.66,23.65,24.29,-0.6400000000000006,-2.6348,47811.93,112593.592
300540.SZ,20220809,24.03,24.43,23.88,24.29,24.03,0.259999999999998,1.082,24679.0,59823.91
300540.SZ,20220808,23.13,24.15,22.7,24.03,23.12,0.9100000000000001,3.936,27440.44,64999.707
300540.SZ,20220805,23.22,23.33,22.83,23.12,23.08,0.0400000000000027,0.1733,23036.4,53156.235
300540.SZ,20220804,22.77,23.35,22.27,23.08,22.35,0.7299999999999969,3.2662,31412.0,71749.287
300540.SZ,20220803,23.2,23.65,22.2,22.35,22.89,-0.5399999999999991,-2.3591,33389.0,76868.549
300540.SZ,20220802,23.9,23.9,22.7,22.89,24.26,-1.370000000000001,-5.6472,34616.5,80217.227
300540.SZ,20220801,23.64,24.42,23.3,24.26,23.66,0.6000000000000014,2.5359,33661.03,80902.751
300540.SZ,20220729,23.99,24.33,23.5,23.66,23.81,-0.14999999999999858,-0.63,25944.0,61868.334
300540.SZ,20220728,23.96,24.38,23.71,23.81,23.91,-0.10000000000000142,-0.4182,38389.0,91854.399
300540.SZ,20220727,23.03,24.17,22.62,23.91,23.03,0.879999999999999,3.8211,46603.5,110570.548
300540.SZ,20220726,22.48,23.32,21.6,23.03,22.7,0.33000000000000185,1.4537,48440.34,109439.557
300540.SZ,20220725,24.49,24.8,22.2,22.7,23.78,-1.0800000000000018,-4.5416,68511.37,156002.335
300540.SZ,20220722,23.03,23.78,22.9,23.78,23.31,0.4700000000000024,2.0163,33140.5,77428.049
300540.SZ,20220721,22.77,23.75,22.47,23.31,22.77,0.5399999999999991,2.3715,38982.63,90499.219
300540.SZ,20220720,22.54,23.4,22.49,22.77,22.36,0.41000000000000014,1.8336,32824.01,74946.916
300540.SZ,20220719,22.0,22.55,21.85,22.36,22.24,0.120000000000001,0.5396,25057.0,55796.033
300540.SZ,20220718,22.09,22.48,21.89,22.24,22.06,0.17999999999999972,0.816,37317.0,82614.376
300540.SZ,20220715,22.88,23.11,22.0,22.06,22.88,-0.8200000000000003,-3.5839,26394.03,59203.626
300540.SZ,20220714,21.53,23.18,21.41,22.88,21.56,1.3200000000000003,6.1224,33797.01,76224.67
300540.SZ,20220713,20.65,21.99,20.38,21.56,20.59,0.9699999999999989,4.711,25391.1,54165.962
300540.SZ,20220712,20.99,21.29,20.5,20.59,20.88,-0.28999999999999915,-1.3889,15890.47,33122.532
300540.SZ,20220711,21.76,21.92,20.7,20.88,21.92,-1.0400000000000027,-4.7445,21818.0,46126.308
300540.SZ,20220708,22.08,22.79,21.8,21.92,22.1,-0.17999999999999972,-0.8145,21338.52,47515.493
300540.SZ,20220707,21.3,22.43,21.0,22.1,21.33,0.7700000000000031,3.6099,24665.0,53911.774
300540.SZ,20220706,21.8,21.9,20.92,21.33,21.66,-0.33000000000000185,-1.5235,18083.01,38604.575
300540.SZ,20220705,22.16,22.58,21.38,21.66,22.23,-0.5700000000000003,-2.5641,22670.58,49466.127
300540.SZ,20220704,22.08,22.25,21.41,22.23,21.88,0.3500000000000014,1.5996,19350.1,42339.703
300540.SZ,20220701,22.12,22.44,21.86,21.88,22.07,-0.19000000000000128,-0.8609,17123.19,37898.178
300540.SZ,20220630,22.0,22.46,21.7,22.07,22.18,-0.10999999999999943,-0.4959,20854.38,45822.831
300540.SZ,20220629,23.42,23.57,22.18,22.18,23.3,-1.120000000000001,-4.8069,29361.0,66401.657
300540.SZ,20220628,22.84,23.69,22.52,23.3,22.74,0.5600000000000023,2.4626,32386.0,75479.257
300540.SZ,20220627,22.52,22.96,22.42,22.74,22.49,0.25,1.1116,18574.0,42252.149
300540.SZ,20220624,22.95,22.97,22.49,22.49,22.77,-0.28000000000000114,-1.2297,19516.51,44274.196
300540.SZ,20220623,22.3,22.85,22.25,22.77,22.47,0.3000000000000007,1.3351,17833.0,40369.27
300540.SZ,20220622,23.01,23.38,22.38,22.47,22.9,-0.4299999999999997,-1.8777,25252.52,57608.645
300540.SZ,20220621,23.21,23.69,22.66,22.9,22.92,-0.020000000000003126,-0.0873,31625.68,73309.406
300540.SZ,20220620,22.51,23.2,22.3,22.92,22.45,0.4700000000000024,2.0935,25193.03,57629.578
300540.SZ,20220617,22.03,22.7,21.8,22.45,22.06,0.39000000000000057,1.7679,20384.0,45643.119
300540.SZ,20220616,22.18,22.68,21.95,22.06,22.41,-0.3500000000000014,-1.5618,20339.0,45232.196
300540.SZ,20220615,23.12,23.12,22.4,22.41,23.28,-0.870000000000001,-3.7371,35385.0,80165.961
300540.SZ,20220614,22.04,23.39,22.03,23.28,22.41,0.870000000000001,3.8822,35895.68,81820.418
300540.SZ,20220613,21.65,22.6,21.57,22.41,21.89,0.5199999999999996,2.3755,20482.52,45470.211
300540.SZ,20220610,21.55,22.11,21.3,21.89,21.56,0.33000000000000185,1.5306,17556.51,38492.561
300540.SZ,20220609,22.36,22.45,21.49,21.56,22.35,-0.7900000000000027,-3.5347,19929.0,43515.418
300540.SZ,20220608,22.25,22.85,21.82,22.35,22.42,-0.07000000000000028,-0.3122,23136.0,51739.895
300540.SZ,20220607,22.94,23.03,22.12,22.42,22.88,-0.4599999999999973,-2.0105,23198.0,52325.141
300540.SZ,20220606,22.56,23.17,22.44,22.88,22.1,0.7799999999999976,3.5294,30550.0,69730.763
300540.SZ,20220602,21.64,22.18,21.4,22.1,21.6,0.5,2.3148,21315.0,46649.47
300540.SZ,20220601,20.94,21.75,20.86,21.6,21.13,0.4700000000000024,2.2243,19936.0,42927.444
300540.SZ,20220531,20.8,21.17,20.43,21.13,20.78,0.34999999999999787,1.6843,19343.01,40361.325
300540.SZ,20220530,20.72,20.98,20.3,20.78,20.64,0.14000000000000057,0.6783,14544.18,29995.478
300540.SZ,20220527,21.0,21.2,20.35,20.64,20.75,-0.10999999999999943,-0.5301,14369.0,29894.544
300540.SZ,20220526,20.66,21.27,20.25,20.75,20.85,-0.10000000000000142,-0.4796,15761.0,32627.054
300540.SZ,20220525,20.54,21.58,20.44,20.85,20.54,0.3100000000000023,1.5093,20844.0,43343.02
300540.SZ,20220524,21.39,22.35,20.52,20.54,21.39,-0.8500000000000014,-3.9738,39181.5,83909.623
300540.SZ,20220523,21.0,21.39,20.7,21.39,20.92,0.46999999999999886,2.2467,20974.0,44267.445
300540.SZ,20220520,20.66,21.15,20.57,20.92,20.81,0.11000000000000298,0.5286,19752.78,41138.422
300540.SZ,20220519,20.46,20.93,19.88,20.81,20.46,0.34999999999999787,1.7107,21446.48,44086.523
300540.SZ,20220518,20.19,20.62,20.06,20.46,20.2,0.26000000000000156,1.2871,19493.0,39812.798
300540.SZ,20220517,20.04,20.46,19.66,20.2,20.1,0.09999999999999787,0.4975,18389.0,37025.607
300540.SZ,20220516,20.16,20.73,19.9,20.1,20.16,-0.05999999999999872,-0.2976,13848.54,27955.355
300540.SZ,20220513,20.19,20.57,19.9,20.16,20.16,0.0,0.0,11578.0,23329.09
300540.SZ,20220512,19.89,20.51,19.61,20.16,19.99,0.1700000000000017,0.8504,13140.5,26442.523
300540.SZ,20220511,19.82,20.8,19.71,19.99,19.81,0.17999999999999972,0.9086,21154.77,42879.148
300540.SZ,20220510,19.56,19.94,19.11,19.81,19.57,0.23999999999999844,1.2264,17639.04,34707.333
300540.SZ,20220509,19.59,19.97,19.18,19.57,19.47,0.10000000000000142,0.5136,10282.04,20193.41
300540.SZ,20220506,19.5,19.97,18.89,19.47,19.73,-0.26000000000000156,-1.3178,16434.04,31886.919
300540.SZ,20220505,19.04,20.1,19.03,19.73,19.03,0.6999999999999993,3.6784,18616.29,36627.809
300540.SZ,20220429,18.19,19.3,18.01,19.03,17.89,1.1400000000000006,6.3723,23111.81,43387.875
300540.SZ,20220428,18.2,18.47,17.85,17.89,18.37,-0.4800000000000004,-2.613,18392.47,33300.9
300540.SZ,20220427,18.29,18.5,16.93,18.37,17.74,0.6300000000000026,3.5513,22287.16,39457.138
300540.SZ,20220426,18.1,18.63,17.61,17.74,17.9,-0.16000000000000014,-0.8939,21558.78,39125.462
300540.SZ,20220425,20.01,20.5,17.88,17.9,20.35,-2.450000000000003,-12.0393,28153.02,53152.703
300540.SZ,20220422,20.1,20.99,19.92,20.35,20.13,0.22000000000000242,1.0929,13873.91,28130.757
300540.SZ,20220421,20.96,21.55,20.0,20.13,21.15,-1.0199999999999996,-4.8227,20565.04,42664.387
300540.SZ,20220420,21.56,22.48,21.15,21.15,21.22,-0.07000000000000028,-0.3299,23463.01,51002.33
300540.SZ,20220419,21.24,21.79,20.93,21.22,21.19,0.029999999999997584,0.1416,17285.5,36908.796
300540.SZ,20220418,21.05,21.26,20.4,21.19,21.05,0.14000000000000057,0.6651,12254.0,25687.732
300540.SZ,20220415,22.16,22.16,20.75,21.05,22.3,-1.25,-5.6054,29291.01,62146.111
300540.SZ,20220414,23.2,23.58,22.22,22.3,23.2,-0.8999999999999986,-3.8793,19738.0,44953.447
300540.SZ,20220413,23.68,24.0,23.06,23.2,23.98,-0.7800000000000011,-3.2527,13401.5,31420.84
300540.SZ,20220412,22.49,24.22,22.28,23.98,22.98,1.0,4.3516,24322.45,57155.084
300540.SZ,20220411,24.84,24.84,22.9,22.98,24.84,-1.8599999999999994,-7.4879,27726.45,65166.885
300540.SZ,20220408,24.6,25.3,24.19,24.84,24.82,0.019999999999999574,0.0806,20325.15,50269.643
300540.SZ,20220407,25.33,25.96,24.82,24.82,26.04,-1.2199999999999989,-4.6851,31422.0,79688.726
300540.SZ,20220406,25.09,26.09,24.0,26.04,24.64,1.3999999999999986,5.6818,45706.6,115494.724
300540.SZ,20220401,24.68,24.88,24.2,24.64,24.89,-0.25,-1.0044,19960.04,48854.714
300540.SZ,20220331,24.81,25.18,24.48,24.89,24.91,-0.019999999999999574,-0.0803,25062.51,62255.08
300540.SZ,20220330,25.1,25.27,24.63,24.91,24.71,0.1999999999999993,0.8094,26712.0,66553.828
300540.SZ,20220329,25.66,25.78,24.6,24.71,25.31,-0.5999999999999979,-2.3706,27084.05,67773.099
300540.SZ,20220328,25.5,26.28,25.05,25.31,26.01,-0.7000000000000028,-2.6913,37139.05,95320.201
300540.SZ,20220325,26.91,27.3,26.01,26.01,27.73,-1.7199999999999989,-6.2027,59521.56,158399.626
300540.SZ,20220324,28.75,30.28,27.46,27.73,29.75,-2.0199999999999996,-6.7899,98681.45,282756.077
300540.SZ,20220323,31.5,34.4,29.0,29.75,29.0,0.75,2.5862,143709.84,448053.377
300540.SZ,20220322,28.01,29.5,27.5,29.0,27.76,1.2399999999999984,4.4669,78528.21,224511.154
300540.SZ,20220321,27.6,27.88,27.11,27.76,27.6,0.16000000000000014,0.5797,41020.02,112868.903
300540.SZ,20220318,28.08,28.88,27.26,27.6,27.97,-0.36999999999999744,-1.3228,76541.15,212911.638
300540.SZ,20220317,25.38,29.83,25.0,27.97,24.86,3.1099999999999994,12.5101,103031.25,291649.405
300540.SZ,20220316,23.18,24.95,22.46,24.86,22.89,1.9699999999999989,8.6064,33659.1,80101.728
300540.SZ,20220315,24.5,24.66,22.81,22.89,24.65,-1.759999999999998,-7.14,26877.46,63669.358
300540.SZ,20220314,25.55,26.5,24.65,24.65,25.72,-1.0700000000000003,-4.1602,20489.84,51497.983
300540.SZ,20220311,26.14,26.14,25.18,25.72,26.26,-0.5400000000000027,-2.0564,15782.51,40499.449
300540.SZ,20220310,26.61,27.43,26.2,26.26,26.49,-0.22999999999999687,-0.8683,18942.53,50659.239
300540.SZ,20220309,26.64,26.96,24.89,26.49,26.25,0.23999999999999844,0.9143,25584.8,66643.84
300540.SZ,20220308,27.24,27.38,25.93,26.25,27.38,-1.129999999999999,-4.1271,21853.0,57995.182
300540.SZ,20220307,27.94,28.15,27.25,27.38,27.77,-0.39000000000000057,-1.4044,17904.0,49447.442
300540.SZ,20220304,29.1,29.1,27.74,27.77,29.15,-1.379999999999999,-4.7341,30366.28,86142.42
300540.SZ,20220303,28.48,29.8,28.0,29.15,28.32,0.8299999999999983,2.9308,53849.12,156152.538
300540.SZ,20220302,28.16,28.7,27.88,28.32,28.26,0.05999999999999872,0.2123,18101.53,51264.375
300540.SZ,20220301,28.37,28.59,27.83,28.26,27.94,0.3200000000000003,1.1453,24851.88,70112.37
300540.SZ,20220228,27.77,28.01,27.17,27.94,27.78,0.16000000000000014,0.576,21706.46,59884.464
300540.SZ,20220225,28.0,28.72,27.55,27.78,27.97,-0.18999999999999773,-0.6793,38299.5,107747.274
300540.SZ,20220224,27.59,28.98,27.07,27.97,27.67,0.29999999999999716,1.0842,52560.87,148039.077
300540.SZ,20220223,27.24,27.88,27.03,27.67,27.38,0.2900000000000027,1.0592,21622.74,59358.549
300540.SZ,20220222,27.0,28.5,26.58,27.38,27.04,0.33999999999999986,1.2574,34484.69,94402.535
300540.SZ,20220221,26.2,27.21,26.16,27.04,26.47,0.5700000000000003,2.1534,21289.02,56959.142
300540.SZ,20220218,26.29,26.55,26.03,26.47,26.61,-0.14000000000000057,-0.5261,14170.5,37374.304
300540.SZ,20220217,26.27,26.98,26.06,26.61,26.35,0.259999999999998,0.9867,24212.19,64402.072
300540.SZ,20220216,25.7,26.76,25.7,26.35,25.54,0.8100000000000023,3.1715,21040.19,55343.745
300540.SZ,20220215,25.17,25.69,25.15,25.54,25.28,0.259999999999998,1.0285,12614.19,32104.903
300540.SZ,20220214,25.01,25.95,24.82,25.28,25.16,0.120000000000001,0.4769,15574.02,39723.829
300540.SZ,20220211,26.62,26.87,25.14,25.16,26.59,-1.4299999999999997,-5.378,21872.0,56075.535
300540.SZ,20220210,26.9,27.17,26.44,26.59,26.91,-0.3200000000000003,-1.1891,16687.0,44468.183
300540.SZ,20220209,26.0,27.05,26.0,26.91,26.04,0.870000000000001,3.341,23875.44,63703.279
300540.SZ,20220208,25.8,26.49,25.61,26.04,25.7,0.33999999999999986,1.323,17258.0,44886.227
300540.SZ,20220207,26.3,26.4,25.51,25.7,25.49,0.21000000000000085,0.8239,17618.51,45625.29
300540.SZ,20220128,24.77,25.88,24.77,25.49,24.74,0.75,3.0315,26344.2,66771.145
300540.SZ,20220127,25.0,26.09,24.56,24.74,26.4,-1.6600000000000001,-6.2879,35204.5,88589.3
300540.SZ,20220126,26.35,27.36,26.2,26.4,25.88,0.5199999999999996,2.0093,25619.0,68813.204
300540.SZ,20220125,26.99,27.76,25.88,25.88,27.06,-1.1799999999999997,-4.3607,22271.0,59717.769
300540.SZ,20220124,26.99,27.47,26.64,27.06,26.99,0.07000000000000028,0.2594,13029.38,35305.95
300540.SZ,20220121,27.22,27.33,26.49,26.99,27.01,-0.020000000000003126,-0.074,20500.0,55330.718
300540.SZ,20220120,28.43,28.43,26.93,27.01,28.35,-1.3399999999999999,-4.7266,25176.81,68939.908
300540.SZ,20220119,28.01,28.73,27.77,28.35,28.34,0.010000000000001563,0.0353,21174.01,59596.881
300540.SZ,20220118,29.35,29.43,28.18,28.34,29.2,-0.8599999999999994,-2.9452,29042.26,82860.478
300540.SZ,20220117,28.79,29.44,28.48,29.2,28.89,0.3099999999999987,1.073,18080.54,52683.992
300540.SZ,20220114,29.27,29.72,28.89,28.89,29.48,-0.5899999999999999,-2.0014,22286.96,65121.26
300540.SZ,20220113,30.26,30.52,29.24,29.48,30.4,-0.9199999999999982,-3.0263,28032.75,83315.52
300540.SZ,20220112,30.0,30.7,30.0,30.4,29.95,0.4499999999999993,1.5025,25454.54,77526.391
300540.SZ,20220111,31.25,31.75,29.88,29.95,31.4,-1.4499999999999993,-4.6178,39879.81,121876.481
300540.SZ,20220110,30.84,31.86,30.5,31.4,31.21,0.18999999999999773,0.6088,33101.0,103511.423
300540.SZ,20220107,31.97,33.16,31.21,31.21,32.25,-1.0399999999999991,-3.2248,44359.75,143156.886
300540.SZ,20220106,32.0,33.88,31.01,32.25,32.9,-0.6499999999999986,-1.9757,65107.52,212310.061
300540.SZ,20220105,31.5,33.0,29.78,32.9,31.6,1.2999999999999972,4.1139,82035.01,256316.618
300540.SZ,20220104,31.49,31.94,31.2,31.6,31.46,0.14000000000000057,0.445,35445.01,111911.362
300540.SZ,20211231,32.37,32.74,31.26,31.46,32.37,-0.9099999999999966,-2.8112,51272.01,163201.798
300540.SZ,20211230,33.0,33.68,32.0,32.37,33.21,-0.8400000000000034,-2.5294,52856.01,172724.48
300540.SZ,20211229,33.39,34.33,32.58,33.21,32.87,0.3400000000000034,1.0344,50274.5,168182.351
300540.SZ,20211228,36.65,37.11,32.35,32.87,37.1,-4.230000000000004,-11.4016,103724.04,353465.437
300540.SZ,20211227,36.6,38.0,36.01,37.1,36.13,0.9699999999999989,2.6847,69867.52,258820.595
300540.SZ,20211224,37.42,38.8,35.7,36.13,37.45,-1.3200000000000003,-3.5247,85050.55,319128.296
300540.SZ,20211223,36.45,38.83,36.01,37.45,37.0,0.45000000000000284,1.2162,92537.65,348053.061
300540.SZ,20211222,36.1,38.43,35.51,37.0,35.39,1.6099999999999994,4.5493,94698.54,349741.461
300540.SZ,20211221,36.97,36.97,34.9,35.39,36.4,-1.009999999999998,-2.7747,59198.0,209793.801
300540.SZ,20211220,36.98,37.96,35.5,36.4,36.51,-0.10999999999999943,-0.3013,88678.11,326900.276
300540.SZ,20211217,38.31,38.6,36.51,36.51,38.98,-2.469999999999999,-6.3366,98279.01,367638.754
300540.SZ,20211216,34.59,40.38,34.53,38.98,34.95,4.029999999999994,11.5308,146271.22,548988.584
300540.SZ,20211215,35.8,36.8,34.9,34.95,35.67,-0.7199999999999989,-2.0185,72224.0,258380.391
300540.SZ,20211214,34.6,36.88,34.19,35.67,35.18,0.490000000000002,1.3928,91299.81,324701.067
300540.SZ,20211213,32.9,35.8,32.9,35.18,32.84,2.3399999999999963,7.1255,86367.29,295752.579
300540.SZ,20211210,33.33,33.85,32.18,32.84,33.84,-1.0,-2.9551,55408.02,181970.536
300540.SZ,20211209,33.78,34.6,32.87,33.84,33.77,0.07000000000000028,0.2073,69787.38,235233.908
300540.SZ,20211208,33.87,34.99,33.0,33.77,33.5,0.2700000000000031,0.806,62376.57,212536.075
300540.SZ,20211207,36.27,36.5,33.16,33.5,36.79,-3.289999999999999,-8.9426,83414.24,289082.774
300540.SZ,20211206,36.0,37.0,34.32,36.79,36.05,0.740000000000002,2.0527,106215.74,380587.039
300540.SZ,20211203,35.9,37.19,35.3,36.05,35.18,0.8699999999999974,2.473,100867.76,365246.811
300540.SZ,20211202,36.17,37.51,35.1,35.18,37.2,-2.020000000000003,-5.4301,124708.43,451407.094
300540.SZ,20211201,34.51,38.94,33.6,37.2,35.55,1.6500000000000057,4.6414,185643.26,672612.858
300540.SZ,20211130,31.8,37.03,31.4,35.55,30.86,4.689999999999998,15.1977,186128.57,656023.015
300540.SZ,20211129,30.08,31.94,30.01,30.86,31.22,-0.35999999999999943,-1.1531,49376.0,153964.084
300540.SZ,20211126,30.3,32.25,30.3,31.22,30.91,0.3099999999999987,1.0029,53417.5,167753.228
300540.SZ,20211125,31.26,32.35,30.82,30.91,31.35,-0.4400000000000013,-1.4035,57426.48,181688.87
300540.SZ,20211124,31.45,32.37,30.6,31.35,31.25,0.10000000000000142,0.32,59288.69,187080.149
300540.SZ,20211123,31.42,32.18,31.0,31.25,32.09,-0.8400000000000034,-2.6176,68250.5,214780.278
300540.SZ,20211122,32.64,34.1,31.44,32.09,32.13,-0.03999999999999915,-0.1245,110740.21,360048.768
300540.SZ,20211119,28.1,33.6,28.1,32.13,29.74,2.390000000000004,8.0363,135824.09,427477.53
300540.SZ,20211118,30.98,32.3,28.72,29.74,29.64,0.09999999999999787,0.3374,97355.72,296516.956
300540.SZ,20211117,30.0,30.76,29.61,29.64,30.16,-0.5199999999999996,-1.7241,58030.56,173647.496
300540.SZ,20211116,28.62,30.5,28.2,30.16,29.17,0.9899999999999984,3.3939,96680.37,285844.393
300540.SZ,20211115,26.0,29.8,25.99,29.17,25.9,3.270000000000003,12.6255,88017.67,244354.343
300540.SZ,20211112,26.78,26.93,25.89,25.9,26.72,-0.8200000000000003,-3.0689,38072.96,99713.866
300540.SZ,20211111,26.81,27.23,26.27,26.72,26.89,-0.1700000000000017,-0.6322,35970.52,96068.729
300540.SZ,20211110,27.8,27.96,26.58,26.89,28.09,-1.1999999999999993,-4.272,43490.47,117207.23
300540.SZ,20211109,27.81,28.29,27.22,28.09,28.36,-0.2699999999999996,-0.952,50834.57,141226.929
300540.SZ,20211108,29.17,29.87,27.9,28.36,27.86,0.5,1.7947,62855.98,181270.446
300540.SZ,20211105,28.4,28.69,27.61,27.86,28.73,-0.870000000000001,-3.0282,55943.58,157552.086
300540.SZ,20211104,27.53,28.73,27.15,28.73,27.56,1.1700000000000017,4.2453,77576.89,217892.732
300540.SZ,20211103,26.58,28.47,26.48,27.56,26.39,1.1699999999999982,4.4335,61222.46,168080.46
300540.SZ,20211102,26.92,28.25,26.26,26.39,27.3,-0.9100000000000001,-3.3333,56544.46,154014.58
300540.SZ,20211101,25.9,27.49,25.87,27.3,26.3,1.0,3.8023,50324.54,135460.226
300540.SZ,20211029,25.97,27.43,25.65,26.3,25.63,0.6700000000000017,2.6141,41606.92,109990.894
300540.SZ,20211028,27.5,27.5,25.6,25.63,27.57,-1.9400000000000013,-7.0366,46427.09,121850.97
300540.SZ,20211027,27.96,28.44,26.89,27.57,27.96,-0.39000000000000057,-1.3948,60978.09,168178.15
300540.SZ,20211026,26.18,28.0,25.31,27.96,26.15,1.8100000000000023,6.9216,92384.11,247482.464
300540.SZ,20211025,24.93,26.68,24.7,26.15,24.59,1.5599999999999987,6.344,60829.52,157832.009
300540.SZ,20211022,24.56,25.21,24.07,24.59,24.74,-0.14999999999999858,-0.6063,29741.0,73381.472
300540.SZ,20211021,24.6,25.57,24.31,24.74,24.59,0.14999999999999858,0.61,46355.31,115923.366
300540.SZ,20211020,23.99,25.61,23.52,24.59,24.18,0.41000000000000014,1.6956,46236.5,113708.447
300540.SZ,20211019,24.51,25.11,24.05,24.18,24.65,-0.46999999999999886,-1.9067,37937.01,92471.874
300540.SZ,20211018,22.97,24.67,22.97,24.65,23.21,1.4399999999999977,6.2042,53836.8,130004.417
300540.SZ,20211015,23.88,23.93,22.93,23.21,24.28,-1.0700000000000003,-4.4069,46244.61,108097.485
300540.SZ,20211014,22.53,24.55,22.35,24.28,22.53,1.75,7.7674,49199.14,115791.473
300540.SZ,20211013,22.2,22.74,21.79,22.53,22.02,0.5100000000000016,2.3161,26316.01,58781.209
300540.SZ,20211012,22.89,23.23,21.7,22.02,22.68,-0.6600000000000001,-2.9101,30086.84,66727.343
300540.SZ,20211011,24.07,24.18,22.51,22.68,23.58,-0.8999999999999986,-3.8168,28840.37,65802.447
300540.SZ,20211008,23.7,24.29,23.17,23.58,23.14,0.4399999999999977,1.9015,28489.57,67190.531
300540.SZ,20210930,23.68,23.68,22.68,23.14,22.98,0.16000000000000014,0.6963,28018.51,64753.51
300540.SZ,20210929,23.86,24.75,22.93,22.98,24.59,-1.6099999999999994,-6.5474,39377.0,92947.684
300540.SZ,20210928,23.04,25.21,23.04,24.59,22.56,2.030000000000001,8.9982,60937.37,148233.152
300540.SZ,20210927,24.02,25.47,22.32,22.56,26.6,-4.040000000000003,-15.188,68475.61,160424.734
300540.SZ,20210924,26.07,27.0,25.71,26.6,26.51,0.08999999999999986,0.3395,36513.03,96404.34
300540.SZ,20210923,26.98,28.19,26.48,26.51,26.4,0.11000000000000298,0.4167,46234.05,125600.42
300540.SZ,20210922,25.0,26.92,24.85,26.4,25.7,0.6999999999999993,2.7237,40065.52,104224.445
300540.SZ,20210917,26.66,26.99,25.55,25.7,26.21,-0.5100000000000016,-1.9458,40538.03,105635.155
300540.SZ,20210916,27.86,28.75,26.06,26.21,27.26,-1.0500000000000007,-3.8518,54832.68,150609.218
300540.SZ,20210915,27.01,27.64,26.6,27.26,27.2,0.060000000000002274,0.2206,42242.1,114844.665
300540.SZ,20210914,27.74,28.28,26.86,27.2,27.65,-0.4499999999999993,-1.6275,56014.99,154083.405
300540.SZ,20210913,26.3,28.28,25.32,27.65,26.5,1.1499999999999986,4.3396,95085.54,253439.795
300540.SZ,20210910,28.38,28.38,26.24,26.5,28.95,-2.4499999999999993,-8.4629,99888.38,270704.434
300540.SZ,20210909,28.0,30.03,27.77,28.95,28.19,0.759999999999998,2.696,109621.09,319221.143
300540.SZ,20210908,28.05,29.25,27.3,28.19,28.02,0.1700000000000017,0.6067,92045.07,259764.011
300540.SZ,20210907,27.09,28.35,26.62,28.02,26.83,1.1900000000000013,4.4353,81170.56,222891.041
300540.SZ,20210906,26.9,27.3,25.7,26.83,26.97,-0.14000000000000057,-0.5191,64773.76,172153.679
300540.SZ,20210903,27.82,28.52,25.3,26.97,28.08,-1.1099999999999994,-3.953,101403.18,273766.742
300540.SZ,20210902,27.0,28.6,26.7,28.08,27.19,0.889999999999997,3.2733,76357.59,212185.89
300540.SZ,20210901,29.76,31.44,26.88,27.19,30.11,-2.919999999999998,-9.6978,126473.84,363962.973
300540.SZ,20210831,33.3,33.7,29.56,30.11,34.23,-4.119999999999997,-12.0362,129649.89,415710.933
300540.SZ,20210830,31.48,35.27,30.26,34.23,32.94,1.2899999999999991,3.9162,175519.91,567876.327
300540.SZ,20210827,30.09,33.0,29.28,32.94,29.75,3.1899999999999977,10.7227,182143.1,573664.113
300540.SZ,20210826,29.06,30.99,28.61,29.75,29.8,-0.05000000000000071,-0.1678,141914.11,420957.632
300540.SZ,20210825,28.19,30.59,27.93,29.8,29.27,0.5300000000000011,1.8107,141860.81,418292.352
300540.SZ,20210824,29.95,30.73,28.43,29.27,29.22,0.05000000000000071,0.1711,144217.44,427046.023
300540.SZ,20210823,29.2,30.2,28.51,29.22,28.7,0.5199999999999996,1.8118,125265.69,366632.153
300540.SZ,20210820,29.61,30.68,28.4,28.7,30.2,-1.5,-4.9669,119830.9,350597.627
300540.SZ,20210819,33.84,34.5,30.0,30.2,34.85,-4.650000000000002,-13.3429,168277.73,522615.531
300540.SZ,20210818,32.0,38.4,32.0,34.85,36.01,-1.1599999999999966,-3.2213,256655.58,896200.399
300540.SZ,20210817,36.98,40.96,35.91,36.01,34.19,1.8200000000000003,5.3232,260689.05,978785.152
300540.SZ,20210816,28.42,34.19,28.18,34.19,28.49,5.699999999999999,20.007,91345.58,297118.954
300540.SZ,20210813,26.38,29.79,25.56,28.49,27.35,1.139999999999997,4.1682,135493.23,375937.875
300540.SZ,20210812,28.45,28.84,27.03,27.35,28.45,-1.0999999999999979,-3.8664,116273.21,320982.756
300540.SZ,20210811,26.0,30.87,25.64,28.45,25.87,2.5799999999999983,9.9729,160867.31,447792.078
300540.SZ,20210810,25.26,26.8,24.85,25.87,25.82,0.05000000000000071,0.1936,105725.58,271113.077
300540.SZ,20210809,26.65,28.34,25.6,25.82,25.8,0.019999999999999574,0.0775,130208.81,348424.123
300540.SZ,20210806,24.73,26.39,24.56,25.8,24.72,1.0800000000000018,4.3689,101838.67,261283.623
300540.SZ,20210805,25.14,26.49,24.11,24.72,25.07,-0.3500000000000014,-1.3961,77301.54,193850.508
300540.SZ,20210804,24.8,25.94,24.36,25.07,24.72,0.3500000000000014,1.4159,66713.54,166536.241
300540.SZ,20210803,25.41,25.56,24.39,24.72,25.66,-0.9400000000000013,-3.6633,85613.53,213685.842
300540.SZ,20210802,25.0,26.62,24.62,25.66,24.77,0.8900000000000006,3.5931,143269.66,364334.044
300540.SZ,20210730,20.72,24.77,20.65,24.77,20.64,4.129999999999999,20.0097,117391.21,274338.397
300540.SZ,20210729,19.88,20.92,19.71,20.64,19.48,1.1600000000000001,5.9548,33450.35,68500.847
300540.SZ,20210728,20.02,20.5,19.01,19.48,20.41,-0.9299999999999997,-4.5566,31054.97,61249.741
300540.SZ,20210727,21.98,22.25,20.28,20.41,22.0,-1.5899999999999999,-7.2273,41922.12,89047.513
300540.SZ,20210726,21.7,22.11,21.09,22.0,22.1,-0.10000000000000142,-0.4525,41745.02,90210.885
300540.SZ,20210723,22.16,23.25,21.85,22.1,22.17,-0.07000000000000028,-0.3157,59965.22,135321.231
300540.SZ,20210722,21.5,23.18,21.49,22.17,21.49,0.6800000000000033,3.1643,70849.61,158559.368
300540.SZ,20210721,21.6,21.93,20.9,21.49,21.73,-0.240000000000002,-1.1045,54653.67,117041.681
300540.SZ,20210720,19.7,22.1,19.5,21.73,20.21,1.5199999999999996,7.521,88487.26,186530.632
300540.SZ,20210719,20.2,21.5,19.8,20.21,19.55,0.6600000000000001,3.376,52818.0,108556.835
300540.SZ,20210716,19.44,20.22,19.27,19.55,19.46,0.08999999999999986,0.4625,28656.33,56607.593
300540.SZ,20210715,19.76,19.88,19.25,19.46,20.07,-0.6099999999999994,-3.0394,24555.9,47945.81
300540.SZ,20210714,20.81,20.81,20.0,20.07,20.94,-0.870000000000001,-4.1547,28441.03,57813.379
300540.SZ,20210713,21.06,21.8,20.8,20.94,21.15,-0.2099999999999973,-0.9929,35949.09,76353.524
300540.SZ,20210712,21.04,21.88,20.8,21.15,20.94,0.2099999999999973,1.0029,40361.51,85798.56
300540.SZ,20210709,20.09,21.17,19.79,20.94,20.53,0.41000000000000014,1.9971,38527.54,79038.869
300540.SZ,20210708,20.01,21.78,19.87,20.53,20.01,0.5199999999999996,2.5987,54640.87,113801.213
300540.SZ,20210707,19.95,20.45,19.66,20.01,20.05,-0.03999999999999915,-0.1995,20439.05,41109.31
300540.SZ,20210706,20.48,20.85,19.78,20.05,20.71,-0.6600000000000001,-3.1869,26115.52,52914.183
300540.SZ,20210705,20.48,20.88,19.63,20.71,20.48,0.23000000000000043,1.123,37545.31,76145.872
300540.SZ,20210702,20.31,20.75,19.94,20.48,20.25,0.23000000000000043,1.1358,25998.52,52807.859
300540.SZ,20210701,20.7,21.39,20.21,20.25,21.0,-0.75,-3.5714,33247.04,69416.519
300540.SZ,20210630,20.78,21.41,20.2,21.0,20.79,0.21000000000000085,1.0101,48944.32,102123.57
300540.SZ,20210629,20.0,21.36,20.0,20.79,20.07,0.7199999999999989,3.5874,46039.44,95421.03
300540.SZ,20210628,19.9,20.35,19.58,20.07,19.58,0.490000000000002,2.5026,31703.02,63355.414
300540.SZ,20210625,19.87,20.4,19.41,19.58,20.05,-0.4700000000000024,-2.3441,30459.11,60084.948
300540.SZ,20210624,19.37,20.96,19.03,20.05,19.37,0.6799999999999997,3.5106,56734.54,114762.074
300540.SZ,20210623,19.07,19.8,19.05,19.37,19.35,0.019999999999999574,0.1034,32431.5,63041.72
300540.SZ,20210622,19.69,19.78,18.62,19.35,19.79,-0.4399999999999977,-2.2233,54698.46,104919.858
300540.SZ,20210621,18.89,21.0,18.51,19.79,18.85,0.9399999999999977,4.9867,76382.62,152516.125
300540.SZ,20210618,16.62,19.0,16.61,18.85,16.62,2.2300000000000004,13.4176,81813.55,148578.426
300540.SZ,20210617,16.68,16.83,16.51,16.62,16.75,-0.129999999999999,-0.7761,8500.26,14145.574
300540.SZ,20210616,16.58,16.85,16.51,16.75,16.58,0.1700000000000017,1.0253,9877.78,16490.45
300540.SZ,20210615,16.98,17.15,16.58,16.58,17.01,-0.43000000000000327,-2.5279,11771.01,19695.074
300540.SZ,20210611,17.15,17.29,17.01,17.01,17.14,-0.129999999999999,-0.7585,10976.0,18774.556
300540.SZ,20210610,17.53,17.53,17.13,17.14,17.53,-0.39000000000000057,-2.2248,14835.5,25604.801
300540.SZ,20210609,17.43,17.86,17.37,17.53,17.57,-0.03999999999999915,-0.2277,16371.07,28743.201
300540.SZ,20210608,17.7,17.7,17.4,17.57,17.78,-0.21000000000000085,-1.1811,12977.3,22732.043
300540.SZ,20210607,17.8,17.84,17.35,17.78,17.92,-0.14000000000000057,-0.7813,19472.51,34239.993
300540.SZ,20210604,17.25,18.09,17.1,17.92,17.46,0.46000000000000085,2.6346,30309.46,53620.331
300540.SZ,20210603,17.2,18.05,17.02,17.46,17.25,0.21000000000000085,1.2174,27650.5,48887.515
300540.SZ,20210602,17.7,17.84,17.24,17.25,17.75,-0.5,-2.8169,16348.01,28488.767
300540.SZ,20210601,17.91,17.96,17.5,17.75,17.92,-0.1700000000000017,-0.9487,17106.5,30301.767
300540.SZ,20210531,17.88,18.08,17.8,17.92,17.88,0.0400000000000027,0.2237,17338.1,31101.618
300540.SZ,20210528,17.99,18.48,17.67,17.88,17.94,-0.060000000000002274,-0.3344,15800.18,28501.971
300540.SZ,20210527,17.85,18.29,17.75,17.94,17.83,0.11000000000000298,0.6169,17617.91,31880.667
300540.SZ,20210526,17.67,17.93,17.59,17.83,17.67,0.1599999999999966,0.9055,11725.35,20885.962
300540.SZ,20210525,17.62,17.95,17.41,17.67,17.77,-0.09999999999999787,-0.5627,11866.71,20895.59
300540.SZ,20210524,17.46,18.06,17.35,17.77,17.46,0.3099999999999987,1.7755,14985.45,26654.01
300540.SZ,20210521,17.1,17.61,16.91,17.46,17.1,0.35999999999999943,2.1053,15487.01,26866.718
300540.SZ,20210520,17.1,17.2,16.9,17.1,17.25,-0.14999999999999858,-0.8696,10809.34,18414.455
300540.SZ,20210519,17.29,17.4,17.17,17.25,17.29,-0.03999999999999915,-0.2313,9596.1,16575.913
300540.SZ,20210518,17.32,17.48,17.11,17.29,17.26,0.029999999999997584,0.1738,7207.5,12469.427
300540.SZ,20210517,17.72,17.87,17.13,17.26,17.7,-0.4399999999999977,-2.4859,12972.51,22475.795
300540.SZ,20210514,17.61,17.96,17.48,17.7,17.61,0.08999999999999986,0.5111,11314.28,20036.62
300540.SZ,20210513,17.87,18.1,17.5,17.61,18.36,-0.75,-4.085,18001.66,32081.21
300540.SZ,20210512,18.0,18.6,17.29,18.36,18.2,0.16000000000000014,0.8791,31020.08,54803.751
300540.SZ,20210511,18.49,19.0,18.0,18.2,17.57,0.629999999999999,3.5857,34265.41,63108.385
300540.SZ,20210510,17.4,17.75,17.1,17.57,17.49,0.08000000000000185,0.4574,10045.0,17547.638
300540.SZ,20210507,18.5,18.56,17.09,17.49,18.35,-0.860000000000003,-4.6866,21937.71,39036.217
300540.SZ,20210506,17.7,18.47,17.6,18.35,17.59,0.7600000000000016,4.3206,15123.0,27346.272
300540.SZ,20210430,18.2,18.33,17.56,17.59,18.23,-0.6400000000000006,-3.5107,22538.51,40286.475
300540.SZ,20210429,18.32,18.94,18.16,18.23,18.63,-0.3999999999999986,-2.1471,19168.51,35272.173
300540.SZ,20210428,19.04,19.38,18.52,18.63,19.25,-0.620000000000001,-3.2208,16870.51,31701.708
300540.SZ,20210427,18.84,19.48,18.32,19.25,18.72,0.5300000000000011,2.8312,24439.0,46416.874
300540.SZ,20210426,19.59,19.71,18.72,18.72,19.85,-1.1300000000000026,-5.6927,29241.75,55755.422
300540.SZ,20210423,20.3,20.65,19.31,19.85,19.98,-0.129999999999999,-0.6507,34272.32,68162.598
300540.SZ,20210422,20.16,20.98,19.7,19.98,19.85,0.129999999999999,0.6549,39867.0,80409.491
300540.SZ,20210421,20.07,21.26,19.85,19.85,20.26,-0.41000000000000014,-2.0237,36327.5,74552.886
300540.SZ,20210420,20.66,20.7,20.15,20.26,20.69,-0.4299999999999997,-2.0783,29378.0,59872.485
300540.SZ,20210419,19.67,21.0,19.67,20.69,19.51,1.1799999999999997,6.0482,48411.41,99504.643
300540.SZ,20210416,18.98,20.28,18.67,19.51,18.98,0.5300000000000011,2.7924,41045.25,79290.649
300540.SZ,20210415,19.5,19.6,18.85,18.98,19.63,-0.6499999999999986,-3.3113,18886.5,36087.093
300540.SZ,20210414,20.33,20.33,19.52,19.63,19.87,-0.240000000000002,-1.2079,23228.52,45952.73
300540.SZ,20210413,20.67,20.85,19.75,19.87,20.38,-0.509999999999998,-2.5025,30753.51,61860.457
300540.SZ,20210412,20.84,21.78,20.15,20.38,21.06,-0.6799999999999997,-3.2289,46408.84,95102.941
300540.SZ,20210409,20.3,21.89,20.3,21.06,20.48,0.5799999999999983,2.832,70531.85,149339.986
300540.SZ,20210408,20.82,21.02,20.3,20.48,20.78,-0.3000000000000007,-1.4437,54701.52,113167.327
300540.SZ,20210407,20.11,21.29,20.1,20.78,20.51,0.2699999999999996,1.3164,74766.04,154430.958
300540.SZ,20210406,18.13,20.84,18.1,20.51,17.67,2.84,16.0724,80109.51,159365.945
300540.SZ,20210402,17.48,18.0,17.38,17.67,17.55,0.120000000000001,0.6838,16372.0,28961.752
300540.SZ,20210401,17.8,17.8,17.34,17.55,17.89,-0.33999999999999986,-1.9005,18913.5,33160.428
300540.SZ,20210331,18.6,18.6,17.84,17.89,18.43,-0.5399999999999991,-2.93,19113.02,34516.025
300540.SZ,20210330,19.09,19.3,18.16,18.43,18.94,-0.5100000000000016,-2.6927,23362.0,43254.767
300540.SZ,20210329,19.68,19.98,18.87,18.94,19.39,-0.4499999999999993,-2.3208,24861.0,47966.992
300540.SZ,20210326,18.64,19.98,18.43,19.39,18.76,0.629999999999999,3.3582,36828.5,71271.619
300540.SZ,20210325,19.4,19.5,18.48,18.76,19.56,-0.7999999999999972,-4.09,36963.01,69372.463
300540.SZ,20210324,20.28,20.78,19.45,19.56,20.84,-1.2800000000000011,-6.142,49344.51,98984.829
300540.SZ,20210323,19.81,22.3,19.31,20.84,19.82,1.0199999999999996,5.1463,77609.02,160141.291
300540.SZ,20210322,18.99,19.96,18.65,19.82,18.72,1.1000000000000014,5.8761,40852.01,78792.589
300540.SZ,20210319,18.6,19.39,18.5,18.72,18.61,0.10999999999999943,0.5911,23007.01,43495.053
300540.SZ,20210318,18.62,19.25,18.5,18.61,18.9,-0.28999999999999915,-1.5344,29674.5,55733.962
300540.SZ,20210317,19.05,19.78,18.9,18.9,18.82,0.0799999999999983,0.4251,38617.0,74750.963
300540.SZ,20210316,18.82,19.1,18.3,18.82,18.89,-0.07000000000000028,-0.3706,32192.53,60083.604
300540.SZ,20210315,18.26,19.1,18.0,18.89,18.25,0.6400000000000006,3.5068,44981.02,84237.52
300540.SZ,20210312,18.06,18.77,18.0,18.25,18.07,0.17999999999999972,0.9961,37601.01,68972.707
300540.SZ,20210311,16.9,18.44,16.6,18.07,17.28,0.7899999999999991,4.5718,35806.54,62990.236
300540.SZ,20210310,17.06,17.48,16.34,17.28,16.52,0.7600000000000016,4.6005,29799.5,50459.4
300540.SZ,20210309,17.48,17.7,16.44,16.52,17.55,-1.0300000000000011,-5.8689,29297.5,49789.204
300540.SZ,20210308,17.77,18.26,17.53,17.55,17.95,-0.3999999999999986,-2.2284,25797.02,45989.267
300540.SZ,20210305,17.9,18.75,17.69,17.95,18.45,-0.5,-2.71,45629.51,82250.733
300540.SZ,20210304,17.54,18.86,17.54,18.45,17.84,0.6099999999999994,3.4193,54548.52,100804.205
300540.SZ,20210303,17.24,18.21,17.24,17.84,16.67,1.1699999999999982,7.0186,41364.86,73257.908
300540.SZ,20210302,16.99,17.09,16.54,16.67,16.99,-0.31999999999999673,-1.8835,12892.0,21590.241
300540.SZ,20210301,16.87,17.1,16.65,16.99,16.79,0.1999999999999993,1.1912,13394.94,22633.379
300540.SZ,20210226,16.61,17.04,16.5,16.79,16.69,0.09999999999999787,0.5992,15147.51,25424.422
300540.SZ,20210225,17.12,17.59,16.51,16.69,17.3,-0.6099999999999994,-3.526,23365.83,39561.522
300540.SZ,20210224,17.2,17.66,16.96,17.3,16.72,0.5800000000000018,3.4689,28416.49,49243.8
300540.SZ,20210223,17.11,17.3,16.65,16.72,17.09,-0.370000000000001,-2.165,20588.0,34851.669
300540.SZ,20210222,16.68,17.75,16.5,17.09,16.5,0.5899999999999999,3.5758,31803.89,54728.164
300540.SZ,20210219,16.17,16.55,16.16,16.5,16.29,0.21000000000000085,1.2891,13274.0,21791.468
300540.SZ,20210218,16.47,16.92,16.0,16.29,15.87,0.41999999999999993,2.6465,20739.55,34318.391
300540.SZ,20210210,15.87,16.43,15.7,15.87,16.0,-0.13000000000000078,-0.8125,17989.5,28798.279
300540.SZ,20210209,14.92,16.51,14.92,16.0,14.95,1.0500000000000007,7.0234,27816.69,44640.11
300540.SZ,20210208,15.03,15.25,14.69,14.95,15.11,-0.16000000000000014,-1.0589,11844.0,17738.305
300540.SZ,20210205,15.4,15.87,15.06,15.11,15.4,-0.2900000000000009,-1.8831,14166.5,21775.883
300540.SZ,20210204,15.7,15.83,15.29,15.4,15.79,-0.3899999999999988,-2.4699,13560.5,20981.425
300540.SZ,20210203,16.39,16.39,15.73,15.79,16.33,-0.5399999999999991,-3.3068,16506.69,26399.879
300540.SZ,20210202,16.54,16.69,16.11,16.33,16.7,-0.370000000000001,-2.2156,14739.5,24173.949
300540.SZ,20210201,16.2,16.95,15.79,16.7,16.2,0.5,3.0864,17897.0,29438.754
300540.SZ,20210129,16.95,17.0,16.08,16.2,16.59,-0.39000000000000057,-2.3508,18218.59,29988.083
300540.SZ,20210128,17.12,17.7,16.59,16.59,17.19,-0.6000000000000014,-3.4904,18689.02,31908.416
300540.SZ,20210127,17.42,17.81,16.91,17.19,17.6,-0.41000000000000014,-2.3295,22917.03,39316.184
300540.SZ,20210126,17.55,18.18,17.2,17.6,17.63,-0.029999999999997584,-0.1702,23083.0,40906.147
300540.SZ,20210125,18.43,19.14,17.6,17.63,18.68,-1.0500000000000007,-5.621,38606.02,70612.239
300540.SZ,20210122,18.0,19.94,17.82,18.68,18.19,0.48999999999999844,2.6938,52680.32,99214.475
300540.SZ,20210121,18.61,18.61,17.65,18.19,18.08,0.11000000000000298,0.6084,36207.33,65663.843
300540.SZ,20210120,17.66,18.23,17.11,18.08,17.63,0.4499999999999993,2.5525,40086.02,70669.113
300540.SZ,20210119,18.22,18.8,17.37,17.63,18.35,-0.7200000000000024,-3.9237,47478.29,84967.722
300540.SZ,20210118,17.2,19.38,16.66,18.35,16.22,2.1300000000000026,13.1319,59498.59,107705.95
300540.SZ,20210115,15.26,16.27,15.26,16.22,15.24,0.9799999999999986,6.4304,33357.82,53394.575
300540.SZ,20210114,15.36,15.64,15.07,15.24,15.65,-0.41000000000000014,-2.6198,19623.0,30005.653
300540.SZ,20210113,15.88,16.42,15.46,15.65,15.78,-0.129999999999999,-0.8238,22636.0,36002.153
300540.SZ,20210112,15.92,16.53,15.68,15.78,15.76,0.019999999999999574,0.1269,23740.51,38207.792
300540.SZ,20210111,16.42,16.6,15.61,15.76,16.42,-0.6600000000000019,-4.0195,25275.31,40294.246
300540.SZ,20210108,16.73,16.95,15.6,16.42,16.66,-0.23999999999999844,-1.4406,29021.77,47828.862
300540.SZ,20210107,17.76,17.8,16.5,16.66,17.85,-1.1900000000000013,-6.6667,54247.52,91876.148
300540.SZ,20210106,17.89,18.15,17.62,17.85,17.8,0.05000000000000071,0.2809,29555.5,52870.817
300540.SZ,20210105,18.12,18.21,17.64,17.8,18.24,-0.4399999999999977,-2.4123,30259.35,53894.814
300540.SZ,20210104,17.91,18.39,17.56,18.24,17.91,0.3299999999999983,1.8425,26931.51,48895.556
300540.SZ,20201231,17.87,18.44,17.52,17.91,17.81,0.10000000000000142,0.5615,24657.43,44420.797
300540.SZ,20201230,18.38,18.48,17.71,17.81,18.4,-0.5899999999999999,-3.2065,31302.01,56493.087
300540.SZ,20201229,18.98,19.11,18.3,18.4,19.01,-0.610000000000003,-3.2088,35635.51,66014.787
300540.SZ,20201228,19.98,20.05,18.71,19.01,19.98,-0.9699999999999989,-4.8549,49797.51,95232.921
300540.SZ,20201225,19.1,20.22,18.9,19.98,19.13,0.8500000000000014,4.4433,48701.0,96213.958
300540.SZ,20201224,20.47,20.68,19.0,19.13,20.49,-1.3599999999999994,-6.6374,50336.08,99196.786
300540.SZ,20201223,20.1,21.19,19.87,20.49,20.68,-0.19000000000000128,-0.9188,52091.53,107602.034
300540.SZ,20201222,20.15,21.88,20.15,20.68,19.68,1.0,5.0813,78278.54,164496.27
300540.SZ,20201221,19.74,20.18,19.49,19.68,19.76,-0.08000000000000185,-0.4049,35874.24,71005.738
300540.SZ,20201218,19.0,20.24,18.88,19.76,19.12,0.6400000000000006,3.3473,50613.46,99187.335
300540.SZ,20201217,18.91,19.27,18.26,19.12,18.96,0.16000000000000014,0.8439,32974.09,61985.343
300540.SZ,20201216,19.14,19.45,18.68,18.96,19.12,-0.16000000000000014,-0.8368,27114.5,51583.742
300540.SZ,20201215,19.0,19.45,18.8,19.12,19.15,-0.029999999999997584,-0.1567,20292.54,38712.198
300540.SZ,20201214,19.58,19.63,18.97,19.15,19.47,-0.3200000000000003,-1.6436,25897.52,49737.852
300540.SZ,20201211,19.79,19.79,19.12,19.47,19.85,-0.38000000000000256,-1.9144,31289.16,60692.932
300540.SZ,20201210,19.24,20.18,19.08,19.85,19.4,0.45000000000000284,2.3196,47631.0,93908.157
300540.SZ,20201209,20.14,20.32,19.33,19.4,20.11,-0.7100000000000009,-3.5306,40700.52,80443.787
300540.SZ,20201208,20.72,20.82,20.02,20.11,20.62,-0.5100000000000016,-2.4733,34397.75,69526.843
300540.SZ,20201207,20.82,21.29,20.38,20.62,21.05,-0.4299999999999997,-2.0428,38646.03,80159.002
300540.SZ,20201204,21.3,21.54,20.86,21.05,21.42,-0.370000000000001,-1.7274,42932.0,90579.794
300540.SZ,20201203,21.53,22.16,21.33,21.42,21.52,-0.09999999999999787,-0.4647,46274.5,100219.545
300540.SZ,20201202,22.2,22.38,21.52,21.52,22.27,-0.75,-3.3678,43206.51,93924.413
300540.SZ,20201201,21.88,22.39,21.41,22.27,21.7,0.5700000000000003,2.6267,47313.62,104356.468
300540.SZ,20201130,22.55,22.78,21.61,21.7,22.49,-0.7899999999999991,-3.5127,51092.12,113252.873
300540.SZ,20201127,22.82,23.02,22.05,22.49,22.49,0.0,0.0,48935.08,110324.817
300540.SZ,20201126,23.28,23.77,22.31,22.49,23.54,-1.0500000000000007,-4.4605,66587.14,151684.064
300540.SZ,20201125,24.3,25.49,23.54,23.54,24.77,-1.2300000000000004,-4.9657,73291.57,178818.304
300540.SZ,20201124,24.6,25.68,24.26,24.77,24.92,-0.15000000000000213,-0.6019,79288.87,197270.568
300540.SZ,20201123,25.54,25.9,24.44,24.92,25.86,-0.9399999999999977,-3.635,89392.28,223877.206
300540.SZ,20201120,24.63,25.94,24.2,25.86,24.21,1.6499999999999986,6.8154,105156.0,265425.835
300540.SZ,20201119,24.48,24.48,23.05,24.21,24.81,-0.5999999999999979,-2.4184,78454.51,186084.106
300540.SZ,20201118,24.83,25.37,24.17,24.81,25.34,-0.5300000000000011,-2.0916,78988.0,194600.898
300540.SZ,20201117,26.22,26.6,24.79,25.34,26.52,-1.1799999999999997,-4.4495,113834.95,288998.124
300540.SZ,20201116,25.01,28.0,25.01,26.52,25.41,1.1099999999999994,4.3684,152509.32,403621.522
300540.SZ,20201113,23.9,26.75,23.77,25.41,23.42,1.9899999999999984,8.497,148728.69,379495.661
300540.SZ,20201112,24.1,24.36,23.17,23.42,25.15,-1.7299999999999969,-6.8787,107193.24,253573.487
300540.SZ,20201111,25.85,26.85,24.7,25.15,24.94,0.2099999999999973,0.842,135622.39,347065.161
300540.SZ,20201110,25.3,25.73,24.3,24.94,25.1,-0.16000000000000014,-0.6375,83507.71,208344.591
300540.SZ,20201109,24.94,25.88,24.3,25.1,24.9,0.20000000000000284,0.8032,119241.7,301898.8
300540.SZ,20201106,26.15,26.21,24.04,24.9,26.21,-1.3100000000000023,-4.9981,116749.16,289417.683
300540.SZ,20201105,27.08,27.4,25.51,26.21,28.43,-2.219999999999999,-7.8087,207959.63,545556.522
300540.SZ,20201104,23.5,28.43,23.5,28.43,23.69,4.739999999999998,20.0084,267636.82,707730.891
300540.SZ,20201103,21.99,25.07,21.99,23.69,20.89,2.8000000000000007,13.4035,158938.91,382998.905
300540.SZ,20201102,20.5,21.25,20.5,20.89,20.71,0.17999999999999972,0.8691,45853.87,95612.424
300540.SZ,20201030,22.46,22.9,20.65,20.71,22.3,-1.5899999999999999,-7.13,69917.16,152996.044
300540.SZ,20201029,22.0,22.8,21.55,22.3,22.99,-0.6899999999999977,-3.0013,61743.1,136645.713
300540.SZ,20201028,23.0,23.48,22.2,22.99,23.7,-0.7100000000000009,-2.9958,69260.02,158475.095
300540.SZ,20201027,23.51,24.77,22.44,23.7,23.6,0.09999999999999787,0.4237,101060.13,238491.789
300540.SZ,20201026,23.54,23.81,23.01,23.6,23.29,0.3100000000000023,1.331,86395.55,202838.252
300540.SZ,20201023,24.3,24.8,23.11,23.29,25.46,-2.1700000000000017,-8.5232,148711.94,356192.074
300540.SZ,20201022,22.3,26.63,21.8,25.46,22.19,3.2699999999999996,14.7364,203773.63,506766.439
300540.SZ,20201021,23.14,23.75,21.9,22.19,23.08,-0.889999999999997,-3.8562,112750.11,256740.064
300540.SZ,20201020,22.8,23.4,22.41,23.08,23.3,-0.22000000000000242,-0.9442,94379.61,216662.116
300540.SZ,20201019,23.6,24.68,22.78,23.3,24.12,-0.8200000000000003,-3.3997,130515.44,308721.453
300540.SZ,20201016,22.21,25.88,21.3,24.12,22.39,1.7300000000000004,7.7267,166388.01,396391.263
300540.SZ,20201015,20.76,23.27,20.71,22.39,21.14,1.25,5.913,116103.19,254403.222
300540.SZ,20201014,20.81,21.75,20.72,21.14,20.61,0.5300000000000011,2.5716,80997.58,170992.0
300540.SZ,20201013,19.65,21.98,19.5,20.61,19.82,0.7899999999999991,3.9859,90725.1,187815.127
300540.SZ,20201012,19.0,20.0,18.99,19.82,18.88,0.9400000000000013,4.9788,52847.39,103715.509
300540.SZ,20201009,18.37,19.33,18.26,18.88,17.81,1.0700000000000003,6.0079,46404.08,87330.117
300540.SZ,20200930,18.8,18.88,17.8,17.81,18.59,-0.7800000000000011,-4.1958,53089.9,96555.765
300540.SZ,20200929,19.11,19.59,18.55,18.59,19.19,-0.6000000000000014,-3.1266,49744.4,94328.673
300540.SZ,20200928,18.59,19.97,18.21,19.19,18.5,0.6900000000000013,3.7297,68086.23,129938.315
300540.SZ,20200925,19.4,19.71,18.31,18.5,19.35,-0.8500000000000014,-4.3928,57064.07,107722.164
300540.SZ,20200924,21.04,21.05,19.29,19.35,21.35,-2.0,-9.3677,78196.3,155537.176
300540.SZ,20200923,21.96,22.21,20.35,21.35,22.2,-0.8499999999999979,-3.8288,103726.05,217748.891
300540.SZ,20200922,22.9,23.77,21.89,22.2,23.44,-1.240000000000002,-5.2901,90780.72,204405.804
300540.SZ,20200921,21.33,23.44,20.9,23.44,22.12,1.3200000000000003,5.9675,130230.5,291704.099
300540.SZ,20200918,20.01,23.13,19.62,22.12,20.51,1.6099999999999994,7.8498,136492.76,297571.89
300540.SZ,20200917,20.3,21.72,20.03,20.51,20.38,0.13000000000000256,0.6379,102044.06,214148.942
300540.SZ,20200916,19.9,20.38,19.2,20.38,20.42,-0.0400000000000027,-0.1959,84659.44,167178.629
300540.SZ,20200915,19.71,21.92,19.61,20.42,19.97,0.45000000000000284,2.2534,120524.22,248474.791
300540.SZ,20200914,17.91,20.02,17.91,19.97,18.08,1.8900000000000006,10.4535,105317.85,202169.758
300540.SZ,20200911,17.81,19.36,17.18,18.08,17.81,0.2699999999999996,1.516,99402.41,182681.408
300540.SZ,20200910,20.52,21.84,17.66,17.81,22.07,-4.260000000000002,-19.3022,164406.09,315819.6
300540.SZ,20200909,19.01,22.07,19.01,22.07,18.39,3.6799999999999997,20.0109,144230.37,313127.622
300540.SZ,20200908,18.08,18.47,17.5,18.39,18.27,0.120000000000001,0.6568,68001.46,122827.407
300540.SZ,20200907,17.55,18.58,17.04,18.27,17.83,0.4400000000000013,2.4678,71254.68,127150.839
300540.SZ,20200904,17.47,18.98,17.36,17.83,17.99,-0.16000000000000014,-0.8894,60560.79,108968.278
300540.SZ,20200903,17.1,18.17,16.55,17.99,17.4,0.5899999999999999,3.3908,67273.38,118408.301
300540.SZ,20200902,16.77,17.56,16.62,17.4,16.86,0.5399999999999991,3.2028,48480.61,82610.396
300540.SZ,20200901,16.34,16.86,16.0,16.86,16.3,0.5599999999999987,3.4356,38288.61,63114.1
300540.SZ,20200831,16.25,16.56,15.82,16.3,16.21,0.08999999999999986,0.5552,35080.28,57215.097
300540.SZ,20200828,15.61,16.69,15.44,16.21,15.77,0.4400000000000013,2.7901,44186.31,71575.883
300540.SZ,20200827,15.77,16.1,15.18,15.77,15.74,0.02999999999999936,0.1906,36738.52,57159.888
300540.SZ,20200826,15.2,16.36,15.09,15.74,15.14,0.5999999999999996,3.963,51436.25,80510.983
300540.SZ,20200825,14.82,15.47,14.65,15.14,14.82,0.3200000000000003,2.1592,25146.61,38012.929
300540.SZ,20200824,15.31,15.39,14.58,14.82,15.19,-0.3699999999999992,-2.4358,19727.75,29180.477
300540.SZ,20200821,15.0,15.49,14.99,15.19,15.15,0.03999999999999915,0.264,17586.3,26739.178
300540.SZ,20200820,14.9,15.15,14.74,15.15,15.12,0.030000000000001137,0.1984,13234.54,19788.744
300540.SZ,20200819,15.61,15.71,14.94,15.12,15.72,-0.6000000000000014,-3.8168,31548.78,48000.859
300540.SZ,20200818,15.4,16.28,15.4,15.72,15.64,0.08000000000000007,0.5115,29128.54,45999.961
300540.SZ,20200817,16.0,16.6,15.43,15.64,15.39,0.25,1.6244,37709.77,59615.174
300540.SZ,20200814,14.84,15.43,14.72,15.39,15.04,0.3500000000000014,2.3271,25017.93,37768.507
300540.SZ,20200813,14.79,15.48,14.52,15.04,14.79,0.25,1.6903,19579.0,29341.092
300540.SZ,20200812,15.2,15.28,14.5,14.79,15.15,-0.3600000000000012,-2.3762,25428.01,37423.457
300540.SZ,20200811,16.21,16.25,15.03,15.15,16.21,-1.0600000000000005,-6.5392,36640.48,57243.297
300540.SZ,20200810,15.72,16.73,15.4,16.21,16.08,0.13000000000000256,0.8085,45738.26,74069.548
300540.SZ,20200807,15.4,16.75,15.12,16.08,15.52,0.5599999999999987,3.6082,60715.61,97061.521
300540.SZ,20200806,15.85,16.9,15.3,15.52,16.51,-0.990000000000002,-5.9964,68676.43,107718.776
300540.SZ,20200805,17.19,18.02,15.24,16.51,16.68,-0.16999999999999815,-1.0192,96959.42,157642.586
300540.SZ,20200804,16.68,16.68,16.28,16.68,15.16,1.5199999999999996,10.0264,20321.56,33830.699
300540.SZ,20200727,13.85,15.16,13.85,15.16,13.78,1.3800000000000008,10.0145,29971.91,43769.685
300540.SZ,20200724,14.74,14.74,13.78,13.78,14.59,-0.8100000000000005,-5.5517,15294.82,21676.034
300540.SZ,20200723,14.72,14.97,14.36,14.59,14.89,-0.3000000000000007,-2.0148,12712.02,18551.192
300540.SZ,20200722,15.16,15.48,14.8,14.89,15.1,-0.20999999999999908,-1.3907,17038.51,25707.162
300540.SZ,20200721,14.85,15.44,14.55,15.1,14.69,0.41000000000000014,2.791,28805.24,43420.576
300540.SZ,20200720,13.89,14.78,13.88,14.69,13.8,0.8899999999999988,6.4493,18941.53,27381.854
300540.SZ,20200717,13.68,13.94,13.56,13.8,13.72,0.08000000000000007,0.5831,10811.52,14850.647
300540.SZ,20200716,14.67,14.67,13.05,13.72,14.24,-0.5199999999999996,-3.6517,19913.05,28119.622
300540.SZ,20200715,14.6,14.68,14.11,14.24,14.6,-0.35999999999999943,-2.4658,15331.52,21955.183
300540.SZ,20200714,14.68,14.85,14.21,14.6,14.56,0.03999999999999915,0.2747,21667.0,31519.978
300540.SZ,20200713,14.06,14.66,14.06,14.56,14.06,0.5,3.5562,20643.06,29917.701
300540.SZ,20200710,14.32,14.57,14.0,14.06,14.36,-0.29999999999999893,-2.0891,25447.21,36408.828
300540.SZ,20200709,14.13,14.57,14.01,14.36,14.12,0.2400000000000002,1.6997,29905.0,42622.344
300540.SZ,20200708,13.85,14.15,13.66,14.12,13.8,0.3199999999999985,2.3188,26753.75,37557.164
300540.SZ,20200707,13.88,14.12,13.67,13.8,13.85,-0.049999999999998934,-0.361,26923.43,37425.351
300540.SZ,20200706,13.59,14.0,13.59,13.85,13.55,0.29999999999999893,2.214,21758.42,30026.945
300540.SZ,20200703,13.64,13.82,13.49,13.55,13.58,-0.02999999999999936,-0.2209,13625.52,18533.922
300540.SZ,20200702,13.34,13.84,13.2,13.58,13.24,0.33999999999999986,2.568,16127.37,21861.261
300540.SZ,20200701,13.49,13.67,13.11,13.24,13.43,-0.1899999999999995,-1.4147,11294.03,15044.444
300540.SZ,20200630,13.55,13.6,13.34,13.43,13.43,0.0,0.0,8102.27,10896.656
300540.SZ,20200629,13.69,13.8,13.35,13.43,13.69,-0.2599999999999998,-1.8992,11954.54,16122.616
300540.SZ,20200624,13.9,14.15,13.59,13.69,13.97,-0.28000000000000114,-2.0043,20606.0,28431.153
300540.SZ,20200623,13.44,14.1,13.44,13.97,13.58,0.39000000000000057,2.8719,32060.7,44502.222
300540.SZ,20200622,13.31,14.23,13.3,13.58,12.99,0.5899999999999999,4.542,41638.14,57354.954
300540.SZ,20200619,13.09,13.09,12.66,12.99,12.87,0.120000000000001,0.9324,20829.99,26823.374
300540.SZ,20200618,12.59,13.1,12.45,12.87,12.6,0.2699999999999996,2.1429,20280.1,26091.866
300540.SZ,20200617,12.3871,12.7262,12.3871,12.5966,12.3871,0.20950000000000024,1.6913,17067.36,21504.63
300540.SZ,20200616,12.2275,12.417,12.1877,12.3871,12.2176,0.1695000000000011,1.3873,10072.04,12445.894
300540.SZ,20200615,12.3273,12.5966,12.2076,12.2176,12.2275,-0.00990000000000002,-0.081,13563.5,16832.483
300540.SZ,20200612,12.2774,12.5467,12.1877,12.2275,12.3572,-0.12970000000000148,-1.0496,10944.0,13542.025
300540.SZ,20200611,12.2275,12.5567,12.1577,12.3572,12.1777,0.17950000000000088,1.474,13652.76,16977.65
300540.SZ,20200610,12.7362,12.7362,12.1677,12.1777,12.5068,-0.3291000000000004,-2.6314,11589.0,14272.374
300540.SZ,20200609,12.7861,12.7861,12.3672,12.5068,12.6564,-0.1495999999999995,-1.182,13871.0,17359.967
300540.SZ,20200608,12.4869,12.816,12.4869,12.6564,12.5666,0.08980000000000032,0.7146,17369.51,22108.412
300540.SZ,20200605,12.6165,12.9257,12.3971,12.5666,12.5268,0.03979999999999961,0.3177,33232.0,42278.379
300540.SZ,20200604,12.2974,12.5666,12.0979,12.5268,12.2375,0.289299999999999,2.364,24081.1,29834.984
300540.SZ,20200603,12.3173,12.447,12.1378,12.2375,12.2176,0.019900000000001583,0.1629,17393.15,21379.629
300540.SZ,20200602,12.1478,12.5068,12.068,12.2176,12.0181,0.19949999999999868,1.66,29413.03,36331.137
300540.SZ,20200601,11.5095,12.0879,11.4995,12.0181,11.4995,0.5186000000000011,4.5098,26204.48,31325.033
300540.SZ,20200529,11.3898,11.7488,11.3798,11.4995,11.4795,0.019999999999999574,0.1742,11450.89,13279.058
300540.SZ,20200528,11.7488,11.8585,11.3299,11.4795,11.7488,-0.26929999999999943,-2.2921,12612.05,14609.46
300540.SZ,20200527,11.4995,11.9383,11.4396,11.7488,11.4995,0.24929999999999986,2.1679,21022.77,24697.398
300540.SZ,20200526,11.2701,11.5593,11.2302,11.4995,11.3997,0.09980000000000011,0.8755,15553.85,17848.856
300540.SZ,20200525,11.5693,11.6192,11.32,11.3997,11.6092,-0.20950000000000024,-1.8046,11851.5,13591.108
300540.SZ,20200522,11.8884,11.9982,11.5892,11.6092,11.9982,-0.3890000000000011,-3.2422,16089.5,18960.864
300540.SZ,20200521,12.2375,12.3672,11.9782,11.9982,12.2874,-0.28919999999999924,-2.3536,18382.54,22392.966
300540.SZ,20200520,11.8286,12.447,11.7289,12.2874,11.8186,0.4687999999999999,3.9666,33488.03,40769.844
300540.SZ,20200519,11.8685,11.9483,11.7488,11.8186,11.7688,0.0497999999999994,0.4232,12821.09,15181.476
300540.SZ,20200518,11.9982,12.048,11.7189,11.7688,11.9283,-0.15949999999999953,-1.3372,15877.71,18903.813
300540.SZ,20200515,12.1378,12.1378,11.9283,11.9283,11.9682,-0.03989999999999938,-0.3334,14272.43,17168.863
300540.SZ,20200514,12.1478,12.2575,11.9583,11.9682,12.1478,-0.17960000000000065,-1.4785,18359.08,22246.45
300540.SZ,20200513,12.0879,12.2774,11.9982,12.1478,12.2275,-0.079699999999999,-0.6518,13691.58,16700.088
300540.SZ,20200512,12.2874,12.3173,11.8884,12.2275,12.2974,-0.06990000000000052,-0.5684,23120.0,28030.603
300540.SZ,20200511,12.4071,12.5766,12.2275,12.2974,12.3173,-0.019899999999999807,-0.1616,23409.07,29047.744
300540.SZ,20200508,12.2674,12.417,12.2176,12.3173,12.2375,0.07979999999999876,0.6521,19420.0,24023.703
300540.SZ,20200507,12.417,12.4769,12.1677,12.2375,12.5068,-0.26929999999999943,-2.1532,27903.51,34473.225
300540.SZ,20200506,12.1777,12.5168,12.1378,12.5068,12.3971,0.10970000000000013,0.8849,22309.51,27769.303
300540.SZ,20200430,12.2275,12.4669,12.2076,12.3971,12.0779,0.3192000000000004,2.6428,29280.65,36217.173
300540.SZ,20200429,12.068,12.3472,12.048,12.0779,12.1877,-0.1097999999999999,-0.9009,24424.69,29816.677
300540.SZ,20200428,12.6165,12.7462,11.669,12.1877,12.6165,-0.42880000000000074,-3.3987,42673.72,52264.685
300540.SZ,20200427,13.1451,13.1451,12.5666,12.6165,13.3645,-0.7479999999999993,-5.5969,52392.65,67308.626
300540.SZ,20200424,13.943,14.4317,13.1651,13.3645,13.7635,-0.3990000000000009,-2.899,79102.23,109053.542
300540.SZ,20200423,14.5414,14.7608,13.5939,13.7635,15.0002,-1.236699999999999,-8.2446,109642.61,154214.491
300540.SZ,20200422,15.0002,15.2196,15.0002,15.0002,16.6658,-1.6656000000000013,-9.9941,33570.0,50561.634
300540.SZ,20200421,17.1545,18.2017,16.3267,16.6658,17.334,-0.6681999999999988,-3.8549,135865.33,235235.864
300540.SZ,20200420,16.955,17.6232,16.2568,17.334,17.2442,0.08980000000000032,0.5208,125991.97,214551.74
300540.SZ,20200417,16.6558,17.7529,16.1571,17.2442,16.4563,0.7879000000000005,4.7878,131216.57,223622.826
300540.SZ,20200416,16.9151,17.314,16.2568,16.4563,16.9949,-0.5386000000000024,-3.1692,119150.85,200530.835
300540.SZ,20200415,17.6033,17.713,16.566,16.9949,17.6332,-0.6382999999999974,-3.6199,114576.01,196994.849
300540.SZ,20200414,16.955,18.0521,16.187,17.6332,17.9723,-0.33910000000000196,-1.8868,139635.04,240668.357
300540.SZ,20200413,16.6658,18.1319,15.9676,17.9723,17.7429,0.22940000000000182,1.2929,164714.45,272503.591
300540.SZ,20200410,17.1744,17.7429,17.1644,17.7429,16.1272,1.6157000000000004,10.0185,59289.69,104551.838
300540.SZ,20200409,15.0899,16.1272,14.6611,16.1272,14.6611,1.466099999999999,9.9999,102721.67,159612.309
300540.SZ,20200408,13.3246,14.6611,13.2149,14.6611,13.3246,1.3364999999999991,10.0303,43831.9,62072.005
300540.SZ,20200407,12.7861,13.3745,12.7861,13.3246,12.8659,0.45870000000000033,3.5652,18419.56,24216.841
300540.SZ,20200403,12.417,13.0254,12.2874,12.8659,12.3572,0.5086999999999993,4.1166,22365.41,28527.031
300540.SZ,20200402,12.0779,12.4071,12.058,12.3572,12.1577,0.19950000000000045,1.6409,9312.5,11416.186
300540.SZ,20200401,12.4669,12.5168,12.0879,12.1577,12.3373,-0.17960000000000065,-1.4557,8833.5,10919.848
300540.SZ,20200331,12.417,12.6265,12.2674,12.3373,12.3472,-0.00990000000000002,-0.0802,6921.01,8628.942
300540.SZ,20200330,12.9257,12.9257,12.3173,12.3472,12.9257,-0.5785,-4.4756,11337.62,14163.614
300540.SZ,20200327,12.5068,13.0454,12.3871,12.9257,12.2774,0.6483000000000008,5.2804,17080.61,21819.083
300540.SZ,20200326,12.7063,12.7063,12.2475,12.2774,12.5966,-0.3192000000000004,-2.534,8113.64,10132.477
300540.SZ,20200325,12.7162,12.7162,12.5068,12.5966,12.3771,0.21950000000000003,1.7734,8587.59,10850.174
300540.SZ,20200324,12.5666,12.5966,11.9982,12.3771,12.2774,0.09970000000000034,0.8121,8423.67,10392.631
300540.SZ,20200323,12.6265,12.7561,12.1777,12.2774,12.806,-0.5285999999999991,-4.1278,9679.34,12106.188
300540.SZ,20200320,12.7661,12.9456,12.5866,12.806,12.6963,0.10969999999999835,0.864,9750.54,12464.665
300540.SZ,20200319,12.5666,12.8559,12.2974,12.6963,12.5666,0.12970000000000148,1.0321,11149.52,14068.291
300540.SZ,20200318,12.8659,13.2448,12.5168,12.5666,12.7162,-0.1496000000000013,-1.1765,13887.03,17995.968
300540.SZ,20200317,12.6664,12.9157,12.1777,12.7162,12.5567,0.1595000000000013,1.2702,14504.54,18296.578
300540.SZ,20200316,13.4044,13.7335,12.3672,12.5567,13.2847,-0.7280000000000015,-5.48,23866.57,31582.996
300540.SZ,20200313,12.8858,13.3944,12.6265,13.2847,13.5839,-0.299199999999999,-2.2026,17054.0,22304.077
300540.SZ,20200312,13.564,13.7635,13.3147,13.5839,13.8632,-0.279300000000001,-2.0147,13837.54,18746.828
300540.SZ,20200311,13.8732,14.2422,13.7136,13.8632,13.923,-0.05979999999999919,-0.4295,19140.0,26833.834
300540.SZ,20200310,13.3047,13.943,12.9656,13.923,13.2947,0.6282999999999994,4.7259,24567.85,33288.691
300540.SZ,20200309,13.7734,13.7734,13.2149,13.2947,13.7635,-0.4687999999999999,-3.4061,16007.0,21637.532
300540.SZ,20200306,13.3944,14.0427,13.3944,13.7635,13.5839,0.17960000000000065,1.3222,21211.6,29338.617
300540.SZ,20200305,13.2648,13.6039,13.2648,13.5839,13.175,0.40889999999999915,3.1036,16424.88,22154.361
300540.SZ,20200304,13.1651,13.3346,12.9157,13.175,13.1351,0.03990000000000116,0.3038,15450.02,20300.308
300540.SZ,20200303,13.2648,13.574,12.9955,13.1351,13.1252,0.00990000000000002,0.0754,17338.98,23094.292
300540.SZ,20200302,12.6365,13.205,12.6065,13.1252,12.437,0.6882000000000001,5.5335,16308.85,21270.766
300540.SZ,20200228,13.2648,13.4942,12.4071,12.437,13.6937,-1.2567000000000004,-9.1772,24757.9,32070.16
300540.SZ,20200227,14.2023,14.2023,13.574,13.6937,13.8532,-0.15949999999999953,-1.1514,15619.07,21547.732
300540.SZ,20200226,13.8433,14.2621,13.7934,13.8532,14.0228,-0.16960000000000086,-1.2095,16895.22,23706.742
300540.SZ,20200225,13.9729,14.1524,13.3645,14.0228,14.3519,-0.3291000000000004,-2.2931,30163.58,41867.029
300540.SZ,20200224,14.5314,14.5314,14.0527,14.3519,14.4417,-0.08980000000000032,-0.6218,29140.12,41857.285
300540.SZ,20200221,14.5414,14.6611,14.0128,14.4417,14.4117,0.030000000000001137,0.2082,36189.42,51940.076
300540.SZ,20200220,14.0128,14.7608,13.7834,14.4117,13.8532,0.5585000000000004,4.0316,36827.1,52910.551
300540.SZ,20200219,13.7934,14.1325,13.7236,13.8532,13.9629,-0.10970000000000013,-0.7857,23719.71,33107.652
300540.SZ,20200218,13.564,14.0926,13.3446,13.9629,13.3944,0.5685000000000002,4.2443,39507.72,54521.575
300540.SZ,20200217,13.195,13.554,12.9357,13.3944,12.9656,0.42879999999999896,3.3072,25280.4,33663.801
300540.SZ,20200214,12.9855,13.2947,12.6664,12.9656,13.1351,-0.16949999999999932,-1.2904,21604.01,28186.024
300540.SZ,20200213,13.1252,13.4443,12.9556,13.1351,13.1651,-0.030000000000001137,-0.2279,26387.92,34837.117
300540.SZ,20200212,12.9855,13.4343,12.8858,13.1651,12.9656,0.19950000000000045,1.5387,36233.95,47584.719
300540.SZ,20200211,13.2349,14.1425,11.8884,12.9656,13.205,-0.23939999999999984,-1.8129,33129.38,44325.635
300540.SZ,20200210,11.7688,13.205,11.7688,13.205,12.0081,1.1968999999999994,9.9674,37114.35,47788.312
300540.SZ,20200207,11.7688,12.068,11.6291,12.0081,11.7787,0.22940000000000005,1.9476,16978.99,20162.164
300540.SZ,20200206,11.7588,12.1079,11.6192,11.7787,11.7089,0.06980000000000075,0.5961,17513.25,20707.532
300540.SZ,20200205,11.4396,11.9383,11.4396,11.7089,11.4396,0.26929999999999943,2.3541,10480.47,12344.252
300540.SZ,20200204,10.7515,11.8087,10.7515,11.4396,11.9483,-0.5086999999999993,-4.2575,19439.52,22053.374
300540.SZ,20200203,11.9483,11.9483,11.9483,11.9483,13.2748,-1.3265000000000011,-9.9926,1581.0,1894.038
300540.SZ,20200123,13.564,13.9629,13.1252,13.2748,13.7734,-0.4985999999999997,-3.62,15477.5,20845.732
300540.SZ,20200122,13.8333,13.8931,13.3745,13.7734,13.8632,-0.08980000000000032,-0.6478,14727.94,20160.038
300540.SZ,20200121,14.2322,14.3519,13.8532,13.8632,14.3818,-0.5185999999999993,-3.6059,25130.73,35471.521
300540.SZ,20200120,14.7708,14.8606,14.0228,14.3818,14.8606,-0.47879999999999967,-3.2219,26440.84,38053.751
300540.SZ,20200117,14.7409,15.838,14.6711,14.8606,14.8406,0.019999999999999574,0.1348,45770.18,69979.519
300540.SZ,20200116,14.4516,15.4191,14.4317,14.8406,14.3419,0.4986999999999995,3.4772,49083.52,73683.316
300540.SZ,20200115,14.6012,14.681,14.2921,14.3419,14.691,-0.34909999999999997,-2.3763,11055.81,15975.278
300540.SZ,20200114,14.4915,14.7808,14.3918,14.691,14.4915,0.19950000000000045,1.3767,20401.0,30005.424
300540.SZ,20200113,14.4117,14.4915,14.1026,14.4915,14.4117,0.07980000000000054,0.5537,13781.54,19762.473
300540.SZ,20200110,14.6112,14.6611,14.2621,14.4117,14.5913,-0.17960000000000065,-1.2309,10140.0,14650.377
300540.SZ,20200109,14.5115,14.681,14.4716,14.5913,14.4616,0.1296999999999997,0.8969,9998.54,14588.919
300540.SZ,20200108,14.5514,14.7309,14.3519,14.4616,14.6411,-0.1794999999999991,-1.226,16846.03,24604.275
300540.SZ,20200107,14.4217,14.6511,14.3918,14.6411,14.4716,0.16949999999999932,1.1713,17452.81,25477.199
300540.SZ,20200106,14.3419,14.6411,14.1524,14.4716,14.322,0.1496000000000013,1.0445,15540.75,22487.056
300540.SZ,20200103,14.3419,14.5015,14.2422,14.322,14.4516,-0.12959999999999994,-0.8968,10450.53,15059.447
300540.SZ,20200102,14.1624,14.4616,14.0726,14.4516,14.1425,0.30909999999999904,2.1856,14759.66,21139.402
300540.SZ,20191231,14.2123,14.2821,14.0128,14.1425,14.322,-0.1794999999999991,-1.2533,9912.01,14015.241
300540.SZ,20191230,14.2522,14.3519,13.8632,14.322,14.1624,0.1595999999999993,1.1269,8451.5,11999.583
300540.SZ,20191227,14.7209,14.7209,14.1026,14.1624,14.5414,-0.37899999999999956,-2.6064,15954.07,22980.361
300540.SZ,20191226,14.4217,14.9304,14.1425,14.5414,14.312,0.22940000000000005,1.6029,19364.15,28166.556
300540.SZ,20191225,14.2621,14.4117,13.8433,14.312,14.0926,0.21940000000000026,1.5568,13830.0,19818.192
300540.SZ,20191224,13.7635,14.2223,13.7136,14.0926,13.7734,0.3191999999999986,2.3175,15857.04,22293.044
300540.SZ,20191223,14.4816,14.4816,13.6637,13.7734,14.4816,-0.7081999999999997,-4.8903,17951.51,25168.157
300540.SZ,20191220,14.2322,14.9204,14.2223,14.4816,14.322,0.15960000000000107,1.1144,26301.37,38453.212
300540.SZ,20191219,14.0627,14.4616,13.943,14.322,14.0826,0.23939999999999984,1.7,14422.54,20587.9
300540.SZ,20191218,14.0328,14.1923,13.8532,14.0826,14.0228,0.05979999999999919,0.4264,11219.57,15791.986
300540.SZ,20191217,13.9031,14.1824,13.8832,14.0228,13.9729,0.049900000000000944,0.3571,12750.0,17924.668
300540.SZ,20191216,14.0627,14.0726,13.7934,13.9729,13.953,0.019899999999999807,0.1426,11709.54,16325.182
300540.SZ,20191213,13.7535,14.0826,13.6538,13.953,13.5939,0.35909999999999975,2.6416,12264.58,17077.161
300540.SZ,20191212,13.6039,13.7635,13.574,13.5939,13.6438,-0.049900000000000944,-0.3657,4902.5,6723.204
300540.SZ,20191211,13.6737,13.7535,13.564,13.6438,13.7535,-0.10970000000000013,-0.7976,5522.0,7557.888
300540.SZ,20191210,13.5939,13.7934,13.5939,13.7535,13.7036,0.049900000000000944,0.3641,6154.52,8442.682
300540.SZ,20191209,13.574,13.8133,13.5141,13.7036,13.564,0.13959999999999972,1.0292,7449.53,10224.272
300540.SZ,20191206,13.7036,13.7236,13.5042,13.564,13.6039,-0.03989999999999938,-0.2933,7818.01,10667.686
300540.SZ,20191205,13.6837,13.8433,13.564,13.6039,13.6837,-0.07980000000000054,-0.5832,6865.52,9419.272
300540.SZ,20191204,13.5839,13.8832,13.3845,13.6837,13.7734,-0.08970000000000056,-0.6513,12159.54,16639.237
300540.SZ,20191203,13.3645,13.8333,13.175,13.7734,13.175,0.5983999999999998,4.5419,15147.35,20546.156
300540.SZ,20191202,13.0155,13.4044,13.0055,13.175,12.9656,0.20940000000000047,1.615,9993.48,13253.637
300540.SZ,20191129,13.1351,13.1351,12.9157,12.9656,13.0553,-0.08970000000000056,-0.6871,4454.03,5808.467
300540.SZ,20191128,13.2349,13.2349,13.0055,13.0553,13.2349,-0.17959999999999887,-1.357,5509.0,7234.652
300540.SZ,20191127,13.3645,13.3645,13.0853,13.2349,13.205,0.029899999999999594,0.2264,4339.0,5738.772
300540.SZ,20191126,13.175,13.3745,13.1252,13.205,13.175,0.02999999999999936,0.2277,3581.52,4752.771
300540.SZ,20191125,13.4543,13.4742,13.1052,13.175,13.3845,-0.20949999999999847,-1.5652,6160.82,8147.333
300540.SZ,20191122,13.5939,13.7635,13.1651,13.3845,13.6039,-0.21940000000000026,-1.6128,8773.0,11852.453
300540.SZ,20191121,13.6139,13.7136,13.5241,13.6039,13.574,0.029899999999999594,0.2203,7116.5,9730.153
300540.SZ,20191120,13.8532,13.8832,13.4842,13.574,13.8632,-0.289200000000001,-2.0861,8775.0,11995.321
300540.SZ,20191119,13.9131,13.9629,13.6837,13.8632,13.7236,0.1396000000000015,1.0172,8082.58,11184.837
300540.SZ,20191118,13.4742,13.933,13.4742,13.7236,13.6937,0.029899999999999594,0.2183,4328.5,5955.38
300540.SZ,20191115,13.943,14.1026,13.5939,13.6937,13.9031,-0.20940000000000047,-1.5061,7511.66,10420.767
300540.SZ,20191114,14.0627,14.0627,13.7435,13.9031,13.8931,0.009999999999999787,0.072,5523.15,7677.214
300540.SZ,20191113,14.0627,14.0826,13.7236,13.8931,13.8931,0.0,0.0,5432.0,7563.306
300540.SZ,20191112,13.7934,14.1225,13.7934,13.8931,13.7934,0.09970000000000034,0.7228,11165.49,15612.414
300540.SZ,20191111,14.1624,14.3519,13.7335,13.7934,14.4516,-0.658199999999999,-4.5545,13195.16,18395.121
300540.SZ,20191108,14.4616,14.711,14.3619,14.4516,14.4117,0.03989999999999938,0.2769,9302.54,13587.63
300540.SZ,20191107,14.3419,14.7508,14.312,14.4117,14.4117,0.0,0.0,8896.58,12968.948
300540.SZ,20191106,14.6411,14.8406,14.2921,14.4117,14.6212,-0.20950000000000024,-1.4329,10199.59,14813.108
300540.SZ,20191105,14.8007,14.9005,14.5514,14.6212,14.8606,-0.23939999999999984,-1.611,9565.53,14050.302
300540.SZ,20191104,14.8506,15.06,14.5614,14.8606,14.6411,0.21950000000000003,1.4992,13008.5,19342.604
300540.SZ,20191101,14.8506,14.8606,14.3818,14.6411,14.7409,-0.09980000000000011,-0.677,12257.26,17915.059
300540.SZ,20191031,14.6411,14.9104,14.5913,14.7409,14.6411,0.09980000000000011,0.6816,7827.51,11570.444
300540.SZ,20191030,15.0401,15.0401,14.5115,14.6411,15.0401,-0.3990000000000009,-2.6529,10373.01,15264.534
300540.SZ,20191029,15.429,15.429,14.9703,15.0401,15.439,-0.39889999999999937,-2.5837,9482.04,14388.749
300540.SZ,20191028,15.1398,15.4789,14.9703,15.439,15.1498,0.28919999999999924,1.9089,10611.05,16332.817
300540.SZ,20191025,15.0999,15.3193,14.9204,15.1498,15.2395,-0.08969999999999878,-0.5886,9131.5,13829.001
300540.SZ,20191024,15.2894,15.4091,15.1298,15.2395,15.1398,0.09970000000000034,0.6585,7909.0,12112.46
300540.SZ,20191023,15.449,15.449,15.0401,15.1398,15.429,-0.289200000000001,-1.8744,10276.0,15655.951
300540.SZ,20191022,15.7582,15.7582,15.1099,15.429,15.8579,-0.4289000000000005,-2.7046,17640.44,27225.425
300540.SZ,20191021,15.0301,16.1072,14.7608,15.8579,14.9703,0.8876000000000008,5.9291,27368.53,42547.41
300540.SZ,20191018,15.3892,15.808,14.7508,14.9703,16.0973,-1.1270000000000007,-7.0012,29683.55,45306.871
300540.SZ,20191017,16.5461,17.1844,15.6385,16.0973,16.3167,-0.21940000000000026,-1.3446,29382.0,48561.854
300540.SZ,20191016,16.4563,16.6159,16.207,16.3167,16.3167,0.0,0.0,12575.03,20665.665
300540.SZ,20191015,16.207,16.7256,16.0075,16.3167,16.2768,0.03989999999999938,0.2451,17670.66,29125.188
300540.SZ,20191014,16.3566,16.4563,16.0574,16.2768,16.2568,0.020000000000003126,0.123,24051.36,39205.068
300540.SZ,20191011,16.3566,16.6059,16.1172,16.2568,16.4364,-0.17960000000000065,-1.0927,22825.14,37365.881
300540.SZ,20191010,16.0773,16.4763,15.8579,16.4364,16.0873,0.34909999999999997,2.17,28332.26,46054.528
300540.SZ,20191009,15.6784,16.1571,15.5487,16.0873,15.7681,0.3191999999999986,2.0243,22740.64,36227.948
300540.SZ,20191008,15.1498,15.8679,14.9603,15.7681,15.2196,0.5485000000000007,3.6039,16509.0,25916.144
300540.SZ,20190930,15.2395,15.5986,14.8905,15.2196,15.1797,0.03989999999999938,0.2629,12869.04,19553.217
300540.SZ,20190927,14.6112,15.3792,14.2522,15.1797,14.2422,0.9375,6.5826,20589.15,30947.151
300540.SZ,20190926,14.9603,15.1398,14.1624,14.2422,15.06,-0.8178000000000001,-5.4303,16777.19,24623.939
300540.SZ,20190925,15.3193,15.6285,14.9703,15.06,15.4191,-0.35909999999999975,-2.3289,14490.15,22142.331
300540.SZ,20190924,15.429,15.6086,15.3193,15.4191,15.429,-0.00990000000000002,-0.0642,11571.0,17898.277
300540.SZ,20190923,15.3094,15.6983,15.1697,15.429,15.5986,-0.16959999999999908,-1.0873,15688.6,24194.506
300540.SZ,20190920,15.9477,16.1471,15.5587,15.5986,15.9177,-0.3191000000000006,-2.0047,17465.09,27580.286
300540.SZ,20190919,15.7582,15.9377,15.4989,15.9177,15.6285,0.28919999999999924,1.8505,17403.03,27484.855
300540.SZ,20190918,15.6485,15.9078,15.459,15.6285,15.6185,0.010000000000001563,0.064,19177.01,30154.716
300540.SZ,20190917,16.3765,16.4164,15.5487,15.6185,16.2668,-0.6483000000000008,-3.9854,28654.13,45617.556
300540.SZ,20190916,16.7555,17.0547,16.2668,16.2668,16.4862,-0.21940000000000026,-1.3308,28360.13,47325.641
300540.SZ,20190912,16.4663,16.6857,16.207,16.4862,16.965,-0.47879999999999967,-2.8223,37018.74,60981.281
300540.SZ,20190911,15.7981,17.1545,15.5687,16.965,15.828,1.1370000000000005,7.1835,65579.02,108799.569
300540.SZ,20190910,15.3991,16.3965,15.1697,15.828,15.5088,0.3191999999999986,2.0582,49735.22,78715.664
300540.SZ,20190909,15.0501,15.5188,15.0501,15.5088,14.9703,0.5385000000000009,3.5971,36930.06,56589.842
300540.SZ,20190906,15.1897,15.459,14.8207,14.9703,15.0899,-0.11960000000000015,-0.7926,23201.18,35090.757
300540.SZ,20190905,15.0301,15.459,14.8606,15.0899,14.9204,0.16949999999999932,1.136,41322.01,62836.302
300540.SZ,20190904,14.8306,14.9304,14.6012,14.9204,14.8107,0.10970000000000013,0.7407,21640.0,32038.189
300540.SZ,20190903,15.0501,15.0501,14.5813,14.8107,14.9005,-0.08979999999999855,-0.6027,21151.51,31239.875
300540.SZ,20190902,14.6511,14.9005,14.2322,14.9005,14.5115,0.38899999999999935,2.6806,23193.1,34326.651
300540.SZ,20190830,14.9104,15.0201,14.4816,14.5115,14.8905,-0.37899999999999956,-2.5452,23647.11,34842.769
300540.SZ,20190829,15.07,15.08,14.6212,14.8905,14.9802,-0.08970000000000056,-0.5988,29992.15,44507.198
300540.SZ,20190828,15.1697,15.3892,14.9603,14.9802,15.5986,-0.6183999999999994,-3.9645,42077.51,63785.509
300540.SZ,20190827,15.1099,15.9377,15.1099,15.5986,15.3991,0.19949999999999868,1.2955,74201.94,115305.854
300540.SZ,20190826,15.1398,15.9576,15.1398,15.3991,14.8007,0.5983999999999998,4.0431,96961.38,150689.038
300540.SZ,20190823,13.5141,14.8007,13.5141,14.8007,13.4543,1.346400000000001,10.0072,29348.07,42666.755
300540.SZ,20190822,13.3944,13.4543,12.9955,13.4543,13.2847,0.16959999999999908,1.2767,21939.05,29235.957
300540.SZ,20190821,13.2947,13.5241,13.1551,13.2847,13.5441,-0.2593999999999994,-1.9152,18085.0,24177.169
300540.SZ,20190820,13.6637,13.8433,13.4643,13.5441,13.7036,-0.15949999999999953,-1.1639,27584.51,37614.652
300540.SZ,20190819,13.4643,13.7335,13.3645,13.7036,13.3845,0.3191000000000006,2.3841,25332.0,34428.186
300540.SZ,20190816,13.4144,13.7535,13.3845,13.3845,13.554,-0.1695000000000011,-1.2506,13329.0,18098.424
300540.SZ,20190815,13.1152,13.6139,12.9955,13.554,13.5141,0.03990000000000116,0.2952,13732.0,18280.582
300540.SZ,20190814,13.4343,13.8034,13.4343,13.5141,13.3346,0.1794999999999991,1.3461,17610.53,24031.101
300540.SZ,20190813,13.6538,13.7036,13.2548,13.3346,13.7036,-0.3689999999999998,-2.6927,16340.75,21905.195
300540.SZ,20190812,14.0028,14.1026,13.3845,13.7036,14.0028,-0.2992000000000008,-2.1367,17713.23,24151.66
300540.SZ,20190809,14.1923,14.3419,13.6438,14.0028,13.933,0.06980000000000075,0.501,11872.03,16623.835
300540.SZ,20190808,14.1225,14.332,13.9131,13.933,14.0926,-0.1595999999999993,-1.1325,13361.67,18862.585
300540.SZ,20190807,13.9929,14.2522,13.8532,14.0926,13.6438,0.44879999999999853,3.2894,23047.22,32504.52
300540.SZ,20190806,13.9629,14.4716,13.3147,13.6438,14.5314,-0.8875999999999991,-6.1082,17248.0,23621.976
300540.SZ,20190805,14.5414,14.7508,14.4217,14.5314,14.5414,-0.009999999999999787,-0.0688,10250.6,14985.298
300540.SZ,20190802,14.5614,14.8306,14.4018,14.5414,14.9603,-0.4189000000000007,-2.8001,17100.04,24989.14
300540.SZ,20190801,14.9603,15.0899,14.7708,14.9603,15.2495,-0.28919999999999924,-1.8965,13347.16,20013.061
300540.SZ,20190731,15.5786,15.5786,15.1498,15.2495,15.5986,-0.34909999999999997,-2.238,17953.04,27441.8
300540.SZ,20190730,15.07,15.7382,14.8606,15.5986,15.0301,0.5685000000000002,3.7824,23196.68,35838.758
300540.SZ,20190729,15.3792,15.3792,14.9304,15.0301,15.2794,-0.24930000000000163,-1.6316,12220.0,18448.714
300540.SZ,20190726,15.429,15.5088,15.1897,15.2794,15.439,-0.1595999999999993,-1.0337,9270.0,14266.519
300540.SZ,20190725,15.4789,15.7382,15.3094,15.439,15.5986,-0.1595999999999993,-1.0232,11535.0,17932.672
300540.SZ,20190724,15.429,15.7382,15.2395,15.5986,15.2994,0.299199999999999,1.9556,14329.86,22323.24
300540.SZ,20190723,15.2695,15.5288,15.1099,15.2994,15.2794,0.019999999999999574,0.1309,10557.02,16159.444
300540.SZ,20190722,15.838,15.838,15.1598,15.2794,15.8679,-0.5884999999999998,-3.7087,15021.5,23199.704
300540.SZ,20190719,15.6584,16.2967,15.439,15.8679,15.3592,0.508700000000001,3.312,25026.07,40152.024
300540.SZ,20190718,15.838,15.838,15.2495,15.3592,15.7881,-0.4289000000000005,-2.7166,13429.92,20739.985
300540.SZ,20190717,15.9576,16.0574,15.7083,15.7881,15.9576,-0.16949999999999932,-1.0622,9702.86,15445.437
300540.SZ,20190716,15.9477,16.0474,15.7083,15.9576,15.9078,0.0497999999999994,0.3131,9713.54,15471.04
300540.SZ,20190715,15.9277,16.197,15.5886,15.9078,15.7681,0.1396999999999995,0.886,14885.95,23696.446
300540.SZ,20190712,16.0075,16.0574,15.3792,15.7681,16.0374,-0.2693000000000012,-1.6792,14480.01,22848.902
300540.SZ,20190711,16.0275,16.2568,15.7582,16.0374,15.8878,0.1496000000000013,0.9416,13883.0,22294.106
300540.SZ,20190710,16.5361,16.7057,15.818,15.8878,16.5461,-0.6582999999999988,-3.9786,20020.6,32314.066
300540.SZ,20190709,16.7655,16.8553,16.4862,16.5461,16.8652,-0.3191000000000024,-1.8921,16254.85,27048.64
300540.SZ,20190708,17.1545,17.6531,16.7356,16.8652,17.4636,-0.598399999999998,-3.4266,14101.75,24071.28
300540.SZ,20190705,17.5534,17.723,17.344,17.4636,17.4936,-0.030000000000001137,-0.1715,9739.54,17117.28
300540.SZ,20190704,17.8825,17.8825,17.1345,17.4936,17.8825,-0.3888999999999996,-2.1748,12822.32,22530.75
300540.SZ,20190703,17.9424,18.1817,17.7928,17.8825,18.1718,-0.2893000000000008,-1.592,13942.84,25024.171
300540.SZ,20190702,18.2815,18.451,17.9823,18.1718,18.2815,-0.10970000000000013,-0.6001,20620.35,37538.416
300540.SZ,20190701,17.8027,18.451,17.8027,18.2815,17.5833,0.6981999999999999,3.9708,30398.24,55360.229
300540.SZ,20190628,18.092,18.1119,17.4736,17.5833,18.3912,-0.8079000000000001,-4.3929,27435.43,48828.643
300540.SZ,20190627,18.1518,18.85,17.8626,18.3912,18.0222,0.3689999999999998,2.0475,39915.91,73422.49
300540.SZ,20190626,17.8925,18.082,17.6531,18.0222,17.7529,0.2693000000000012,1.5169,28590.2,51273.038
300540.SZ,20190625,17.8526,18.0022,17.4636,17.7529,17.6033,0.1495999999999995,0.8498,29468.28,52289.002
300540.SZ,20190624,17.723,18.2516,17.324,17.6033,17.9025,-0.299199999999999,-1.6713,24423.94,43369.127
300540.SZ,20190621,18.6904,18.8001,17.8426,17.9025,17.8327,0.06980000000000075,0.3914,34906.88,63575.748
300540.SZ,20190620,17.4437,17.9424,17.314,17.8327,17.5833,0.24939999999999785,1.4184,35742.37,63298.049
300540.SZ,20190619,17.2741,18.1319,17.0946,17.5833,16.7655,0.8178000000000019,4.8779,43305.46,76816.743
300540.SZ,20190618,17.2243,17.4636,16.6558,16.7655,17.4437,-0.6782000000000004,-3.8879,24130.18,40857.157
300540.SZ,20190617,17.0847,17.8027,16.9749,17.4437,17.2143,0.22939999999999827,1.3326,24911.19,43510.724
300540.SZ,20190614,18.9497,18.9497,17.1944,17.2143,18.4311,-1.2167999999999992,-6.6019,49207.53,88308.676
300540.SZ,20190613,17.1844,18.4311,17.1844,18.4311,16.7555,1.6755999999999993,10.0003,57638.44,103670.823
300540.SZ,20190612,17.4636,17.5933,16.6658,16.7555,17.5235,-0.7679999999999971,-4.3827,29234.41,50287.002
300540.SZ,20190611,16.7256,17.6132,16.5959,17.5235,16.6957,0.8277999999999999,4.9582,38189.14,65833.721
300540.SZ,20190610,17.3938,17.5335,16.1771,16.6957,17.1245,-0.4288000000000025,-2.504,25936.27,43113.04
300540.SZ,20190606,17.1944,17.7828,16.7555,17.1245,17.4636,-0.3390999999999984,-1.9418,25805.23,44788.89
300540.SZ,20190605,17.7629,18.3014,17.3539,17.4636,17.6132,-0.1495999999999995,-0.8494,32166.99,57750.544
300540.SZ,20190604,18.6804,18.7802,16.955,17.6132,18.2615,-0.6483000000000025,-3.5501,41811.52,75212.955
300540.SZ,20190603,18.9996,19.219,18.1418,18.2615,19.1093,-0.8477999999999994,-4.4366,33543.36,62612.708
300540.SZ,20190531,19.4883,19.8473,18.9597,19.1093,19.209,-0.09969999999999857,-0.519,36010.44,70043.064
300540.SZ,20190530,19.8872,20.3061,18.9597,19.209,19.9371,-0.7281000000000013,-3.652,37963.74,74549.526
300540.SZ,20190529,20.5754,20.5754,19.5082,19.9371,20.5754,-0.6382999999999974,-3.1022,44023.25,88251.921
300540.SZ,20190528,20.6651,21.084,20.2463,20.5754,21.2536,-0.6782000000000004,-3.191,62287.1,128812.403
300540.SZ,20190527,19.9869,21.862,19.1691,21.2536,20.6452,0.6083999999999996,2.9469,103130.45,209546.392
300540.SZ,20190524,19.598,20.6452,19.1292,20.6452,18.7702,1.875,9.9892,91324.89,183661.687
300540.SZ,20190523,19.5282,20.4158,18.6006,18.7702,19.5481,-0.7779000000000025,-3.9794,47686.58,94307.56
300540.SZ,20190522,19.0494,20.5056,19.0095,19.5481,18.84,0.7081000000000017,3.7585,64986.8,128251.311
300540.SZ,20190521,17.6432,18.84,17.6432,18.84,17.1245,1.7154999999999987,10.0178,40641.1,74780.264
300540.SZ,20190520,17.2343,17.6232,16.4563,17.1245,16.6558,0.4687000000000019,2.814,32793.88,56150.474
300540.SZ,20190517,18.6505,18.7303,16.6358,16.6558,18.3912,-1.735400000000002,-9.436,42532.3,74748.544
300540.SZ,20190516,19.1691,19.2489,18.2516,18.3912,18.8101,-0.41889999999999716,-2.227,28226.94,52775.601
300540.SZ,20190515,17.9623,18.8998,17.9623,18.8101,17.7429,1.0671999999999997,6.0148,35574.18,66242.737
300540.SZ,20190514,17.5534,18.4111,17.5434,17.7429,18.1618,-0.4189000000000007,-2.3065,22629.43,40730.269
300540.SZ,20190513,18.1618,18.9397,17.8526,18.1618,18.5707,-0.40889999999999915,-2.2019,32221.03,59432.366
300540.SZ,20190510,17.8825,18.9497,17.5135,18.5707,17.4138,1.1569000000000003,6.6436,43243.29,79451.249
300540.SZ,20190509,17.4537,18.3513,16.965,17.4138,17.6531,-0.23930000000000007,-1.3556,28400.52,50873.446
300540.SZ,20190508,17.4936,18.4211,17.2841,17.6531,17.8925,-0.23939999999999984,-1.338,31757.89,56685.442
300540.SZ,20190507,17.2841,18.2516,16.6259,17.8925,17.1644,0.7280999999999977,4.2419,36040.96,64094.308
300540.SZ,20190506,17.9523,18.451,17.1644,17.1644,19.0694,-1.9050000000000011,-9.9898,32572.46,57760.537
300540.SZ,20190430,18.4211,19.3985,18.4211,19.0694,18.3313,0.7381000000000029,4.0264,39587.35,75399.885
300540.SZ,20190429,19.6179,19.9171,18.1817,18.3313,19.3686,-1.0373000000000019,-5.3556,52801.12,101229.229
300540.SZ,20190426,20.3061,20.8746,19.2589,19.3686,21.2935,-1.924900000000001,-9.0398,55589.24,111848.316
300540.SZ,20190425,23.5076,23.5974,21.2935,21.2935,23.6572,-2.363699999999998,-9.9915,74906.41,166870.327
300540.SZ,20190424,23.358,24.2955,22.4504,23.6572,24.6346,-0.9773999999999994,-3.9676,96891.06,226669.822
300540.SZ,20190423,25.9312,29.0329,23.747,24.6346,26.39,-1.7554000000000016,-6.6518,145353.64,378250.965
300540.SZ,20190422,24.0861,26.39,23.9863,26.39,23.9863,2.4037000000000006,10.0211,91859.72,235951.246
300540.SZ,20190419,23.0588,24.116,21.9418,23.9863,23.3381,0.6481999999999992,2.7774,51227.11,119715.182
300540.SZ,20190418,24.116,25.1034,23.2283,23.3381,24.116,-0.7778999999999989,-3.2257,41681.8,100663.021
300540.SZ,20190417,22.6399,24.8341,22.3507,24.116,22.9391,1.1768999999999998,5.1305,55853.46,132515.999
300540.SZ,20190416,21.3932,22.9391,21.1339,22.9391,21.6126,1.3264999999999993,6.1376,54918.89,122337.678
300540.SZ,20190415,21.6426,23.1386,21.1439,21.6126,21.4231,0.1894999999999989,0.8846,56983.62,125001.151
300540.SZ,20190412,20.7749,22.3108,20.6053,21.4231,20.6651,0.7580000000000027,3.668,50197.09,107390.204
300540.SZ,20190411,19.8373,21.842,19.3985,20.6651,19.9371,0.727999999999998,3.6515,57402.76,118626.449
300540.SZ,20190410,18.9497,21.1439,18.5607,19.9371,19.5581,0.37900000000000134,1.9378,65225.32,130531.224
300540.SZ,20190409,20.4457,20.8646,19.209,19.5581,21.3433,-1.7851999999999997,-8.3642,81441.36,161000.945
300540.SZ,20190408,20.9444,21.3932,19.4484,21.3433,19.4484,1.8948999999999998,9.7432,94235.98,195357.467
300540.SZ,20190404,19.4484,19.4484,18.7502,19.4484,17.6831,1.7652999999999999,9.983,36933.28,71869.63
300540.SZ,20190403,16.965,18.3114,16.955,17.6831,17.4437,0.23939999999999984,1.3724,54220.45,95019.465
300540.SZ,20190402,17.3539,18.4311,17.1445,17.4437,17.7529,-0.3092000000000006,-1.7417,86727.27,155474.352
300540.SZ,20190401,17.3938,18.5508,16.6857,17.7529,17.4337,0.3191999999999986,1.8309,114871.47,202511.775
300540.SZ,20190329,16.4862,17.9523,15.9676,17.4337,16.6358,0.797900000000002,4.7963,106150.29,183352.352
300540.SZ,20190328,15.5587,17.1744,15.3393,16.6358,15.6086,1.0272000000000006,6.581,124967.14,205742.441
300540.SZ,20190327,15.6086,15.6086,14.9703,15.6086,14.1923,1.4162999999999997,9.9794,73540.99,114875.134
300540.SZ,20190326,13.6837,14.5913,13.6837,14.1923,13.6338,0.5584999999999987,4.0964,59611.74,84571.912
300540.SZ,20190325,13.8433,13.933,13.6039,13.6338,14.0527,-0.41889999999999894,-2.9809,28354.37,39056.308
300540.SZ,20190322,14.1624,14.2322,13.6538,14.0527,14.2621,-0.20940000000000047,-1.4682,38536.27,53872.37
300540.SZ,20190321,14.4816,14.7508,14.1923,14.2621,14.4018,-0.1396999999999995,-0.97,52729.4,76389.973
300540.SZ,20190320,15.459,16.0374,14.2621,14.4018,15.0002,-0.5983999999999998,-3.9893,90771.32,136591.552
300540.SZ,20190319,13.7136,15.0002,13.6937,15.0002,13.6338,1.3663999999999987,10.0222,34355.51,50185.987
300540.SZ,20190318,13.6837,13.8931,13.3645,13.6338,13.3246,0.3092000000000006,2.3205,25899.79,35312.29
300540.SZ,20190315,12.9257,13.564,12.8958,13.3246,12.826,0.4985999999999997,3.8874,23694.85,31519.164
300540.SZ,20190314,13.3845,13.5042,12.5168,12.826,13.195,-0.3689999999999998,-2.7965,24549.0,31961.354
300540.SZ,20190313,13.4443,13.7236,13.1252,13.195,13.4144,-0.21940000000000026,-1.6356,26691.42,36025.155
300540.SZ,20190312,13.6637,13.7136,13.0454,13.4144,13.2847,0.1296999999999997,0.9763,26736.59,36032.916
300540.SZ,20190311,12.6963,13.3147,12.6863,13.2847,12.6664,0.6183000000000014,4.8814,22246.23,29038.18
300540.SZ,20190308,13.3446,13.5141,12.6265,12.6664,13.5441,-0.8777000000000008,-6.4803,29545.15,38856.155
300540.SZ,20190307,13.2149,13.7036,13.1152,13.5441,13.2448,0.29930000000000057,2.2598,33336.42,44720.356
300540.SZ,20190306,13.0653,13.3446,12.8659,13.2448,13.0653,0.1794999999999991,1.3739,32698.93,42951.925
300540.SZ,20190305,12.8758,13.1152,12.6365,13.0653,12.9057,0.15960000000000107,1.2367,28162.68,36349.654
300540.SZ,20190304,12.8559,13.1152,12.806,12.9057,12.8659,0.03979999999999961,0.3093,26433.29,34294.489
300540.SZ,20190301,12.9057,13.1351,12.7362,12.8659,12.9057,-0.03979999999999961,-0.3084,26318.14,34024.474
300540.SZ,20190228,12.6065,12.9157,11.4097,12.9057,12.4869,0.4187999999999992,3.3539,29389.85,37598.123
300540.SZ,20190227,12.6564,12.816,12.2674,12.4869,12.6165,-0.12959999999999994,-1.0272,17649.26,22284.506
300540.SZ,20190226,12.7661,12.9357,12.5068,12.6165,12.8359,-0.21940000000000026,-1.7093,29675.47,37763.923
300540.SZ,20190225,12.2674,12.8958,12.1976,12.8359,12.3572,0.4786999999999999,3.8739,27144.32,34367.686
300540.SZ,20190222,12.1079,12.3672,11.9383,12.3572,12.048,0.3092000000000006,2.5664,20305.33,24831.883
300540.SZ,20190221,12.1378,12.3572,11.7887,12.048,12.1378,-0.08980000000000032,-0.7398,21303.42,25865.228
300540.SZ,20190220,12.058,12.417,11.8486,12.1378,12.1378,0.0,0.0,17985.6,21837.651
300540.SZ,20190219,12.0879,12.417,11.8685,12.1378,12.1079,0.029899999999999594,0.2469,13831.06,16800.931
300540.SZ,20190218,11.7189,12.1178,11.6092,12.1079,11.5693,0.5386000000000006,4.6554,16140.97,19295.857
300540.SZ,20190215,11.6391,11.8884,11.4895,11.5693,11.669,-0.09970000000000034,-0.8544,16079.51,18827.795
300540.SZ,20190214,11.3997,11.7987,11.3997,11.669,11.5394,0.12959999999999994,1.1231,14052.56,16420.736
300540.SZ,20190213,11.5892,11.6591,11.4496,11.5394,11.4396,0.09980000000000011,0.8724,15822.01,18360.03
300540.SZ,20190212,11.4197,11.6291,11.32,11.4396,11.2801,0.1595000000000013,1.414,13094.5,15051.928
300540.SZ,20190211,11.1005,11.3798,10.8612,11.2801,10.9609,0.3191999999999986,2.9122,9722.04,10933.054
300540.SZ,20190201,10.4223,11.2701,10.4223,10.9609,10.2428,0.7180999999999997,7.0108,16943.95,18526.603
300540.SZ,20190131,10.5719,10.8512,10.2328,10.2428,10.6318,-0.38899999999999935,-3.6588,9506.51,10073.954
300540.SZ,20190130,10.6218,10.9011,10.5719,10.6318,11.1704,-0.5386000000000006,-4.8217,17630.01,18984.655
300540.SZ,20190129,11.8984,11.8984,10.9908,11.1704,11.9184,-0.7479999999999993,-6.276,17311.05,19591.874
300540.SZ,20190128,12.1079,12.3073,11.8685,11.9184,11.9682,-0.0497999999999994,-0.4161,8637.94,10496.042
300540.SZ,20190125,12.4569,12.4569,11.9682,11.9682,12.3871,-0.4189000000000007,-3.3817,10290.33,12654.247
300540.SZ,20190124,12.4669,12.5966,12.2974,12.3871,12.3871,0.0,0.0,9246.02,11550.52
300540.SZ,20190123,12.4669,12.4968,12.2275,12.3871,12.4769,-0.08980000000000032,-0.7197,10941.94,13562.291
300540.SZ,20190122,12.7063,12.7861,12.447,12.4769,12.8858,-0.40889999999999915,-3.1733,14507.53,18266.584
300540.SZ,20190121,12.6664,13.4643,12.6664,12.8858,12.6365,0.24929999999999986,1.9729,22954.11,29834.896
300540.SZ,20190118,12.4968,12.7861,12.3771,12.6365,12.5168,0.11969999999999992,0.9563,11824.24,14953.938
300540.SZ,20190117,12.796,12.9157,12.4769,12.5168,12.796,-0.27919999999999945,-2.1819,10254.53,13038.061
300540.SZ,20190116,12.816,12.9456,12.6863,12.796,12.8359,-0.03990000000000116,-0.3108,10366.76,13322.225
300540.SZ,20190115,12.7661,12.8659,12.5367,12.8359,12.6265,0.20940000000000047,1.6584,11955.08,15277.126
300540.SZ,20190114,12.7661,12.9257,12.447,12.6265,12.7761,-0.1495999999999995,-1.1709,9986.41,12665.08
300540.SZ,20190111,12.5766,12.8559,12.4669,12.7761,12.5866,0.1894999999999989,1.5056,14583.79,18582.277
300540.SZ,20190110,12.7162,12.8758,12.5866,12.5866,12.806,-0.21939999999999849,-1.7133,14523.4,18518.706
300540.SZ,20190109,12.9057,13.0254,12.6165,12.806,12.9656,-0.15960000000000107,-1.2309,15360.1,19804.534
300540.SZ,20190108,12.7462,13.2249,12.4669,12.9656,12.7661,0.19950000000000045,1.5627,23098.7,29726.827
300540.SZ,20190107,12.3672,12.7861,12.2974,12.7661,12.3771,0.38899999999999935,3.1429,17086.69,21602.14
300540.SZ,20190104,11.7787,12.3871,11.7787,12.3771,11.9583,0.41880000000000095,3.5022,14269.18,17406.539
300540.SZ,20190103,11.7787,12.2375,11.7787,11.9583,12.048,-0.08970000000000056,-0.7445,8602.93,10420.809
300540.SZ,20190102,12.1378,12.3073,12.038,12.048,12.1378,-0.08980000000000032,-0.7398,6738.9,8190.961
300540.SZ,20181228,12.4769,12.4769,12.068,12.1378,12.1877,-0.04989999999999917,-0.4094,6963.56,8510.945
300540.SZ,20181227,12.6963,12.8559,12.1677,12.1877,12.4569,-0.26919999999999966,-2.1611,11473.64,14436.55
300540.SZ,20181226,12.447,12.6165,12.437,12.4569,12.437,0.019899999999999807,0.16,10210.41,12817.638
300540.SZ,20181225,12.6165,12.6265,11.9682,12.437,12.8858,-0.4488000000000003,-3.4829,17000.18,20935.228
300540.SZ,20181224,12.6365,12.9157,12.4869,12.8858,12.5966,0.28919999999999924,2.2959,11458.15,14693.825
300540.SZ,20181221,12.5467,12.6764,12.427,12.5966,12.5766,0.02000000000000135,0.159,9588.56,12100.373
300540.SZ,20181220,12.5567,12.7462,12.4669,12.5766,12.4869,0.08969999999999878,0.7184,11593.68,14655.383
300540.SZ,20181219,12.8359,12.8958,12.3771,12.4869,12.8958,-0.40889999999999915,-3.1708,15521.34,19657.462
300540.SZ,20181218,12.9257,13.0055,12.6165,12.8958,13.1551,-0.25929999999999964,-1.9711,18315.01,23575.689
300540.SZ,20181217,13.8931,13.9131,12.9456,13.1551,13.9929,-0.8378000000000014,-5.9873,32466.54,43003.527
300540.SZ,20181214,14.322,14.5115,13.9629,13.9929,14.6611,-0.6681999999999988,-4.5576,28752.74,41146.41
300540.SZ,20181213,14.302,14.9104,14.1026,14.6611,14.2322,0.4288999999999987,3.0136,35805.26,52488.897
300540.SZ,20181212,14.1824,14.5414,14.1824,14.2322,14.2223,0.00990000000000002,0.0696,17823.72,25617.634
300540.SZ,20181211,14.1225,14.3519,13.9131,14.2223,14.1524,0.06990000000000052,0.4939,19423.66,27612.291
300540.SZ,20181210,14.5614,14.8905,14.1524,14.1524,14.7808,-0.6283999999999992,-4.2515,21043.22,30523.58
300540.SZ,20181207,14.5713,15.1199,14.4716,14.7808,14.681,0.09980000000000011,0.6798,30542.45,45378.107
300540.SZ,20181206,15.06,15.3592,14.6012,14.681,15.1598,-0.47880000000000145,-3.1584,41115.14,61289.124
300540.SZ,20181205,14.1425,15.5986,14.0128,15.1598,14.5913,0.5685000000000002,3.8962,68171.19,101518.391
300540.SZ,20181204,14.0427,14.6411,13.9629,14.5913,14.2621,0.32920000000000016,2.3082,35606.55,51076.401
300540.SZ,20181203,14.9603,14.9603,14.1425,14.2621,13.923,0.3391000000000002,2.4355,47837.66,69476.79
300540.SZ,20181130,13.4343,13.933,13.0952,13.923,13.564,0.359,2.6467,27582.75,37428.759
300540.SZ,20181129,13.8433,14.3419,13.564,13.564,13.6139,-0.04989999999999917,-0.3665,37668.88,52719.442
300540.SZ,20181128,13.2947,13.8732,13.1651,13.6139,13.3645,0.24939999999999962,1.8661,21707.86,29422.168
300540.SZ,20181127,13.1152,14.2422,13.1152,13.3645,13.0853,0.27919999999999945,2.1337,22381.73,30278.553
300540.SZ,20181126,13.7435,13.7435,12.9656,13.0853,13.4742,-0.3888999999999996,-2.8863,19175.69,25598.024
300540.SZ,20181123,14.2522,14.4417,13.2448,13.4742,14.1624,-0.6882000000000001,-4.8593,19347.36,26762.057
300540.SZ,20181122,14.0427,14.5913,14.0427,14.1624,14.1923,-0.029899999999999594,-0.2107,23491.1,33683.917
300540.SZ,20181121,13.8931,14.4417,13.8034,14.1923,13.8632,0.3290999999999986,2.3739,29763.27,42135.278
300540.SZ,20181120,14.3419,14.6611,13.6238,13.8632,14.5414,-0.6781999999999986,-4.6639,34552.33,48839.947
300540.SZ,20181119,14.6212,15.06,14.3419,14.5414,14.6611,-0.11969999999999992,-0.8164,33779.31,49616.155
300540.SZ,20181116,14.4616,14.9902,14.1724,14.6611,15.3892,-0.7281000000000013,-4.7312,48041.73,70383.623
300540.SZ,20181115,15.2595,16.1072,14.8606,15.3892,14.8606,0.5286000000000008,3.5571,61424.85,94460.752
300540.SZ,20181114,15.5687,16.566,14.7608,14.8606,15.06,-0.1994000000000007,-1.324,68135.87,106773.887
300540.SZ,20181113,14.3619,15.1099,14.0427,15.06,14.4317,0.6283000000000012,4.3536,43802.83,64776.813
300540.SZ,20181112,14.1624,14.6511,13.8931,14.4317,14.0527,0.37899999999999956,2.697,48529.9,69680.783
300540.SZ,20181109,14.5115,14.5614,13.7635,14.0527,14.2422,-0.18950000000000067,-1.3306,38887.83,55051.807
300540.SZ,20181108,13.0952,14.2422,13.0853,14.2422,12.9456,1.2965999999999998,10.0158,55324.23,77026.72
300540.SZ,20181107,13.0952,13.1351,12.816,12.9456,13.185,-0.23939999999999984,-1.8157,18123.67,23575.048
300540.SZ,20181106,12.9656,13.3246,12.6664,13.185,13.1252,0.059800000000000963,0.4556,37492.82,48910.787
300540.SZ,20181105,12.7162,13.3047,12.5168,13.1252,12.6464,0.47879999999999967,3.7861,43614.3,56550.645
300540.SZ,20181102,12.2674,12.9656,12.0779,12.6464,12.058,0.5884,4.8797,39416.22,49521.04
300540.SZ,20181101,12.1178,12.2874,11.9882,12.058,12.058,0.0,0.0,20839.7,25342.69
300540.SZ,20181031,11.8585,12.417,11.8186,12.058,11.8785,0.1794999999999991,1.5111,20888.88,25274.473
300540.SZ,20181030,12.1677,12.1677,11.5793,11.8785,12.058,-0.1794999999999991,-1.4886,17762.12,21065.9
300540.SZ,20181029,11.7688,12.5666,11.4696,12.058,11.8286,0.22940000000000005,1.9394,22593.55,27360.711
300540.SZ,20181026,11.9383,12.3672,11.7588,11.8286,11.5493,0.2792999999999992,2.4183,18283.51,21953.436
300540.SZ,20181025,11.5693,11.7189,11.2801,11.5493,11.9782,-0.4288999999999987,-3.5807,17931.33,20637.987
300540.SZ,20181024,11.9084,12.427,11.7987,11.9782,12.2076,-0.22940000000000005,-1.8792,20820.08,25314.204
300540.SZ,20181023,12.1378,12.796,12.1378,12.2076,12.1777,0.029899999999999594,0.2455,23342.11,29042.656
300540.SZ,20181022,11.6291,12.5268,11.6291,12.1777,11.5194,0.6583000000000006,5.7147,27324.61,33199.413
300540.SZ,20181019,10.7914,11.8286,10.6916,11.5194,11.2801,0.23930000000000007,2.1214,23559.04,26804.638
300540.SZ,20181018,12.3572,12.417,11.2801,11.2801,12.5367,-1.2566000000000006,-10.0234,26028.74,30878.758
300540.SZ,20181017,12.9656,13.1052,12.1178,12.5367,12.9656,-0.4289000000000005,-3.308,29095.64,36623.851
300540.SZ,20181016,12.816,13.4643,12.5766,12.9656,12.7761,0.18950000000000067,1.4832,31473.69,41080.311
300540.SZ,20181015,13.6238,13.7934,12.5766,12.7761,13.7335,-0.9573999999999998,-6.9713,32407.66,42613.224
300540.SZ,20181012,14.302,14.302,13.2448,13.7335,14.711,-0.9775000000000009,-6.6447,42431.66,57648.913
300540.SZ,20181011,14.7608,15.3493,14.2621,14.711,15.8479,-1.136899999999999,-7.1738,45133.93,66589.328
300540.SZ,20181010,15.0999,16.4463,15.06,15.8479,15.2595,0.5884,3.856,53544.53,83771.068
300540.SZ,20181009,15.2894,15.5886,14.9204,15.2595,15.1598,0.09969999999999857,0.6577,34795.0,53270.966
300540.SZ,20181008,15.6285,15.7981,14.8107,15.1598,15.8479,-0.6880999999999986,-4.3419,40769.48,62573.151
300540.SZ,20180928,16.197,16.5461,15.1797,15.8479,15.5587,0.28919999999999924,1.8588,66651.83,106407.568
300540.SZ,20180927,15.9576,17.0547,15.5188,15.5587,15.5088,0.04989999999999917,0.3218,104452.28,169413.916
300540.SZ,20180926,14.1026,15.5088,13.8931,15.5088,14.1026,1.4062000000000001,9.9712,57348.61,85358.746
300540.SZ,20180925,14.1125,14.7608,14.0427,14.1026,14.2023,-0.09969999999999857,-0.702,26897.49,38590.462
300540.SZ,20180921,14.4516,14.5414,14.0128,14.2023,14.3818,-0.17950000000000088,-1.2481,34680.01,49254.808
300540.SZ,20180920,13.8732,15.1498,13.6538,14.3818,13.9629,0.4189000000000007,3.0001,55006.48,78746.617
300540.SZ,20180919,13.4643,14.3619,13.2847,13.9629,13.5341,0.42879999999999896,3.1683,37679.72,52554.321
300540.SZ,20180918,13.2349,13.6538,13.0952,13.5341,13.3446,0.18950000000000067,1.4201,22862.91,30778.969
300540.SZ,20180917,13.564,13.564,13.0753,13.3446,13.564,-0.21940000000000026,-1.6175,21021.14,28057.505
300540.SZ,20180914,14.0028,14.0926,13.4643,13.564,14.1624,-0.5983999999999998,-4.2253,34951.41,48131.736
300540.SZ,20180913,13.185,14.4217,13.185,14.1624,13.4244,0.7379999999999995,5.4975,51681.77,71919.859
300540.SZ,20180912,13.6438,13.6637,13.2748,13.4244,13.6937,-0.26929999999999943,-1.9666,23267.46,31402.932
300540.SZ,20180911,13.5341,13.6937,13.0653,13.6937,13.4942,0.19950000000000045,1.4784,32452.26,43551.681
300540.SZ,20180910,14.0527,14.4317,13.3645,13.4942,14.4915,-0.997300000000001,-6.882,42920.16,59686.978
300540.SZ,20180907,13.6538,14.9104,13.4942,14.4915,13.9131,0.5784000000000002,4.1572,66888.57,93717.294
300540.SZ,20180906,13.0753,13.9131,12.9955,13.9131,12.6464,1.2667000000000002,10.0163,55099.87,76142.644
300540.SZ,20180905,12.9656,13.185,12.6464,12.6464,13.0553,-0.40890000000000093,-3.1321,12220.6,15881.03
300540.SZ,20180904,13.1252,13.2448,12.7262,13.0553,13.3944,-0.3390999999999984,-2.5317,20924.99,27203.443
300540.SZ,20180903,13.0553,13.4144,12.9756,13.3944,13.1551,0.23930000000000007,1.8191,10196.85,13535.834
300540.SZ,20180831,13.7435,13.8433,13.1152,13.1551,13.7635,-0.6084000000000014,-4.4204,14466.06,19514.668
300540.SZ,20180830,13.7934,14.1125,13.7136,13.7635,13.8931,-0.12959999999999994,-0.9328,12915.65,17999.473
300540.SZ,20180829,14.312,14.312,13.8632,13.8931,14.2621,-0.3689999999999998,-2.5873,13525.1,18946.676
300540.SZ,20180828,14.1425,14.4217,14.0726,14.2621,14.1225,0.13959999999999972,0.9885,20857.74,29823.339
300540.SZ,20180827,13.6637,14.2123,13.6637,14.1225,13.9929,0.12959999999999994,0.9262,15652.38,22101.717
300540.SZ,20180824,14.2123,14.2422,13.8233,13.9929,14.3719,-0.37899999999999956,-2.6371,20914.14,29459.525
300540.SZ,20180823,14.312,14.5614,14.0128,14.3719,14.2621,0.1097999999999999,0.7699,24625.98,35209.16
300540.SZ,20180822,13.9929,14.7708,13.7834,14.2621,14.0328,0.22930000000000028,1.634,28930.02,41723.306
300540.SZ,20180821,13.9031,14.3419,13.7734,14.0328,13.8433,0.18950000000000067,1.3689,19590.48,27634.488
300540.SZ,20180820,13.6438,14.1325,13.2648,13.8433,13.7635,0.07979999999999876,0.5798,17264.13,23712.327
300540.SZ,20180817,14.0128,14.5414,13.7435,13.7635,13.8832,-0.11969999999999992,-0.8622,24714.34,35162.694
300540.SZ,20180816,13.564,14.0926,13.3246,13.8832,13.8931,-0.00990000000000002,-0.0713,15532.51,21592.148
300540.SZ,20180815,14.5115,14.5713,13.8632,13.8931,14.6112,-0.7180999999999997,-4.9147,23443.21,33212.008
300540.SZ,20180814,14.4616,14.7209,14.302,14.6112,14.4616,0.1495999999999995,1.0345,23066.64,33533.51
300540.SZ,20180813,14.2621,14.5414,14.0527,14.4616,14.711,-0.24939999999999962,-1.6953,25731.02,36816.602
300540.SZ,20180810,13.9829,15.1099,13.9729,14.711,14.1624,0.5486000000000004,3.8736,39914.53,58356.058
300540.SZ,20180809,13.6737,14.322,13.5042,14.1624,13.953,0.20940000000000047,1.5008,25320.42,35555.561
300540.SZ,20180808,13.8732,14.701,13.7635,13.953,13.8832,0.06979999999999897,0.5028,31489.64,44909.731
300540.SZ,20180807,13.3446,14.322,13.3446,13.8832,13.195,0.6882000000000001,5.2156,22201.71,30832.049
300540.SZ,20180806,13.6139,13.6637,12.9756,13.195,13.6438,-0.4488000000000003,-3.2894,14967.11,20084.238
300540.SZ,20180803,13.7435,14.0826,13.4742,13.6438,13.8832,-0.23939999999999984,-1.7244,19296.18,26854.23
300540.SZ,20180802,14.7808,14.7808,13.4144,13.8832,14.8107,-0.9275000000000002,-6.2624,32225.87,44684.808
300540.SZ,20180801,14.8207,15.4191,14.6411,14.8107,15.1897,-0.37899999999999956,-2.4951,27393.61,41300.006
300540.SZ,20180731,14.4915,15.9975,14.4915,15.1897,14.5414,0.6483000000000008,4.4583,38956.11,59969.95
300540.SZ,20180730,15.1498,15.2096,14.2621,14.5414,15.1199,-0.5785,-3.8261,27145.64,40097.359
300540.SZ,20180727,15.6086,15.808,15.0301,15.1199,15.6684,-0.5485000000000007,-3.5007,28969.89,44921.113
300540.SZ,20180726,16.4763,16.6658,15.5587,15.6684,16.7057,-1.0373,-6.2093,45030.5,72289.22
300540.SZ,20180725,17.1545,17.1644,16.7057,16.7057,17.1545,-0.44879999999999853,-2.6162,29260.24,49470.189
300540.SZ,20180724,16.945,17.1545,16.5062,17.1545,17.0547,0.09979999999999833,0.5852,43724.38,74021.71
300540.SZ,20180723,16.965,17.2343,16.6159,17.0547,17.3041,-0.24939999999999785,-1.4413,47001.62,79447.313
300540.SZ,20180720,17.1844,17.5933,16.7655,17.3041,17.1844,0.11969999999999814,0.6966,82068.1,142550.428
300540.SZ,20180719,16.3765,17.5135,16.0674,17.1844,16.586,0.5984000000000016,3.6079,79522.0,134244.711
300540.SZ,20180718,16.2269,16.945,16.0175,16.586,16.217,0.3689999999999998,2.2754,50132.73,82827.662
300540.SZ,20180717,16.2967,16.2967,15.9078,16.217,16.4364,-0.21940000000000026,-1.3348,25697.73,41453.03
300540.SZ,20180716,16.2369,16.6159,15.8679,16.4364,16.3366,0.09979999999999833,0.6109,30667.41,49733.721
300540.SZ,20180713,16.9051,16.9051,16.1671,16.3366,17.0946,-0.7579999999999991,-4.4341,51819.14,85666.163
300540.SZ,20180712,16.3765,17.1844,16.2668,17.0946,16.7356,0.3589999999999982,2.1451,64220.06,108895.088
300540.SZ,20180711,16.955,16.9749,16.187,16.7356,17.5634,-0.8277999999999999,-4.7132,64048.6,107088.286
300540.SZ,20180710,17.3041,17.7329,16.7555,17.5634,17.2043,0.35910000000000153,2.0873,99505.47,172564.898
300540.SZ,20180709,17.324,17.9025,16.8353,17.2043,16.5261,0.6782000000000004,4.1038,118963.28,206212.965
300540.SZ,20180706,14.8306,16.5261,14.8306,16.5261,15.0201,1.5060000000000002,10.0266,80667.85,129046.223
300540.SZ,20180705,16.1671,16.4463,15.0201,15.0201,16.6857,-1.6656000000000013,-9.9822,91236.74,143943.776
300540.SZ,20180704,16.3267,17.1245,16.1571,16.6857,15.5687,1.1170000000000009,7.1747,126697.79,211870.728
300540.SZ,20180703,14.2322,15.5687,14.1624,15.5687,14.1524,1.4162999999999997,10.0075,36245.55,55065.027
300540.SZ,20180702,15.3592,15.3592,13.8034,14.1524,15.3293,-1.1768999999999998,-7.6775,47524.33,69990.72
300540.SZ,20180629,15.449,15.7083,14.4417,15.3293,15.3592,-0.029899999999999594,-0.1947,51988.51,78423.996
300540.SZ,20180628,15.9377,16.3267,15.2395,15.3592,15.3393,0.019899999999999807,0.1297,59087.67,93655.774
300540.SZ,20180627,14.9603,16.3366,14.9603,15.3393,15.07,0.26929999999999943,1.787,65072.32,102627.226
300540.SZ,20180626,14.2522,15.439,13.9629,15.07,14.5614,0.5085999999999995,3.4928,38838.67,58204.357
300540.SZ,20180625,15.2595,15.3592,14.5314,14.5614,14.9703,-0.40889999999999915,-2.7314,29364.2,44024.556
300540.SZ,20180622,14.1225,15.07,14.1225,14.9703,14.6112,0.35909999999999975,2.4577,33766.54,49865.823
300540.SZ,20180621,15.5388,15.9377,14.5813,14.6112,15.7781,-1.1669,-7.3957,50659.39,77048.874
300540.SZ,20180620,15.449,16.4264,15.2994,15.7781,16.9949,-1.216800000000001,-7.1598,57292.72,89646.897
300540.SZ,20180619,17.4537,17.4537,16.9949,16.9949,18.8799,-1.884999999999998,-9.9842,20323.86,34722.525
300540.SZ,20180615,19.4484,19.8274,18.3513,18.8799,19.8972,-1.0173000000000023,-5.1128,49582.57,94937.142
300540.SZ,20180614,19.1108,19.9073,18.135,19.9073,19.4626,0.444700000000001,2.2849,38295.78,109385.801
300540.SZ,20180613,19.4825,20.0866,19.1307,19.4626,19.7812,-0.3186,-1.6106,28374.78,83476.559
300540.SZ,20180612,19.4626,19.9073,18.5067,19.7812,19.7015,0.079699999999999,0.4045,42391.78,123571.33
300540.SZ,20180611,18.6594,19.9472,18.6395,19.7015,18.9846,0.716899999999999,3.7762,40634.4,118670.092
300540.SZ,20180608,18.4868,19.4493,18.3939,18.9846,18.6527,0.33190000000000097,1.7794,32196.48,91977.452
300540.SZ,20180607,19.7812,19.7812,18.5333,18.6527,19.914,-1.261300000000002,-6.3337,50540.62,145813.732
300540.SZ,20180606,19.0776,20.6375,18.7855,19.914,19.436,0.47800000000000153,2.4594,61508.89,181656.931
300540.SZ,20180605,19.6684,20.1529,18.9382,19.436,19.5887,-0.1526999999999994,-0.7795,57147.89,166668.37
300540.SZ,20180604,19.4493,21.0026,19.4493,19.5887,21.6067,-2.0180000000000007,-9.3397,80444.93,239317.365
300540.SZ,20180601,21.6067,22.0912,21.6067,21.6067,24.0096,-2.402899999999999,-10.0081,36258.21,118116.14
300540.SZ,20180524,21.9054,24.0096,20.7636,24.0096,21.8257,2.1838999999999977,10.0061,125816.43,425860.073
300540.SZ,20180523,21.8257,21.8257,21.8257,21.8257,19.8409,1.9848,10.0036,8761.63,28808.239
300540.SZ,20180522,19.8409,19.8409,19.8409,19.8409,18.0354,1.805500000000002,10.0109,5094.0,15225.966
300540.SZ,20180521,18.0354,18.0354,18.0354,18.0354,16.3958,1.639599999999998,10.0001,4755.0,12919.335
300540.SZ,20180518,15.7719,16.7145,15.3537,16.3958,15.8648,0.5310000000000006,3.347,18593.77,45263.245
300540.SZ,20180517,15.6125,15.9245,15.4864,15.8648,15.7719,0.0929000000000002,0.589,7423.05,17591.159
300540.SZ,20180516,15.8781,16.1303,15.7387,15.7719,16.0374,-0.2655000000000012,-1.6555,12532.59,29956.928
300540.SZ,20180515,16.6614,16.7145,15.732,16.0374,16.4157,-0.3782999999999994,-2.3045,27963.44,67730.243
300540.SZ,20180514,15.1213,16.4157,14.9355,16.4157,14.9222,1.493500000000001,10.0086,27944.71,68468.358
300540.SZ,20180511,15.4931,15.6391,14.8691,14.9222,15.4665,-0.5442999999999998,-3.5192,9883.2,22746.446
300540.SZ,20180510,15.2939,15.6988,15.2607,15.4665,15.3138,0.1526999999999994,0.9971,8270.55,19277.862
300540.SZ,20180509,15.2076,15.4001,14.9819,15.3138,15.3006,0.01320000000000121,0.0863,7886.75,18009.319
300540.SZ,20180508,15.0749,15.5462,14.7031,15.3006,14.9687,0.3318999999999992,2.2173,8285.0,18895.138
300540.SZ,20180507,14.6036,15.0417,14.5372,14.9687,14.8027,0.16600000000000037,1.1214,8348.68,18688.368
300540.SZ,20180504,14.3712,15.1678,14.0526,14.8027,14.2385,0.5641999999999996,3.9625,11154.75,24888.734
300540.SZ,20180503,13.661,14.2385,13.6079,14.2385,13.7473,0.49120000000000097,3.5731,4282.4,8995.646
300540.SZ,20180502,14.2385,14.4642,13.7274,13.7473,14.2584,-0.5111000000000008,-3.5846,4211.55,8868.363
300540.SZ,20180427,14.3381,14.5505,14.1389,14.2584,14.3779,-0.11950000000000038,-0.8311,4113.12,8876.556
300540.SZ,20180426,14.5438,14.7961,14.2584,14.3779,14.7031,-0.3251999999999988,-2.2118,7322.8,15977.424
300540.SZ,20180425,14.5438,14.8558,14.2119,14.7031,14.5438,0.1593,1.0953,11287.11,24749.377
300540.SZ,20180424,13.6411,14.6434,13.6411,14.5438,13.568,0.9757999999999996,7.1919,11542.72,24806.502
300540.SZ,20180423,13.0768,13.568,13.0768,13.568,13.0636,0.5044000000000004,3.8611,5047.79,10149.37
300540.SZ,20180420,13.7871,13.9066,12.8246,13.0636,13.8734,-0.809800000000001,-5.8371,5459.0,11055.525
300540.SZ,20180419,13.7141,14.1588,13.7141,13.8734,13.973,-0.09960000000000058,-0.7128,4388.0,9221.329
300540.SZ,20180418,13.5548,14.2053,13.0105,13.973,13.6411,0.33190000000000097,2.4331,6591.03,13529.726
300540.SZ,20180417,14.5438,14.6965,12.9374,13.6411,14.3779,-0.7368000000000006,-5.1245,6397.0,13640.512
300540.SZ,20180416,14.6832,14.9687,14.3181,14.3779,14.8691,-0.4911999999999992,-3.3035,5368.55,11804.127
300540.SZ,20180413,14.8226,15.1147,14.8226,14.8691,14.8956,-0.026500000000000412,-0.1779,3550.0,7983.724
300540.SZ,20180412,14.8226,15.1545,14.8226,14.8956,14.8691,0.026500000000000412,0.1782,6383.0,14408.827
300540.SZ,20180411,14.7695,15.1811,14.7695,14.8691,14.816,0.053099999999998815,0.3584,7470.0,16879.536
300540.SZ,20180410,15.0616,15.1877,14.6766,14.816,15.1346,-0.3186,-2.1051,12303.0,27613.155
300540.SZ,20180409,14.9355,15.4798,14.8691,15.1346,15.6789,-0.5442999999999998,-3.4715,18568.35,42213.99
300540.SZ,20180404,16.4622,17.1791,15.6789,15.6789,16.0639,-0.3849999999999998,-2.3967,37586.62,93834.934
300540.SZ,20180403,14.3978,16.0639,14.3712,16.0639,14.6036,1.4603000000000002,9.9996,20364.58,47807.029
300540.SZ,20180402,14.8293,14.9156,14.5571,14.6036,14.8293,-0.2256999999999998,-1.522,5099.5,11335.208
300540.SZ,20180330,14.5372,14.8558,14.5372,14.8293,14.5372,0.2920999999999996,2.0093,5903.57,13086.56
300540.SZ,20180329,14.5372,14.7961,14.3845,14.5372,14.5438,-0.006599999999998829,-0.0454,4438.0,9706.502
300540.SZ,20180328,13.8004,14.6434,13.6875,14.5438,13.9663,0.5774999999999988,4.135,8883.0,19255.353
300540.SZ,20180327,13.4685,14.2186,13.4685,13.9663,13.4486,0.5176999999999996,3.8495,4625.0,9681.674
300540.SZ,20180326,12.7781,13.5216,12.7781,13.4486,13.183,0.26560000000000095,2.0147,3579.02,7113.25
300540.SZ,20180323,13.973,14.1057,12.9441,13.183,14.2783,-1.0953,-7.6711,10671.45,22044.084
300540.SZ,20180322,14.4044,14.6567,14.2252,14.2783,14.6301,-0.3518000000000008,-2.4046,7782.45,16944.968
300540.SZ,20180321,14.3049,14.9687,14.2717,14.6301,14.2385,0.3916000000000004,2.7503,16541.0,36562.576
300540.SZ,20180320,13.7738,14.3049,13.4087,14.2385,13.7738,0.46470000000000056,3.3738,7026.32,14806.153
300540.SZ,20180319,13.5614,13.8668,13.5614,13.7738,13.568,0.20579999999999998,1.5168,3229.32,6689.168
300540.SZ,20180316,13.5415,13.734,13.4486,13.568,13.5415,0.026500000000000412,0.1957,3671.45,7537.103
300540.SZ,20180315,13.807,13.9398,13.1432,13.5415,13.807,-0.2655000000000012,-1.9229,4249.19,8669.048
300540.SZ,20180314,14.1256,14.5903,13.7937,13.807,14.1588,-0.351799999999999,-2.4847,5638.0,11939.574
300540.SZ,20180313,14.3845,14.3845,14.1256,14.1588,14.3779,-0.21910000000000096,-1.5239,5981.0,12843.362
300540.SZ,20180312,13.9331,14.3912,13.8004,14.3779,13.8137,0.5641999999999996,4.0844,9750.0,20757.489
300540.SZ,20180309,13.4021,13.8601,13.276,13.8137,13.4286,0.38510000000000133,2.8678,6880.0,14145.321
300540.SZ,20180308,13.1698,13.4353,13.1233,13.4286,13.1963,0.23229999999999862,1.7603,4508.39,9059.106
300540.SZ,20180307,13.1897,13.3158,12.9574,13.1963,13.3092,-0.11289999999999978,-0.8483,3880.98,7697.436
300540.SZ,20180306,13.1565,13.4286,13.1565,13.3092,13.1366,0.17260000000000097,1.3139,4392.97,8780.169
300540.SZ,20180305,13.0304,13.1366,12.891,13.1366,13.037,0.0995999999999988,0.764,2095.0,4116.298
300540.SZ,20180302,13.0237,13.203,12.8976,13.037,13.0768,-0.03979999999999961,-0.3044,3423.98,6734.985
300540.SZ,20180301,12.818,13.2096,12.7781,13.0768,12.9706,0.10620000000000118,0.8188,4506.0,8873.016
300540.SZ,20180228,12.9839,12.9839,12.7649,12.9706,12.9574,0.013199999999999434,0.1019,3305.0,6417.276
300540.SZ,20180227,12.7781,13.0436,12.7649,12.9574,12.8711,0.0862999999999996,0.6705,3743.0,7292.044
300540.SZ,20180226,12.579,12.9374,12.579,12.8711,12.5591,0.3119999999999994,2.4843,3616.0,6970.068
300540.SZ,20180223,12.5192,12.5923,12.4462,12.5591,12.4993,0.059800000000000963,0.4784,2655.77,5016.391
300540.SZ,20180222,12.3267,12.5458,12.3267,12.4993,12.3267,0.1725999999999992,1.4002,2589.0,4864.468
300540.SZ,20180214,12.3334,12.4728,12.2139,12.3267,12.3798,-0.053099999999998815,-0.4289,1677.0,3118.107
300540.SZ,20180213,12.4993,12.5325,12.3201,12.3798,12.413,-0.033200000000000784,-0.2675,2811.0,5268.704
300540.SZ,20180212,12.1475,12.506,12.1475,12.413,12.1409,0.2721,2.2412,3447.97,6437.685
300540.SZ,20180209,12.4197,12.4396,11.4572,12.1409,12.5723,-0.4314,-3.4314,3383.0,6193.102
300540.SZ,20180208,12.3533,12.7317,12.3267,12.5723,12.4064,0.1659000000000006,1.3372,2223.0,4210.849
300540.SZ,20180207,12.4263,12.7516,12.1143,12.4064,12.2604,0.14599999999999902,1.1908,3827.33,7158.378
300540.SZ,20180206,13.2693,13.2693,12.0745,12.2604,13.3357,-1.0752999999999986,-8.0633,3911.0,7494.777
300540.SZ,20180205,13.2959,13.4685,13.11,13.3357,13.2494,0.0862999999999996,0.6514,2600.0,5220.986
300540.SZ,20180202,13.8601,13.8601,12.9042,13.2494,13.7473,-0.49789999999999957,-3.6218,3344.0,6760.304
300540.SZ,20180201,14.5903,14.743,13.7274,13.7473,14.5239,-0.7766000000000002,-5.347,4150.0,8855.436
300540.SZ,20180131,15.2674,15.2939,14.5239,14.5239,15.3072,-0.7833000000000006,-5.1172,4287.0,9670.481
300540.SZ,20180130,15.1944,15.3271,15.1678,15.3072,15.2143,0.0929000000000002,0.6106,2244.0,5150.008
300540.SZ,20180129,15.3935,15.4732,15.1944,15.2143,15.44,-0.2256999999999998,-1.4618,2975.0,6851.291
300540.SZ,20180126,15.7254,15.7254,14.8492,15.44,15.7586,-0.3186,-2.0218,3429.0,8023.975
300540.SZ,20180125,15.7851,15.9113,15.6657,15.7586,15.7785,-0.019899999999999807,-0.1261,3692.57,8795.736
300540.SZ,20180124,15.5462,15.805,15.4997,15.7785,15.5993,0.1791999999999998,1.1488,3458.83,8172.329
300540.SZ,20180123,15.4732,15.7785,15.4732,15.5993,15.6059,-0.006600000000000605,-0.0423,2434.0,5730.353
300540.SZ,20180122,15.4599,15.6391,15.2806,15.6059,15.4732,0.13269999999999982,0.8576,3161.0,7393.296
300540.SZ,20180119,15.5263,15.7188,15.4532,15.4732,15.5727,-0.09949999999999903,-0.6389,2503.0,5879.472
300540.SZ,20180118,15.3869,15.7519,15.3869,15.5727,15.4665,0.1061999999999994,0.6866,2892.0,6788.17
300540.SZ,20180117,15.3006,15.4931,15.0616,15.4665,15.347,0.11950000000000038,0.7787,3832.0,8826.248
300540.SZ,20180116,15.1612,15.4864,15.1413,15.347,15.2275,0.11950000000000038,0.7848,2247.0,5200.386
300540.SZ,20180115,15.7055,15.7387,15.1877,15.2275,15.7586,-0.5311000000000003,-3.3702,5002.0,11596.912
300540.SZ,20180112,16.0307,16.0307,15.6723,15.7586,16.0307,-0.2721,-1.6974,2989.0,7150.872
300540.SZ,20180111,15.6856,16.0573,15.6856,16.0307,15.7984,0.23229999999999862,1.4704,2967.0,7112.536
300540.SZ,20180110,16.0971,16.1436,15.4997,15.7984,16.0838,-0.2853999999999992,-1.7745,3549.0,8462.222
300540.SZ,20180109,16.2166,16.2166,16.0507,16.0838,16.1967,-0.11289999999999978,-0.6971,2479.0,6028.052
300540.SZ,20180108,16.3228,16.4489,16.0507,16.1967,16.4224,-0.2256999999999998,-1.3743,4024.83,9795.115
300540.SZ,20180105,16.5618,16.5883,16.3361,16.4224,16.5419,-0.11949999999999861,-0.7224,3638.0,9029.542
300540.SZ,20180104,16.5485,16.595,16.429,16.5419,16.5751,-0.033200000000000784,-0.2003,3876.0,9649.045
300540.SZ,20180103,16.5883,16.6614,16.4357,16.5751,16.5485,0.026599999999998403,0.1607,4272.74,10650.71
300540.SZ,20180102,16.5551,16.595,16.3892,16.5485,16.5551,-0.006599999999998829,-0.0399,3130.0,7792.49
300540.SZ,20171229,16.3892,16.595,16.3892,16.5551,16.3892,0.1659000000000006,1.0123,3413.89,8490.184
300540.SZ,20171228,16.2564,16.5485,16.1834,16.3892,16.3958,-0.006600000000002382,-0.0403,3736.83,9237.339
300540.SZ,20171227,16.5817,16.5817,16.3295,16.3958,16.4954,-0.0995999999999988,-0.6038,4873.83,12081.951
300540.SZ,20171226,15.898,16.5551,15.898,16.4954,16.0772,0.4181999999999988,2.6012,5577.83,13658.374
300540.SZ,20171225,16.5286,16.5485,15.8316,16.0772,16.5684,-0.4911999999999992,-2.9647,4674.83,11411.316
300540.SZ,20171222,15.8913,16.8273,15.8913,16.5684,16.0838,0.48460000000000036,3.013,7966.83,19819.519
300540.SZ,20171221,16.2033,16.3892,15.6856,16.0838,16.2763,-0.192499999999999,-1.1827,4718.83,11407.423
300540.SZ,20171220,16.2564,16.7145,16.1502,16.2763,16.2697,0.006599999999998829,0.0406,6076.3,15075.557
300540.SZ,20171219,16.0108,16.3095,15.9511,16.2697,15.9312,0.3384999999999998,2.1248,2598.0,6320.365
300540.SZ,20171218,16.2299,16.3162,15.8316,15.9312,16.2564,-0.3251999999999988,-2.0004,2744.0,6626.413
300540.SZ,20171215,16.2498,16.4357,16.0838,16.2564,16.21,0.04639999999999844,0.2862,2981.0,7303.862
300540.SZ,20171214,16.0042,16.3427,15.9644,16.21,16.0507,0.15930000000000177,0.9925,2991.0,7284.282
300540.SZ,20171213,15.9976,16.1834,15.8847,16.0507,16.0042,0.04649999999999821,0.2905,1938.0,4682.344
300540.SZ,20171212,16.3759,16.3958,15.9976,16.0042,16.4157,-0.4115000000000002,-2.5067,3052.0,7431.341
300540.SZ,20171211,15.8781,16.4888,15.8781,16.4157,16.0241,0.3916000000000004,2.4438,4147.0,10144.688
300540.SZ,20171208,15.7719,16.3826,15.6391,16.0241,15.7652,0.2589000000000006,1.6422,3630.0,8762.908
300540.SZ,20171207,15.7918,15.9046,15.6192,15.7652,15.7918,-0.02660000000000018,-0.1684,2294.0,5441.913
300540.SZ,20171206,15.3271,15.8449,15.3205,15.7918,15.42,0.37180000000000035,2.4112,3562.0,8397.385
300540.SZ,20171205,16.0639,16.3095,15.3006,15.42,16.1038,-0.6837999999999997,-4.2462,4619.0,10942.08
300540.SZ,20171204,16.6614,16.7609,16.0639,16.1038,16.6481,-0.5442999999999998,-3.2694,4757.0,11775.58
300540.SZ,20171201,16.3494,16.6481,16.2432,16.6481,16.3095,0.33859999999999957,2.0761,3425.05,8497.808
300540.SZ,20171130,16.1901,16.3626,16.1901,16.3095,16.2631,0.04639999999999844,0.2853,2596.0,6377.118
300540.SZ,20171129,16.5087,16.5087,16.0241,16.2631,16.4224,-0.15929999999999822,-0.97,3545.32,8662.077
300540.SZ,20171128,16.2631,16.4954,16.2564,16.4224,16.2631,0.15929999999999822,0.9795,2665.0,6583.364
300540.SZ,20171127,16.7012,16.7012,15.3072,16.2631,16.6414,-0.3782999999999994,-2.2732,3241.05,8001.403
300540.SZ,20171124,16.6016,16.7808,16.3361,16.6414,16.5618,0.07959999999999923,0.4806,2194.0,5496.648
300540.SZ,20171123,16.9401,17.0198,16.4622,16.5618,16.9401,-0.3782999999999994,-2.2332,4049.0,10217.267
300540.SZ,20171122,16.9136,17.1194,16.814,16.9401,16.9269,0.01320000000000121,0.078,3347.0,8544.841
300540.SZ,20171121,17.2986,17.3517,16.6813,16.9269,17.3185,-0.3916000000000004,-2.2612,4747.61,12209.762
300540.SZ,20171120,17.0065,17.3318,16.1635,17.3185,17.0795,0.23900000000000077,1.3993,4579.32,11666.897
300540.SZ,20171117,18.2478,18.4735,16.7277,17.0795,18.3806,-1.3011000000000017,-7.0787,10953.58,29200.646
300540.SZ,20171116,18.8652,19.1041,18.3341,18.3806,19.0643,-0.6836999999999982,-3.5863,11675.0,32868.779
300540.SZ,20171115,19.7812,19.8409,19.0046,19.0643,19.8675,-0.8032000000000004,-4.0428,18190.05,52993.107
300540.SZ,20171114,19.4493,21.2017,19.3165,19.8675,19.3763,0.4911999999999992,2.5351,36602.84,111161.615
300540.SZ,20171113,18.9448,19.3763,18.8187,19.3763,19.0245,0.3518000000000008,1.8492,11759.87,33936.943
300540.SZ,20171110,18.8519,19.0245,18.6461,19.0245,18.7855,0.23900000000000077,1.2723,8233.0,23392.988
300540.SZ,20171109,18.7191,18.8652,18.5996,18.7855,18.7258,0.05969999999999942,0.3188,4378.0,12366.418
300540.SZ,20171108,18.5532,18.9581,18.4403,18.7258,18.5532,0.1725999999999992,0.9303,7055.8,19894.017
300540.SZ,20171107,18.2677,18.5532,18.2412,18.5532,18.4138,0.13940000000000197,0.757,4757.0,13175.561
300540.SZ,20171106,18.3142,18.4868,18.1151,18.4138,18.135,0.27879999999999683,1.5374,3512.81,9671.456
300540.SZ,20171103,18.3076,18.4536,17.9226,18.135,18.3275,-0.192499999999999,-1.0503,5135.32,14045.155
300540.SZ,20171102,18.6395,18.6395,18.3009,18.3275,18.5996,-0.27209999999999823,-1.4629,4950.61,13701.006
300540.SZ,20171101,18.3673,18.7125,18.3673,18.5996,18.5133,0.08629999999999782,0.4662,5055.37,14178.855
300540.SZ,20171031,18.2412,18.5797,18.1217,18.5133,18.3076,0.20570000000000022,1.1236,4020.0,11156.812
300540.SZ,20171030,19.4626,19.4825,18.2677,18.3076,19.4626,-1.1549999999999976,-5.9345,8614.0,24125.406
300540.SZ,20171027,19.5157,19.7015,19.3829,19.4626,19.6684,-0.20579999999999998,-1.0463,6546.0,19221.93
300540.SZ,20171026,19.1639,19.748,19.1307,19.6684,19.3298,0.33859999999999957,1.7517,10734.0,31578.355
300540.SZ,20171025,18.7722,19.914,18.593,19.3298,18.7722,0.5575999999999972,2.9703,9079.0,26655.764
300540.SZ,20171024,18.9979,19.1705,18.5133,18.7722,18.9913,-0.2190999999999974,-1.1537,3482.0,9868.968
300540.SZ,20171023,18.832,19.0776,18.7855,18.9913,18.8452,0.14610000000000056,0.7753,3143.0,8992.191
300540.SZ,20171020,18.6196,18.9315,18.6196,18.8452,18.6395,0.20569999999999666,1.1036,3346.0,9471.299
300540.SZ,20171019,18.8187,19.0311,18.6063,18.6395,18.8718,-0.23229999999999862,-1.2309,5046.0,14246.671
300540.SZ,20171018,19.1506,19.5821,18.8187,18.8718,19.1506,-0.2788000000000004,-1.4558,6135.0,17755.759
300540.SZ,20171017,18.978,19.363,18.8585,19.1506,19.0842,0.06640000000000157,0.3479,4339.0,12543.595
300540.SZ,20171016,19.9737,20.0003,19.0842,19.0842,19.9339,-0.8497000000000021,-4.2626,9831.0,28763.967
300540.SZ,20171013,19.6219,20.0135,19.4228,19.9339,19.6484,0.28550000000000253,1.453,10987.97,32852.82
300540.SZ,20171012,19.7082,20.1596,19.436,19.6484,19.7414,-0.09299999999999997,-0.4711,7331.0,21818.007
300540.SZ,20171011,19.7812,19.8941,19.509,19.7414,19.7281,0.013299999999997425,0.0674,6821.0,20255.158
300540.SZ,20171010,19.3165,19.7414,19.2701,19.7281,19.2369,0.49120000000000275,2.5534,6585.11,19382.341
300540.SZ,20171009,19.3763,19.5555,19.1705,19.2369,19.1174,0.11949999999999861,0.6251,4896.0,14212.223
300540.SZ,20170929,18.759,19.124,18.7523,19.1174,18.7457,0.3717000000000006,1.9829,3918.0,11185.524
300540.SZ,20170928,19.0643,19.0643,18.7457,18.7457,19.0643,-0.3186,-1.6712,4871.0,13863.096
300540.SZ,20170927,18.7789,19.2103,18.6129,19.0643,18.7789,0.2853999999999992,1.5198,5266.0,15041.597
300540.SZ,20170926,19.2236,19.5157,18.5864,18.7789,19.3829,-0.6039999999999992,-3.1161,9340.58,26613.606
300540.SZ,20170925,19.8741,19.8741,19.3829,19.3829,19.9272,-0.5442999999999998,-2.7314,7099.86,21014.407
300540.SZ,20170922,19.9671,20.1463,19.4692,19.9272,19.9472,-0.019999999999999574,-0.1003,11063.0,32960.203
300540.SZ,20170921,19.7613,20.4384,19.7015,19.9472,19.7148,0.23239999999999839,1.1788,16041.0,48745.645
300540.SZ,20170920,19.6153,19.7347,19.3232,19.7148,19.5489,0.1659000000000006,0.8486,7328.26,21594.519
300540.SZ,20170919,19.4493,19.7679,19.4493,19.5489,19.5157,0.033200000000000784,0.1701,6822.0,20156.017
300540.SZ,20170918,19.4228,19.5754,19.2767,19.5157,19.5489,-0.033200000000000784,-0.1698,8062.0,23560.004
300540.SZ,20170915,19.6285,19.7215,19.436,19.5489,19.7281,-0.17920000000000158,-0.9083,4684.0,13784.13
300540.SZ,20170914,19.7414,19.9073,19.3232,19.7281,19.8476,-0.11949999999999861,-0.6021,7073.0,20944.831
300540.SZ,20170913,19.5157,19.9737,19.436,19.8476,19.6418,0.20579999999999998,1.0478,7458.74,22187.885
300540.SZ,20170912,20.2127,20.2127,19.5688,19.6418,20.299,-0.6571999999999996,-3.2376,10894.0,32594.298
300540.SZ,20170911,19.914,20.3786,19.8409,20.299,19.9671,0.33190000000000097,1.6622,10807.0,32935.407
300540.SZ,20170908,19.7148,20.0268,19.5953,19.9671,19.7148,0.2522999999999982,1.2797,10035.0,30053.572
300540.SZ,20170907,19.4891,20.0069,19.4161,19.7148,19.4759,0.238900000000001,1.2266,11253.82,33549.005
300540.SZ,20170906,19.5157,19.5157,19.1572,19.4759,19.5157,-0.03979999999999961,-0.2039,6247.0,18199.259
300540.SZ,20170905,19.4028,19.5754,19.3431,19.5157,19.3431,0.1725999999999992,0.8923,5041.98,14782.397
300540.SZ,20170904,19.4626,19.8941,19.2502,19.3431,19.6883,-0.34520000000000195,-1.7533,7569.74,22276.434
300540.SZ,20170901,19.7082,19.8542,19.5157,19.6883,19.7082,-0.019899999999999807,-0.101,6127.0,18111.462
300540.SZ,20170831,19.1904,19.7613,19.1904,19.7082,19.1904,0.5178000000000011,2.6982,8768.08,25865.201
300540.SZ,20170830,19.2966,19.5953,19.1705,19.1904,19.363,-0.1725999999999992,-0.8914,6309.19,18368.971
300540.SZ,20170829,19.2502,19.8144,19.1506,19.363,19.3298,0.033200000000000784,0.1718,11558.82,33911.832
300540.SZ,20170828,18.8652,19.509,18.759,19.3298,18.8652,0.46459999999999724,2.4627,10399.29,30202.065
300540.SZ,20170825,18.4337,18.8652,18.3275,18.8652,18.4735,0.39170000000000016,2.1203,5712.0,16083.144
300540.SZ,20170824,18.6594,18.7125,18.3872,18.4735,18.6594,-0.18590000000000018,-0.9963,4952.0,13822.293
300540.SZ,20170823,18.8784,18.8784,18.1283,18.6594,18.6461,0.013300000000000978,0.0713,6661.29,18668.946
300540.SZ,20170822,18.7059,18.9315,18.5996,18.6461,18.8585,-0.2123999999999988,-1.1263,6228.0,17595.267
300540.SZ,20170821,18.52,18.905,18.3872,18.8585,18.4536,0.4048999999999978,2.1942,7341.19,20663.055
300540.SZ,20170818,18.8054,18.9116,18.4071,18.4536,19.0643,-0.6106999999999978,-3.2034,9887.0,27764.008
300540.SZ,20170817,19.1705,19.4692,18.9846,19.0643,18.6859,0.3783999999999992,2.0251,12263.6,35507.607
300540.SZ,20170816,18.374,18.8187,18.1615,18.6859,18.281,0.40490000000000137,2.2149,8462.82,23665.728
300540.SZ,20170815,18.1217,18.4271,18.0553,18.281,17.9757,0.305299999999999,1.6984,6591.86,18125.09
300540.SZ,20170814,17.6239,18.1151,17.6239,17.9757,17.7301,0.2455999999999996,1.3852,5900.6,15990.37
300540.SZ,20170811,17.657,17.9027,17.4314,17.7301,17.7699,-0.03979999999999961,-0.224,4473.0,11935.8
300540.SZ,20170810,18.2943,18.5001,17.511,17.7699,18.4271,-0.6571999999999996,-3.5665,7256.0,19668.677
300540.SZ,20170809,18.3275,18.5797,18.2545,18.4271,18.4271,0.0,0.0,4018.0,11139.97
300540.SZ,20170808,18.3208,18.4271,18.0553,18.4271,18.2478,0.1792999999999978,0.9826,4773.0,13145.905
300540.SZ,20170807,18.0553,18.374,18.0553,18.2478,18.0354,0.21240000000000236,1.1777,4074.49,11189.132
300540.SZ,20170804,18.6992,18.6992,18.0354,18.0354,18.6992,-0.6638000000000019,-3.5499,7330.49,20340.467
300540.SZ,20170803,18.5996,19.051,17.9292,18.6992,18.6063,0.0929000000000002,0.4993,10816.49,30401.177
300540.SZ,20170802,19.2103,19.2103,18.6063,18.6063,19.1971,-0.590799999999998,-3.0775,6039.0,17155.241
300540.SZ,20170801,19.3763,19.3829,18.9249,19.1971,19.2966,-0.09950000000000259,-0.5156,6454.05,18586.248
300540.SZ,20170731,19.4759,19.5489,19.2568,19.2966,19.4825,-0.18590000000000018,-0.9542,3941.0,11495.125
300540.SZ,20170728,19.6484,19.8011,19.3165,19.4825,19.6352,-0.1526999999999994,-0.7777,7288.0,21366.704
300540.SZ,20170727,19.0112,19.8476,19.0046,19.6352,19.1373,0.49790000000000134,2.6017,11763.2,34647.983
300540.SZ,20170726,19.5157,19.6219,19.1373,19.1373,19.529,-0.39170000000000016,-2.0057,4232.0,12327.121
300540.SZ,20170725,19.6352,19.6949,19.4825,19.529,19.6086,-0.07959999999999923,-0.4059,3395.0,10003.966
300540.SZ,20170724,19.4095,19.7015,19.3298,19.6086,19.8409,-0.23230000000000217,-1.1708,5192.0,15278.324
300540.SZ,20170721,20.0268,20.0268,19.144,19.8409,20.299,-0.4580999999999982,-2.2568,16396.0,48365.161
300540.SZ,20170720,20.2459,21.7328,20.1131,20.299,20.299,0.0,0.0,17797.15,54876.778
300540.SZ,20170719,20.8366,20.8366,19.7347,20.299,20.6441,-0.3451000000000022,-1.6717,12171.0,37101.92
300540.SZ,20170718,20.3521,20.903,20.0534,20.6441,20.3786,0.26550000000000296,1.3028,15326.88,47025.381
300540.SZ,20170717,21.0159,21.1619,20.2259,20.3786,21.069,-0.6904000000000003,-3.2769,14332.62,44282.315
300540.SZ,20170714,21.527,21.7726,21.069,21.069,21.839,-0.7699999999999996,-3.5258,10436.48,33554.76
300540.SZ,20170713,22.8878,22.8878,21.839,21.839,23.233,-1.394000000000002,-6.0001,17175.0,57863.715
300540.SZ,20170712,22.755,25.0252,22.2638,23.233,22.7484,0.48460000000000036,2.1303,29942.48,103320.543
300540.SZ,20170711,23.5649,23.6711,22.6488,22.7484,23.1533,-0.40490000000000137,-1.7488,9075.32,31738.011
300540.SZ,20170710,23.3591,23.618,22.9674,23.1533,23.4719,-0.3186,-1.3574,6877.0,23946.196
300540.SZ,20170707,23.067,23.7706,22.9608,23.4719,23.0338,0.43810000000000215,1.902,9532.95,33538.963
300540.SZ,20170706,23.2661,23.2661,22.6621,23.0338,23.1201,-0.08630000000000138,-0.3733,6539.0,22627.532
300540.SZ,20170705,22.7683,23.213,22.6488,23.1201,22.7086,0.4115000000000002,1.8121,11602.95,40100.772
300540.SZ,20170704,23.0006,23.0338,22.6555,22.7086,23.0338,-0.3251999999999988,-1.4118,5491.82,18875.123
300540.SZ,20170703,22.4364,23.1467,22.2373,23.0338,22.5625,0.4712999999999994,2.0889,11122.08,38063.189
300540.SZ,20170630,21.8058,22.8878,21.5934,22.5625,21.8523,0.7102000000000004,3.25,11561.23,38636.747
300540.SZ,20170629,21.5735,22.0713,21.5735,21.8523,21.766,0.08630000000000138,0.3965,3971.88,13067.271
300540.SZ,20170628,22.0049,22.0846,21.5735,21.766,22.1244,-0.35840000000000316,-1.6199,4353.74,14254.068
300540.SZ,20170627,22.0979,22.2173,21.8854,22.1244,22.1045,0.019899999999999807,0.09,4699.04,15613.617
300540.SZ,20170626,21.5735,22.1111,21.4739,22.1045,21.7593,0.34520000000000195,1.5864,5068.48,16674.022
300540.SZ,20170623,21.8456,21.8987,21.1619,21.7593,21.8987,-0.13940000000000197,-0.6366,6377.05,20700.086
300540.SZ,20170622,22.3501,22.5028,21.3411,21.8987,22.2638,-0.3650999999999982,-1.6399,9589.06,31772.332
300540.SZ,20170621,22.4298,22.5426,21.9784,22.2638,22.3833,-0.11949999999999861,-0.5339,6773.01,22729.592
300540.SZ,20170620,22.7285,22.7285,22.3833,22.3833,22.6289,-0.24560000000000315,-1.0853,6881.32,23401.628
300540.SZ,20170619,22.921,23.0869,22.4696,22.6289,22.9342,-0.305299999999999,-1.3312,9299.98,31753.102
300540.SZ,20170616,22.3634,22.9542,22.3036,22.9342,22.3567,0.5775000000000006,2.5831,14193.6,48533.735
300540.SZ,20170615,21.6996,22.755,21.6929,22.3567,21.8854,0.4712999999999994,2.1535,11150.21,37593.958
300540.SZ,20170614,21.9319,22.224,21.8058,21.8854,22.058,-0.1725999999999992,-0.7825,6958.89,23042.754
300540.SZ,20170613,21.3743,22.1709,21.2947,22.058,21.6465,0.4115000000000002,1.901,9162.65,30263.778
300540.SZ,20170612,21.673,22.0979,21.0291,21.6465,21.9585,-0.31200000000000117,-1.4209,6538.5,21244.036
300540.SZ,20170609,22.0315,22.0846,21.2947,21.9585,22.0315,-0.0730000000000004,-0.3313,4950.07,16256.461
300540.SZ,20170608,22.4032,22.4231,21.912,22.0315,22.2041,-0.1725999999999992,-0.7773,8515.74,28440.204
300540.SZ,20170607,21.5735,22.3036,21.5071,22.2041,21.5668,0.6372999999999998,2.955,9764.04,32394.769
300540.SZ,20170606,21.3079,21.6929,21.2482,21.5668,21.527,0.03979999999999961,0.1849,5167.14,16700.431
300540.SZ,20170605,21.5469,21.8523,21.2947,21.527,21.5071,0.019899999999999807,0.0925,7828.29,25443.858
300540.SZ,20170602,20.5778,21.7394,20.2525,21.5071,21.1221,0.38500000000000156,1.8227,8929.4,28339.619
300540.SZ,20170601,21.9054,21.9386,20.2525,21.1221,21.9054,-0.7833000000000006,-3.5758,10343.8,32740.721
300540.SZ,20170531,22.6355,22.9542,21.5934,21.9054,21.8589,0.04650000000000176,0.2127,12071.31,40544.156
300540.SZ,20170526,21.5735,22.1045,21.527,21.8589,21.7261,0.13279999999999959,0.6112,6333.07,20812.309
300540.SZ,20170525,21.9054,21.9054,20.9694,21.7261,21.7261,0.0,0.0,6947.0,22606.418
300540.SZ,20170524,21.4141,21.8921,20.9429,21.7261,21.6929,0.03319999999999723,0.153,7579.65,24575.98
300540.SZ,20170523,23.233,23.4653,21.2548,21.6929,23.618,-1.925099999999997,-8.151,15525.28,51628.366
300540.SZ,20170522,24.6269,24.6269,23.2661,23.618,24.8593,-1.2413000000000025,-4.9933,16380.65,58725.05
300540.SZ,20170519,24.4676,26.5453,24.4676,24.8593,24.3813,0.47800000000000153,1.9605,21614.97,82724.353
300540.SZ,20170518,24.818,25.2019,23.8253,24.3746,24.8842,-0.5095999999999989,-2.0479,12175.32,45590.744
300540.SZ,20170517,24.5864,25.0165,24.5665,24.8842,24.7055,0.1786999999999992,0.7233,11818.5,44377.074
300540.SZ,20170516,24.0437,24.7518,23.5606,24.7055,24.0437,0.6617999999999995,2.7525,8484.42,31103.679
300540.SZ,20170515,24.818,24.9371,23.9576,24.0437,24.6525,-0.6087999999999987,-2.4695,7284.44,26922.513
300540.SZ,20170512,24.4672,24.8048,23.9113,24.6525,24.4474,0.20510000000000161,0.8389,12038.35,44352.469
300540.SZ,20170511,23.865,24.4672,23.3951,24.4474,24.1562,0.2911999999999999,1.2055,6429.09,23288.319
300540.SZ,20170510,24.6989,25.1357,23.9576,24.1562,24.6989,-0.5427,-2.1973,5328.0,19812.382
300540.SZ,20170509,23.9444,24.7518,23.8915,24.6989,24.0966,0.6022999999999996,2.4995,5416.0,19995.503
300540.SZ,20170508,24.9636,24.9636,24.004,24.0966,24.9636,-0.8670000000000009,-3.4731,4638.35,17203.012
300540.SZ,20170505,25.407,25.7247,24.9636,24.9636,25.5592,-0.595600000000001,-2.3303,5982.0,22848.699
300540.SZ,20170504,26.0424,26.1085,24.8246,25.5592,26.1482,-0.5889999999999986,-2.2525,4505.03,17524.781
300540.SZ,20170503,26.0424,26.2541,25.7379,26.1482,25.9431,0.20509999999999806,0.7906,4294.02,16873.269
300540.SZ,20170502,25.9298,26.1747,25.6254,25.9431,25.8504,0.09270000000000067,0.3586,5921.77,23206.823
300540.SZ,20170428,25.8107,25.9828,25.6519,25.8504,25.8107,0.039699999999999847,0.1538,5116.5,19969.223
300540.SZ,20170427,25.1754,26.0093,24.4606,25.8107,25.1886,0.6220999999999997,2.4698,8862.75,33847.594
300540.SZ,20170426,24.9437,25.4467,24.6459,25.1886,24.9371,0.25150000000000006,1.0085,4688.0,17801.009
300540.SZ,20170425,24.6658,25.4732,24.6327,24.9371,24.6062,0.33089999999999975,1.3448,4145.0,15653.513
300540.SZ,20170424,25.7445,25.7445,24.5864,24.6062,25.7445,-1.1382999999999974,-4.4215,4680.11,17605.787
300540.SZ,20170421,25.9298,26.4394,25.6122,25.7445,26.0093,-0.26480000000000103,-1.0181,3415.0,13442.613
300540.SZ,20170420,26.8564,27.1013,25.2283,26.0093,26.8696,-0.8602999999999987,-3.2018,5597.23,22248.29
300540.SZ,20170419,26.8034,27.0748,25.6784,26.8696,27.0946,-0.22500000000000142,-0.8304,6930.23,27711.606
300540.SZ,20170418,27.4057,27.9682,26.8167,27.0946,27.3461,-0.25150000000000006,-0.9197,5114.48,21122.173
300540.SZ,20170417,29.5831,29.5831,27.1476,27.3461,29.914,-2.5679000000000016,-8.5843,8446.03,36034.966
300540.SZ,20170414,30.9729,30.9729,29.775,29.914,30.9729,-1.0588999999999977,-3.4188,5359.0,24570.276
300540.SZ,20170413,30.6353,31.4361,30.4434,30.9729,30.9398,0.033099999999997465,0.107,5790.0,27151.118
300540.SZ,20170412,31.595,31.595,30.4434,30.9398,31.6016,-0.6617999999999995,-2.0942,8251.0,38655.743
300540.SZ,20170411,31.2574,31.8332,31.1582,31.6016,31.767,-0.16539999999999822,-0.5207,8830.01,42003.416
300540.SZ,20170410,32.5281,32.5281,30.4434,31.767,32.5546,-0.7876000000000012,-2.4193,19917.01,94059.538
300540.SZ,20170407,32.9054,33.0245,31.7406,32.5546,32.9054,-0.35079999999999956,-1.0661,15443.2,75467.13
300540.SZ,20170406,32.9451,33.276,32.6274,32.9054,33.1171,-0.21170000000000044,-0.6392,10316.55,51401.362
300540.SZ,20170405,32.3097,33.2694,32.2766,33.1171,32.9385,0.17860000000000298,0.5422,11587.55,57594.699
300540.SZ,20170331,32.1046,33.2296,31.9788,32.9385,32.1641,0.7744,2.4077,11843.26,58476.852
300540.SZ,20170330,34.0503,34.0503,31.767,32.1641,33.9179,-1.7538000000000054,-5.1707,14961.43,73986.725
300540.SZ,20170329,35.182,35.5195,33.7591,33.9179,35.5261,-1.6081999999999965,-4.5268,18056.0,93802.942
300540.SZ,20170328,36.3997,36.5983,35.4864,35.5261,36.9292,-1.403100000000002,-3.7994,18764.9,101754.844
300540.SZ,20170327,39.3779,39.3779,36.9292,36.9292,38.1271,-1.197899999999997,-3.1419,21187.23,119697.792
300540.SZ,20170324,38.7161,39.8478,38.1205,38.1271,39.7088,-1.5816999999999979,-3.9832,29753.95,173512.717
300540.SZ,20170323,39.047,43.6797,37.6506,39.7088,39.7088,0.0,0.0,56854.79,336773.73
300540.SZ,20170322,36.3997,40.0993,35.9034,39.7088,36.4527,3.2560999999999964,8.9324,49574.77,284948.847
300540.SZ,20170321,36.2938,36.9821,35.9034,36.4527,36.2938,0.1589000000000027,0.4378,12811.27,70485.271
300540.SZ,20170320,35.4666,36.3733,35.0165,36.2938,35.7313,0.5625,1.5743,14135.86,76562.31
300540.SZ,20170317,35.7313,36.6446,35.46,35.7313,35.7909,-0.059600000000003206,-0.1665,20269.77,110019.308
300540.SZ,20170316,34.8445,35.9232,34.679,35.7909,34.8445,0.9464000000000041,2.7161,17511.7,93983.119
300540.SZ,20170315,34.7452,35.4467,34.5599,34.8445,35.0099,-0.16540000000000532,-0.4724,16838.26,88949.984
300540.SZ,20170314,34.0437,35.2019,34.0437,35.0099,34.2025,0.8074000000000012,2.3606,22504.32,117372.475
300540.SZ,20170313,33.4878,34.4143,32.8259,34.2025,33.3752,0.827300000000001,2.4788,18089.91,92462.335
300540.SZ,20170310,33.0907,33.726,32.7929,33.3752,33.1568,0.2184000000000026,0.6587,9592.0,48368.349
300540.SZ,20170309,33.7392,33.7392,32.7995,33.1568,33.7922,-0.6354000000000042,-1.8803,7589.81,38033.015
300540.SZ,20170308,34.0834,34.2819,33.5738,33.7922,34.09,-0.2978000000000023,-0.8736,8841.82,45262.033
300540.SZ,20170307,33.6069,34.2158,33.0973,34.09,33.6201,0.46990000000000265,1.3977,12986.69,66187.413
300540.SZ,20170306,33.0311,33.8054,33.0245,33.6201,33.2561,0.3639999999999972,1.0945,10822.35,54821.49
300540.SZ,20170303,33.0907,33.3157,32.6406,33.2561,33.2892,-0.033099999999997465,-0.0994,6504.66,32421.869
300540.SZ,20170302,33.5275,33.5341,32.9054,33.2892,33.5539,-0.2646999999999977,-0.7889,7093.99,35603.013
300540.SZ,20170301,33.4216,33.6863,32.4289,33.5539,33.5208,0.033099999999997465,0.0987,11255.95,56518.785
300540.SZ,20170228,32.5215,33.8848,32.0979,33.5208,32.5281,0.9926999999999992,3.0518,10725.38,53222.578
300540.SZ,20170227,32.6936,33.0245,32.2038,32.5281,33.0179,-0.48979999999999535,-1.4834,10129.72,49722.205
300540.SZ,20170224,32.7333,33.2958,32.4289,33.0179,32.7664,0.25150000000000006,0.7676,10851.99,54138.847
300540.SZ,20170223,32.0318,33.4216,31.5156,32.7664,31.8862,0.8801999999999985,2.7604,19367.76,95131.223
300540.SZ,20170222,31.4361,31.8862,31.0258,31.8862,31.3964,0.4897999999999989,1.5601,12720.24,60448.878
300540.SZ,20170221,31.0258,31.5354,30.7743,31.3964,30.9001,0.4963000000000015,1.6061,12394.71,58464.878
300540.SZ,20170220,31.1846,31.4361,30.3772,30.9001,31.4891,-0.5890000000000022,-1.8705,9708.16,45192.308
300540.SZ,20170217,31.37,32.0318,31.2442,31.4891,31.5685,-0.07939999999999969,-0.2515,10274.96,49014.301
300540.SZ,20170216,31.5553,31.7009,30.6486,31.5685,31.5553,0.01320000000000121,0.0418,13155.78,62042.593
300540.SZ,20170215,31.7472,32.3825,31.3832,31.5553,31.6942,-0.13889999999999958,-0.4383,14440.86,69601.156
300540.SZ,20170214,31.5553,31.8068,31.3435,31.6942,31.6545,0.039699999999999847,0.1254,8028.61,38367.976
300540.SZ,20170213,30.642,31.7538,30.642,31.6545,30.9133,0.7411999999999992,2.3977,10437.13,49565.766
300540.SZ,20170210,31.7604,31.82,30.9067,30.9133,31.8001,-0.8868000000000009,-2.7887,9730.03,46021.369
300540.SZ,20170209,31.092,32.0582,30.8405,31.8001,31.1979,0.6021999999999998,1.9303,14447.2,69275.077
300540.SZ,20170208,30.5162,31.3369,30.0331,31.1979,30.6618,0.5361000000000011,1.7484,10718.43,49828.605
300540.SZ,20170207,30.9795,31.0721,30.3772,30.6618,30.9795,-0.3177000000000021,-1.0255,6565.42,30463.238
300540.SZ,20170206,30.1853,31.0854,30.1853,30.9795,30.1787,0.8008000000000024,2.6535,9912.0,46010.387
300540.SZ,20170203,31.1052,31.1052,29.9206,30.1787,30.9199,-0.7411999999999992,-2.3972,5446.87,24976.266
300540.SZ,20170126,30.7876,31.0986,30.7081,30.9199,30.7743,0.14559999999999818,0.4731,4549.2,21228.801
300540.SZ,20170125,30.0463,30.8206,29.8875,30.7743,30.2978,0.4765000000000015,1.5727,5612.65,25966.124
300540.SZ,20170124,30.4765,30.8008,30.1787,30.2978,30.4567,-0.1589000000000027,-0.5217,5438.33,25016.303
300540.SZ,20170123,30.3111,32.2237,30.1125,30.4567,30.2912,0.16550000000000153,0.5464,8595.25,40178.376
300540.SZ,20170120,29.1066,30.7677,28.6234,30.2912,29.7551,0.5361000000000011,1.8017,12747.68,57844.273
300540.SZ,20170119,29.5897,30.4302,28.5374,29.7551,29.7088,0.046299999999998676,0.1558,9351.54,42163.836
300540.SZ,20170118,30.5295,30.5295,29.6095,29.7088,30.8008,-1.0919999999999987,-3.5454,7429.89,33566.254
300540.SZ,20170117,29.6625,31.0192,28.1469,30.8008,29.6625,1.1382999999999974,3.8375,12589.21,57028.901
300540.SZ,20170116,32.2171,32.2303,29.133,29.6625,32.3693,-2.706800000000001,-8.3622,12702.35,58553.408
300540.SZ,20170113,33.4679,33.8848,32.1641,32.3693,33.5142,-1.1448999999999998,-3.4162,8753.0,43423.907
300540.SZ,20170112,33.8054,34.3283,33.3554,33.5142,33.4745,0.0397000000000034,0.1186,6295.0,32194.991
300540.SZ,20170111,34.7452,34.904,33.4348,33.4745,34.8842,-1.4097000000000008,-4.0411,8846.0,45752.859
300540.SZ,20170110,34.8709,35.4533,34.7651,34.8842,34.8643,0.019899999999999807,0.0571,5880.0,31168.537
300540.SZ,20170109,35.2813,35.4997,34.5467,34.8643,35.5261,-0.6617999999999995,-1.8629,7771.0,41007.057
300540.SZ,20170106,37.227,37.3263,35.407,35.5261,37.2402,-1.714100000000002,-4.6028,11524.73,62995.874
300540.SZ,20170105,38.0344,38.0344,37.0682,37.2402,37.8888,-0.6486000000000018,-1.7119,5961.0,33830.389
300540.SZ,20170104,37.591,38.0807,37.5314,37.8888,37.6439,0.24490000000000123,0.6506,6886.25,39387.635
300540.SZ,20170103,37.0086,37.9087,37.0086,37.6439,37.0285,0.6154000000000011,1.662,6660.33,37782.226
300540.SZ,20161230,37.4586,37.6307,36.9093,37.0285,37.3263,-0.2978000000000023,-0.7978,5451.86,30611.806
300540.SZ,20161229,37.1145,37.6506,37.0946,37.3263,37.2932,0.03310000000000457,0.0888,4247.0,23985.03
300540.SZ,20161228,37.869,37.9881,37.1013,37.2932,37.8293,-0.5361000000000047,-1.4172,4740.0,26914.588
300540.SZ,20161227,37.8028,38.18,37.6969,37.8293,37.816,0.013300000000000978,0.0352,5481.06,31394.342
300540.SZ,20161226,37.1211,38.0079,36.1747,37.816,37.6572,0.15879999999999939,0.4217,9295.0,51885.216
300540.SZ,20161223,39.2058,39.2654,37.4586,37.6572,39.5103,-1.8530999999999977,-4.6902,11999.18,69329.699
300540.SZ,20161222,38.7889,39.8544,38.3124,39.5103,38.7889,0.7214000000000027,1.8598,13082.87,77413.473
300540.SZ,20161221,38.2528,38.7889,38.1006,38.7889,38.1602,0.6286999999999949,1.6475,9402.66,54667.978
300540.SZ,20161220,38.2528,38.4977,37.8557,38.1602,38.2528,-0.09259999999999735,-0.2421,5914.28,34140.035
300540.SZ,20161219,38.5308,38.8352,37.8094,38.2528,38.4249,-0.17210000000000036,-0.4479,6266.06,36149.431
300540.SZ,20161216,38.041,38.458,37.7631,38.4249,38.0344,0.39050000000000296,1.0267,8404.14,48575.624
300540.SZ,20161215,37.4255,38.7558,37.4255,38.0344,37.3925,0.6418999999999997,1.7167,11579.07,66734.876
300540.SZ,20161214,38.4315,38.7426,37.2336,37.3925,38.4315,-1.0390000000000015,-2.7035,9961.53,57038.086
300540.SZ,20161213,38.0146,38.8484,37.0682,38.4315,38.1866,0.24490000000000123,0.6413,13269.26,76389.2
300540.SZ,20161212,42.4619,42.6671,38.1866,38.1866,42.4289,-4.2423,-9.9986,21221.08,127620.998
300540.SZ,20161209,43.2826,43.415,42.2568,42.4289,43.3223,-0.8933999999999997,-2.0622,10748.73,69382.308
300540.SZ,20161208,44.0106,44.143,43.223,43.3223,43.8848,-0.5625,-1.2818,9644.15,63571.719
300540.SZ,20161207,43.8054,44.1099,42.8259,43.8848,43.7128,0.17199999999999704,0.3935,10195.87,66892.729
300540.SZ,20161206,43.8981,44.3415,43.5606,43.7128,43.6929,0.019899999999999807,0.0455,8893.73,59169.128
300540.SZ,20161205,43.6598,44.3415,42.9914,43.6929,43.9113,-0.2183999999999955,-0.4974,9886.0,65408.128
300540.SZ,20161202,46.6645,47.2402,43.8981,43.9113,46.8365,-2.925200000000004,-6.2456,21363.27,145788.034
300540.SZ,20161201,46.413,47.4586,46.3336,46.8365,46.3931,0.443400000000004,0.9557,11498.4,81293.531
300540.SZ,20161130,46.0093,46.8498,45.7379,46.3931,46.1946,0.19849999999999568,0.4297,12661.42,88618.407
300540.SZ,20161129,47.1013,47.7829,46.0953,46.1946,47.1211,-0.9264999999999972,-1.9662,15962.8,112917.441
300540.SZ,20161128,49.1066,49.4705,46.9887,47.1211,49.4705,-2.349400000000003,-4.7491,22368.81,162119.694
300540.SZ,20161125,48.5109,49.7551,46.3468,49.4705,48.8815,0.5889999999999986,1.205,28972.48,211267.864
300540.SZ,20161124,48.9742,50.4434,48.6764,48.8815,49.2455,-0.3639999999999972,-0.7392,22078.02,164908.602
300540.SZ,20161123,49.6691,50.8074,48.8021,49.2455,50.2912,-1.0457000000000036,-2.0793,30386.39,228010.351
300540.SZ,20161122,49.6294,51.4758,49.5103,50.2912,48.7293,1.5619000000000014,3.2053,46003.4,350024.157
300540.SZ,20161121,46.7902,48.769,46.6181,48.7293,46.6777,2.0516000000000005,4.3952,28530.9,206609.148
300540.SZ,20161118,46.4196,47.7829,46.3269,46.6777,45.8372,0.8404999999999987,1.8337,21303.38,151603.555
300540.SZ,20161117,46.8498,46.8498,45.5659,45.8372,46.8564,-1.0191999999999979,-2.1752,16502.04,115034.327
300540.SZ,20161116,49.3977,49.4176,46.8564,46.8564,49.4375,-2.5810999999999993,-5.2209,27767.62,201083.259
300540.SZ,20161115,49.0205,49.7551,48.1271,49.4375,49.0205,0.4170000000000016,0.8507,20959.13,155018.992
300540.SZ,20161114,49.1132,49.5698,47.9815,49.0205,49.5169,-0.4964000000000013,-1.0025,28542.28,210367.226
300540.SZ,20161111,51.1582,52.4421,49.4308,49.5169,51.1516,-1.6347000000000023,-3.1958,42019.32,320718.73
300540.SZ,20161110,49.636,52.912,48.9742,51.1516,49.5963,1.5553000000000026,3.1359,49716.02,381643.429
300540.SZ,20161109,47.3527,50.6287,46.863,49.5963,47.7498,1.846499999999999,3.867,48063.59,353231.753
300540.SZ,20161108,47.0946,48.1138,46.6578,47.7498,46.7968,0.953000000000003,2.0365,27924.2,200308.696
300540.SZ,20161107,47.1873,47.9749,46.3336,46.7968,47.1145,-0.3177000000000021,-0.6743,29741.56,211521.437
300540.SZ,20161104,44.7386,48.1469,44.7386,47.1145,44.9107,2.203800000000001,4.9071,45583.42,320798.202
300540.SZ,20161103,45.1357,45.996,44.5864,44.9107,45.268,-0.35730000000000217,-0.7893,31089.99,212629.909
300540.SZ,20161102,44.4474,45.996,44.1297,45.268,44.4341,0.8338999999999999,1.8767,30227.19,206221.968
300540.SZ,20161101,43.4216,44.8709,43.4216,44.4341,43.415,1.0191000000000017,2.3473,19417.73,130132.817
300540.SZ,20161031,44.679,44.679,43.0245,43.415,45.0695,-1.6544999999999987,-3.671,21221.0,139913.668
300540.SZ,20161028,46.1218,46.5189,44.9305,45.0695,46.4527,-1.3832000000000022,-2.9777,32266.95,222494.5504
300540.SZ,20161027,45.1423,46.6578,44.6989,46.4527,45.1489,1.3038000000000025,2.8878,38663.11,268472.616
300540.SZ,20161026,44.3415,45.4004,44.0304,45.1489,44.54,0.6088999999999984,1.3671,29074.68,196133.1767
300540.SZ,20161025,43.2495,46.1946,43.2495,44.54,43.3554,1.184599999999996,2.7323,40621.53,275473.7408
300540.SZ,20161024,43.0708,43.7392,42.687,43.3554,43.0576,0.2978000000000023,0.6916,18585.74,121611.3103
300540.SZ,20161021,42.4752,43.2694,41.9126,43.0576,42.7929,0.2646999999999977,0.6186,21581.28,139226.5267
300540.SZ,20161020,44.1032,44.2091,42.6936,42.7929,44.0702,-1.2772999999999968,-2.8983,27824.16,181388.7203
300540.SZ,20161019,44.6195,44.6195,43.448,44.0702,44.54,-0.46979999999999933,-1.0548,35959.25,239111.6668
300540.SZ,20161018,43.4083,44.6062,43.3885,44.54,43.6731,0.8669000000000011,1.985,26812.39,179332.502
300540.SZ,20161017,43.4811,44.4739,42.7664,43.6731,43.3289,0.3442000000000007,0.7944,25090.65,165599.9711
300540.SZ,20161014,43.415,43.8782,42.8061,43.3289,43.6995,-0.37060000000000315,-0.8481,16128.12,105548.1553
300540.SZ,20161013,44.3283,44.8048,43.5473,43.6995,44.2952,-0.5957000000000008,-1.3448,22377.57,149005.6279
300540.SZ,20161012,43.3488,44.6724,43.0907,44.2952,43.7988,0.4964000000000013,1.1334,26888.59,179258.2881
300540.SZ,20161011,43.5407,44.3084,43.0841,43.7988,43.362,0.4367999999999981,1.0073,24518.44,161955.9546
300540.SZ,20161010,41.6942,43.9643,41.5619,43.362,41.2707,2.091300000000004,5.0673,27156.02,176496.8956
300540.SZ,20160930,42.1575,42.2833,41.039,41.2707,42.4355,-1.1647999999999996,-2.7449,19062.69,119897.9889
300540.SZ,20160929,41.7604,43.1502,41.6942,42.4355,41.6479,0.7875999999999976,1.8911,21849.2,140228.0092
300540.SZ,20160928,42.8855,43.2032,41.0324,41.6479,43.2032,-1.5553000000000026,-3.6,19905.95,127108.1271
300540.SZ,20160927,42.0516,43.2429,41.9126,43.2032,42.0781,1.1251000000000033,2.6738,22161.26,142292.1848
300540.SZ,20160926,44.1893,44.2091,42.0251,42.0781,44.4805,-2.4024,-5.401,29918.29,194594.4944
300540.SZ,20160923,45.0099,47.6307,44.4739,44.4805,45.2813,-0.8008000000000024,-1.7685,26018.96,178558.3361
300540.SZ,20160922,46.7836,46.8564,44.8709,45.2813,46.2806,-0.9992999999999981,-2.1592,33379.84,230166.4042
300540.SZ,20160921,47.5182,47.6506,46.1284,46.2806,48.4447,-2.1640999999999977,-4.4672,38866.1,274807.6191
300540.SZ,20160920,50.9596,50.9596,48.18,48.4447,51.2508,-2.8061000000000007,-5.4752,50328.68,373143.822
300540.SZ,20160919,49.3713,52.7929,48.9742,51.2508,48.4116,2.839199999999998,5.8647,65037.67,499677.8691
300540.SZ,20160914,47.7167,50.0199,47.5976,48.4116,48.8154,-0.40379999999999683,-0.8272,48854.51,361806.6328
300540.SZ,20160913,50.953,51.5685,47.5248,48.8154,50.0993,-1.2839000000000027,-2.5627,64656.18,480687.2699
300540.SZ,20160912,49.636,53.8716,49.6294,50.0993,54.818,-4.718699999999998,-8.6079,84259.72,650235.2244
300540.SZ,20160909,54.818,54.818,54.818,54.818,49.8345,4.983499999999999,10.0001,3465.43,28704.1567
300540.SZ,20160908,49.8345,49.8345,49.8345,49.8345,45.3011,4.5334,10.0073,752.76,5668.2828
300540.SZ,20160907,45.3011,45.3011,45.3011,45.3011,41.1846,4.116499999999995,9.9952,364.0,2491.58
300540.SZ,20160906,41.1846,41.1846,41.1846,41.1846,37.4388,3.7458000000000027,10.0051,138.0,858.774
300540.SZ,20160905,37.4388,37.4388,37.4388,37.4388,34.0371,3.401699999999998,9.9941,134.0,758.038
300540.SZ,20160902,34.0371,34.0371,34.0371,34.0371,30.9398,3.0973000000000006,10.0107,163.0,838.309
300540.SZ,20160901,30.9398,30.9398,30.9398,30.9398,28.1271,2.812700000000003,10.0,88.06,411.6805
300540.SZ,20160831,28.1271,28.1271,28.1271,28.1271,25.5725,2.554599999999997,9.9896,70.0,297.5
300540.SZ,20160830,25.5725,25.5725,25.5725,25.5725,23.2495,2.3230000000000004,9.9916,95.0,367.08
300540.SZ,20160829,23.2495,23.2495,23.2495,23.2495,21.1383,2.1112,9.9876,42.0,147.546
300540.SZ,20160826,21.1383,21.1383,21.1383,21.1383,19.2191,1.9192,9.9859,52.0,166.088
300540.SZ,20160825,19.2191,19.2191,19.2191,19.2191,17.4719,1.7471999999999994,10.0001,24.0,69.696
300540.SZ,20160824,17.4719,17.4719,17.4719,17.4719,15.8835,1.5884000000000018,10.0003,31.0,81.84
300540.SZ,20160823,14.5599,15.8835,14.5599,15.8835,11.0324,4.851099999999999,43.9714,53.0,126.2
