ts_code,trade_date,open,high,low,close,pre_close,change,pct_chg,vol,amount
300707.SZ,20230316,15.71,15.89,15.44,15.46,15.75,-0.28999999999999915,-1.8413,29089.0,45442.773
300707.SZ,20230315,15.8,16.16,15.68,15.75,15.65,0.09999999999999964,0.639,41607.0,66219.065
300707.SZ,20230314,16.0,16.14,15.23,15.65,16.0,-0.34999999999999964,-2.1875,37388.13,58367.788
300707.SZ,20230313,16.12,16.34,15.85,16.0,16.25,-0.25,-1.5385,42568.1,68223.167
300707.SZ,20230310,16.72,16.79,16.19,16.25,16.86,-0.6099999999999994,-3.618,40305.71,66089.924
300707.SZ,20230309,17.0,17.03,16.75,16.86,16.98,-0.120000000000001,-0.7067,23581.0,39744.596
300707.SZ,20230308,16.83,17.01,16.75,16.98,16.9,0.08000000000000185,0.4734,32297.0,54621.244
300707.SZ,20230307,17.37,17.38,16.86,16.9,17.38,-0.4800000000000004,-2.7618,34942.0,59581.559
300707.SZ,20230306,17.71,17.74,17.27,17.38,17.73,-0.3500000000000014,-1.9741,35350.0,61646.357
300707.SZ,20230303,18.11,18.29,17.49,17.73,18.03,-0.3000000000000007,-1.6639,56553.92,100792.294
300707.SZ,20230302,19.19,19.19,17.9,18.03,19.11,-1.0799999999999983,-5.6515,62024.0,113819.139
300707.SZ,20230301,19.27,19.35,18.79,19.11,19.2,-0.08999999999999986,-0.4687,30070.0,57074.682
300707.SZ,20230228,19.08,19.4,18.8,19.2,19.18,0.019999999999999574,0.1043,29155.0,55523.885
300707.SZ,20230227,19.23,19.41,18.85,19.18,19.41,-0.23000000000000043,-1.185,26251.0,50457.695
300707.SZ,20230224,20.0,20.0,19.31,19.41,20.0,-0.5899999999999999,-2.95,36332.0,71028.836
300707.SZ,20230223,20.11,20.4,19.9,20.0,20.14,-0.14000000000000057,-0.6951,30772.0,61962.22
300707.SZ,20230222,20.48,20.73,20.0,20.14,20.4,-0.259999999999998,-1.2745,23593.0,47990.799
300707.SZ,20230221,20.35,20.8,20.13,20.4,20.2,0.1999999999999993,0.9901,52381.47,107195.558
300707.SZ,20230220,20.2,20.44,19.62,20.2,20.29,-0.08999999999999986,-0.4436,55238.29,110123.439
300707.SZ,20230217,20.05,20.96,19.94,20.29,20.22,0.07000000000000028,0.3462,48458.21,99479.311
300707.SZ,20230216,21.28,21.48,20.0,20.22,21.38,-1.1600000000000001,-5.4256,92801.22,192133.089
300707.SZ,20230215,21.67,22.28,21.26,21.38,21.5,-0.120000000000001,-0.5581,72051.91,156222.794
300707.SZ,20230214,21.7,22.09,20.96,21.5,21.65,-0.14999999999999858,-0.6928,88557.68,189486.874
300707.SZ,20230213,20.8,21.88,20.53,21.65,20.9,0.75,3.5885,76855.09,164070.614
300707.SZ,20230210,21.26,21.35,20.36,20.9,21.36,-0.46000000000000085,-2.1536,83631.3,174076.505
300707.SZ,20230209,21.01,21.7,20.7,21.36,20.83,0.5300000000000011,2.5444,149880.88,318968.789
300707.SZ,20230208,19.6,21.08,19.4,20.83,19.24,1.5899999999999999,8.264,150048.88,304379.712
300707.SZ,20230207,18.08,19.3,17.98,19.24,17.72,1.5199999999999996,8.5779,121652.0,228821.925
300707.SZ,20230206,18.2,18.85,17.6,17.72,18.0,-0.28000000000000114,-1.5556,101937.38,186202.659
300707.SZ,20230203,17.85,18.05,17.3,18.0,17.84,0.16000000000000014,0.8969,61294.69,108514.97
300707.SZ,20230202,17.83,18.12,17.52,17.84,17.83,0.010000000000001563,0.0561,45950.07,82044.585
300707.SZ,20230201,17.85,17.85,17.53,17.83,17.84,-0.010000000000001563,-0.0561,59149.37,104675.511
300707.SZ,20230131,17.34,18.17,17.2,17.84,17.26,0.5799999999999983,3.3604,82804.15,146020.178
300707.SZ,20230130,17.25,17.68,16.72,17.26,16.22,1.0400000000000027,6.4118,81727.96,140109.343
300707.SZ,20230120,16.09,16.32,16.05,16.22,15.99,0.22999999999999865,1.4384,19983.9,32374.84
300707.SZ,20230119,16.12,16.23,15.95,15.99,16.15,-0.15999999999999837,-0.9907,18330.0,29425.501
300707.SZ,20230118,16.13,16.31,16.05,16.15,16.09,0.05999999999999872,0.3729,14822.08,24006.983
300707.SZ,20230117,16.21,16.62,16.05,16.09,16.16,-0.07000000000000028,-0.4332,24689.82,40220.111
300707.SZ,20230116,15.98,16.29,15.75,16.16,15.99,0.16999999999999993,1.0632,24541.0,39428.442
300707.SZ,20230113,15.99,16.17,15.79,15.99,15.76,0.23000000000000043,1.4594,23788.69,37998.127
300707.SZ,20230112,15.62,16.04,15.62,15.76,15.62,0.14000000000000057,0.8963,21056.0,33390.371
300707.SZ,20230111,15.91,15.97,15.6,15.62,15.88,-0.26000000000000156,-1.6373,18994.74,29931.631
300707.SZ,20230110,15.92,15.98,15.67,15.88,15.9,-0.019999999999999574,-0.1258,24642.43,39004.218
300707.SZ,20230109,15.95,16.14,15.72,15.9,15.86,0.040000000000000924,0.2522,26079.0,41559.07
300707.SZ,20230106,15.92,16.13,15.7,15.86,15.86,0.0,0.0,34118.0,54221.719
300707.SZ,20230105,15.54,16.06,15.54,15.86,15.54,0.3200000000000003,2.0592,30320.0,48109.261
300707.SZ,20230104,15.83,15.9,15.49,15.54,15.7,-0.16000000000000014,-1.0191,19550.45,30568.623
300707.SZ,20230103,15.34,15.74,15.15,15.7,15.44,0.2599999999999998,1.6839,28341.82,43750.658
300707.SZ,20221230,15.24,15.69,15.05,15.44,15.03,0.41000000000000014,2.7279,34118.0,52796.222
300707.SZ,20221229,14.91,15.29,14.91,15.03,15.01,0.019999999999999574,0.1332,10750.0,16210.857
300707.SZ,20221228,15.2,15.32,14.95,15.01,15.33,-0.3200000000000003,-2.0874,16518.0,24865.878
300707.SZ,20221227,14.85,15.43,14.7,15.33,14.85,0.4800000000000004,3.2323,30284.0,45713.793
300707.SZ,20221226,14.0,14.9,14.0,14.85,14.24,0.6099999999999994,4.2837,23024.0,33842.096
300707.SZ,20221223,14.36,14.56,14.11,14.24,14.37,-0.129999999999999,-0.9047,20479.13,29167.971
300707.SZ,20221222,14.95,14.98,14.36,14.37,14.82,-0.45000000000000107,-3.0364,15713.0,22951.247
300707.SZ,20221221,15.26,15.3,14.72,14.82,15.26,-0.4399999999999995,-2.8834,15502.0,23111.015
300707.SZ,20221220,15.06,15.37,14.9,15.26,14.96,0.29999999999999893,2.0053,17574.24,26681.099
300707.SZ,20221219,15.01,15.45,14.9,14.96,15.15,-0.1899999999999995,-1.2541,19321.24,29322.124
300707.SZ,20221216,15.86,15.94,15.15,15.15,15.92,-0.7699999999999996,-4.8367,30834.0,47494.189
300707.SZ,20221215,15.3,15.94,15.22,15.92,15.29,0.6300000000000008,4.1203,36027.94,56390.571
300707.SZ,20221214,15.7,15.78,15.26,15.29,15.7,-0.41000000000000014,-2.6115,25210.0,39050.517
300707.SZ,20221213,15.82,16.12,15.68,15.7,15.79,-0.08999999999999986,-0.57,25141.13,40025.61
300707.SZ,20221212,15.75,15.87,15.45,15.79,15.75,0.03999999999999915,0.254,21067.17,33059.982
300707.SZ,20221209,16.11,16.11,15.7,15.75,16.02,-0.2699999999999996,-1.6854,26217.15,41397.999
300707.SZ,20221208,16.16,16.34,15.95,16.02,16.17,-0.15000000000000213,-0.9276,34100.25,54907.163
300707.SZ,20221207,15.73,16.2,15.7,16.17,15.84,0.33000000000000185,2.0833,42440.86,68095.041
300707.SZ,20221206,15.71,15.93,15.44,15.84,15.74,0.09999999999999964,0.6353,37743.69,59385.661
300707.SZ,20221205,15.86,16.07,15.66,15.74,15.81,-0.07000000000000028,-0.4428,31620.0,49906.018
300707.SZ,20221202,15.89,15.93,15.65,15.81,15.84,-0.02999999999999936,-0.1894,27188.87,42984.357
300707.SZ,20221201,16.0,16.35,15.73,15.84,15.78,0.0600000000000005,0.3802,37615.69,60019.281
300707.SZ,20221130,15.93,16.18,15.67,15.78,15.88,-0.10000000000000142,-0.6297,38581.84,61397.076
300707.SZ,20221129,15.56,15.95,15.56,15.88,15.65,0.23000000000000043,1.4696,17929.04,28407.655
300707.SZ,20221128,15.79,15.97,15.52,15.65,15.95,-0.29999999999999893,-1.8809,28000.0,43901.927
300707.SZ,20221125,16.46,16.54,15.85,15.95,16.6,-0.6500000000000021,-3.9157,39768.58,63858.963
300707.SZ,20221124,16.79,16.87,16.5,16.6,16.7,-0.09999999999999787,-0.5988,18211.77,30288.508
300707.SZ,20221123,16.6,16.84,16.1,16.7,16.6,0.09999999999999787,0.6024,30648.0,50523.077
300707.SZ,20221122,17.33,17.38,16.51,16.6,17.37,-0.7699999999999996,-4.4329,34150.0,57480.288
300707.SZ,20221121,16.93,17.43,16.7,17.37,16.99,0.38000000000000256,2.2366,33708.01,57579.991
300707.SZ,20221118,17.1,17.42,16.9,16.99,17.14,-0.15000000000000213,-0.8751,31327.57,53817.229
300707.SZ,20221117,17.6,17.6,16.9,17.14,17.64,-0.5,-2.8345,33218.0,57034.41
300707.SZ,20221116,17.75,18.15,17.43,17.64,18.02,-0.379999999999999,-2.1088,32066.5,56804.907
300707.SZ,20221115,17.18,18.13,17.08,18.02,17.22,0.8000000000000007,4.6458,39349.37,69523.486
300707.SZ,20221114,17.63,17.89,17.2,17.22,17.62,-0.40000000000000213,-2.2701,31054.23,54385.8
300707.SZ,20221111,18.5,18.56,17.49,17.62,18.02,-0.3999999999999986,-2.2198,36456.23,65477.498
300707.SZ,20221110,18.3,18.43,17.89,18.02,18.45,-0.4299999999999997,-2.3306,27408.23,49676.74
300707.SZ,20221109,18.76,18.95,18.4,18.45,18.73,-0.28000000000000114,-1.4949,24868.31,46322.357
300707.SZ,20221108,18.7,18.98,18.4,18.73,18.85,-0.120000000000001,-0.6366,31825.0,59485.996
300707.SZ,20221107,19.3,19.59,18.69,18.85,19.75,-0.8999999999999986,-4.557,64582.58,122558.785
300707.SZ,20221104,19.19,19.96,19.02,19.75,19.17,0.5799999999999983,3.0256,76872.32,150291.149
300707.SZ,20221103,18.84,19.3,18.66,19.17,18.84,0.33000000000000185,1.7516,51961.33,98780.587
300707.SZ,20221102,18.14,19.1,17.9,18.84,18.26,0.5799999999999983,3.1763,70314.7,130770.983
300707.SZ,20221101,16.87,18.26,16.87,18.26,17.05,1.2100000000000009,7.0968,53269.27,95039.468
300707.SZ,20221031,16.37,17.21,16.2,17.05,16.48,0.5700000000000003,3.4587,49169.87,82660.674
300707.SZ,20221028,17.9,18.07,16.36,16.48,17.95,-1.4699999999999989,-8.1894,70965.67,120194.515
300707.SZ,20221027,18.15,18.63,17.89,17.95,18.24,-0.28999999999999915,-1.5899,65383.63,119345.201
300707.SZ,20221026,17.78,18.77,17.47,18.24,17.66,0.5799999999999983,3.2843,68443.44,123514.077
300707.SZ,20221025,16.81,17.68,16.32,17.66,16.95,0.7100000000000009,4.1888,42701.58,73326.114
300707.SZ,20221024,17.07,17.57,16.85,16.95,16.86,0.08999999999999986,0.5338,31815.59,54854.169
300707.SZ,20221021,17.26,17.26,16.67,16.86,17.26,-0.40000000000000213,-2.3175,28181.15,47706.326
300707.SZ,20221020,17.69,17.77,16.77,17.26,17.73,-0.46999999999999886,-2.6509,33135.55,56722.698
300707.SZ,20221019,17.45,18.36,17.4,17.73,17.59,0.14000000000000057,0.7959,29642.0,53050.09
300707.SZ,20221018,17.66,18.08,17.4,17.59,17.58,0.010000000000001563,0.0569,26207.96,46395.534
300707.SZ,20221017,17.48,17.77,17.29,17.58,17.71,-0.13000000000000256,-0.734,21646.0,37897.896
300707.SZ,20221014,17.27,17.74,17.15,17.71,17.16,0.5500000000000007,3.2051,24586.96,42899.04
300707.SZ,20221013,16.98,17.78,16.88,17.16,16.98,0.17999999999999972,1.0601,24743.34,42902.695
300707.SZ,20221012,16.2,17.01,15.8,16.98,16.19,0.7899999999999991,4.8796,26528.76,43435.241
300707.SZ,20221011,15.78,16.34,15.61,16.19,15.83,0.3600000000000012,2.2742,23827.82,38254.598
300707.SZ,20221010,15.91,16.79,15.72,15.83,16.6,-0.7700000000000014,-4.6386,34195.49,55211.756
300707.SZ,20220930,17.83,18.2,16.45,16.6,16.78,-0.17999999999999972,-1.0727,52023.2,88900.478
300707.SZ,20220929,17.15,17.37,16.53,16.78,16.93,-0.14999999999999858,-0.886,25282.0,42687.298
300707.SZ,20220928,17.95,18.1,16.85,16.93,17.89,-0.9600000000000009,-5.3661,22412.56,38708.147
300707.SZ,20220927,17.91,18.36,17.47,17.89,17.78,0.10999999999999943,0.6187,19467.55,34780.028
300707.SZ,20220926,17.45,18.23,17.3,17.78,17.66,0.120000000000001,0.6795,23627.14,42256.523
300707.SZ,20220923,18.55,18.55,17.38,17.66,18.46,-0.8000000000000007,-4.3337,26766.0,47605.954
300707.SZ,20220922,18.49,19.04,18.16,18.46,18.77,-0.3099999999999987,-1.6516,20729.0,38511.502
300707.SZ,20220921,18.73,19.01,18.3,18.77,18.93,-0.16000000000000014,-0.8452,20388.0,38086.274
300707.SZ,20220920,18.05,19.0,18.05,18.93,17.93,1.0,5.5772,29155.77,54574.824
300707.SZ,20220919,18.09,18.74,17.8,17.93,17.95,-0.019999999999999574,-0.1114,22523.82,40906.173
300707.SZ,20220916,18.79,18.98,17.9,17.95,18.77,-0.8200000000000003,-4.3687,47190.0,86067.693
300707.SZ,20220915,20.12,20.25,18.42,18.77,20.14,-1.370000000000001,-6.8024,33206.5,63373.052
300707.SZ,20220914,20.53,20.7,19.57,20.14,20.67,-0.5300000000000011,-2.5641,34275.1,68702.199
300707.SZ,20220913,20.87,21.05,19.75,20.67,20.82,-0.14999999999999858,-0.7205,57326.79,116067.232
300707.SZ,20220909,21.39,21.84,20.41,20.82,21.29,-0.46999999999999886,-2.2076,58076.3,121679.948
300707.SZ,20220908,20.49,21.86,20.05,21.29,20.24,1.0500000000000007,5.1877,90905.26,192913.725
300707.SZ,20220907,19.17,20.68,19.16,20.24,19.26,0.9799999999999969,5.0883,55251.94,111278.723
300707.SZ,20220906,18.55,19.7,18.21,19.26,18.46,0.8000000000000007,4.3337,47492.94,90488.29
300707.SZ,20220905,18.69,19.09,18.26,18.46,18.69,-0.23000000000000043,-1.2306,24543.75,45677.695
300707.SZ,20220902,18.19,18.84,17.83,18.69,18.22,0.4700000000000024,2.5796,34227.17,63076.722
300707.SZ,20220901,19.08,19.15,17.92,18.22,18.88,-0.6600000000000001,-3.4958,45418.2,82963.074
300707.SZ,20220831,20.37,20.49,18.71,18.88,20.44,-1.5600000000000023,-7.6321,66504.05,129582.146
300707.SZ,20220830,21.1,21.34,20.19,20.44,21.14,-0.6999999999999993,-3.3113,27616.68,56743.644
300707.SZ,20220829,20.81,21.36,20.39,21.14,21.02,0.120000000000001,0.5709,22605.95,47658.776
300707.SZ,20220826,21.99,22.13,20.91,21.02,21.85,-0.8300000000000018,-3.7986,30925.0,65923.952
300707.SZ,20220825,22.36,22.72,21.59,21.85,22.15,-0.29999999999999716,-1.3544,31853.0,70253.122
300707.SZ,20220824,23.29,23.6,21.53,22.15,23.19,-1.0400000000000027,-4.4847,59415.69,132524.013
300707.SZ,20220823,23.12,24.18,22.98,23.19,23.38,-0.18999999999999773,-0.8127,45852.73,107550.046
300707.SZ,20220822,24.03,24.53,23.0,23.38,23.94,-0.5600000000000023,-2.3392,63690.1,149679.446
300707.SZ,20220819,25.13,26.07,23.85,23.94,25.12,-1.1799999999999997,-4.6975,51280.55,126168.17
300707.SZ,20220818,25.69,25.88,25.0,25.12,26.09,-0.9699999999999989,-3.7179,48812.5,123827.309
300707.SZ,20220817,24.88,26.36,24.51,26.09,24.75,1.3399999999999999,5.4141,71596.75,184564.908
300707.SZ,20220816,24.27,25.48,23.71,24.75,24.15,0.6000000000000014,2.4845,73261.55,182717.212
300707.SZ,20220815,24.01,24.45,23.1,24.15,24.0,0.14999999999999858,0.625,47943.73,114888.116
300707.SZ,20220812,24.05,25.43,23.72,24.0,24.03,-0.030000000000001137,-0.1248,72224.16,176718.066
300707.SZ,20220811,24.8,24.8,23.48,24.03,24.6,-0.5700000000000003,-2.3171,56712.06,135981.038
300707.SZ,20220810,24.93,25.04,23.83,24.6,24.93,-0.3299999999999983,-1.3237,80318.98,196207.17
300707.SZ,20220809,26.32,26.35,24.76,24.93,26.05,-1.120000000000001,-4.2994,62717.77,158941.737
300707.SZ,20220808,24.97,26.6,24.22,26.05,24.5,1.5500000000000007,6.3265,86350.74,222516.049
300707.SZ,20220805,25.77,26.15,24.17,24.5,25.95,-1.4499999999999993,-5.5877,74863.0,186832.903
300707.SZ,20220804,25.64,26.47,24.57,25.95,25.51,0.4399999999999977,1.7248,106876.89,272630.898
300707.SZ,20220803,26.9,26.99,25.46,25.51,27.05,-1.5399999999999991,-5.6932,122661.26,319500.393
300707.SZ,20220802,25.42,27.5,25.39,27.05,26.41,0.6400000000000006,2.4233,170534.58,454198.25
300707.SZ,20220801,23.6,27.5,23.6,26.41,23.9,2.5100000000000016,10.5021,212368.23,547428.412
300707.SZ,20220729,22.66,24.5,22.66,23.9,23.5,0.3999999999999986,1.7021,154100.38,366712.559
300707.SZ,20220728,22.0,24.5,21.21,23.5,21.52,1.9800000000000004,9.2007,220893.81,507968.766
300707.SZ,20220727,19.22,21.89,19.0,21.52,19.09,2.4299999999999997,12.7292,176447.34,369786.05
300707.SZ,20220726,19.37,19.41,17.98,19.09,19.33,-0.23999999999999844,-1.2416,76236.71,143011.902
300707.SZ,20220725,18.7,19.96,18.55,19.33,18.72,0.6099999999999994,3.2585,119041.67,230699.781
300707.SZ,20220722,18.36,19.38,18.36,18.72,18.54,0.17999999999999972,0.9709,85382.3,161128.026
300707.SZ,20220721,17.85,18.89,17.71,18.54,18.01,0.5299999999999976,2.9428,80987.8,150207.336
300707.SZ,20220720,18.05,18.26,17.66,18.01,18.36,-0.34999999999999787,-1.9063,72367.01,129688.044
300707.SZ,20220719,17.2,19.15,17.15,18.36,17.21,1.1499999999999986,6.6822,121254.3,221407.422
300707.SZ,20220718,16.81,17.5,16.75,17.21,17.03,0.17999999999999972,1.057,76457.68,130961.212
300707.SZ,20220715,16.0,17.68,16.0,17.03,16.15,0.8800000000000026,5.4489,77842.0,132789.771
300707.SZ,20220714,15.65,16.35,15.5,16.15,15.63,0.5199999999999978,3.3269,52978.0,85155.106
300707.SZ,20220713,15.92,15.95,15.48,15.63,15.71,-0.08000000000000007,-0.5092,43384.0,67997.415
300707.SZ,20220712,16.4,16.45,15.5,15.71,16.23,-0.5199999999999996,-3.2039,49365.0,78110.126
300707.SZ,20220711,16.63,16.85,16.02,16.23,16.76,-0.5300000000000011,-3.1623,48487.0,78748.394
300707.SZ,20220708,17.01,17.35,16.73,16.76,16.96,-0.1999999999999993,-1.1792,50629.64,85700.482
300707.SZ,20220707,17.0,17.43,16.6,16.96,17.12,-0.16000000000000014,-0.9346,57018.35,96819.009
300707.SZ,20220706,16.5,17.37,16.03,17.12,16.49,0.6300000000000026,3.8205,92700.2,157096.242
300707.SZ,20220705,17.8,17.8,16.36,16.49,17.82,-1.3300000000000018,-7.4635,108484.95,183884.403
300707.SZ,20220704,16.83,17.96,16.66,17.82,17.12,0.6999999999999993,4.0888,132641.06,233090.453
300707.SZ,20220701,16.88,17.58,16.81,17.12,16.87,0.25,1.4819,82538.0,141685.235
300707.SZ,20220630,16.9797,17.2092,16.6405,16.87,17.0296,-0.15959999999999752,-0.9372,106170.5,180498.845
300707.SZ,20220629,18.6458,18.7455,16.9199,17.0296,18.8553,-1.8257000000000012,-9.6827,169915.57,300071.139
300707.SZ,20220628,19.3641,20.6909,18.556,18.8553,19.9527,-1.0974000000000004,-5.5,247930.08,478970.555
300707.SZ,20220627,16.7303,19.9527,16.4111,19.9527,16.6306,3.322099999999999,19.9758,250055.01,476303.086
300707.SZ,20220624,15.7626,17.3189,15.5332,16.6306,15.7127,0.9179000000000013,5.8418,146643.78,242144.81
300707.SZ,20220623,15.164,15.8424,14.8647,15.7127,15.0443,0.6684000000000001,4.4429,109305.31,168932.649
300707.SZ,20220622,15.2638,15.7127,14.9944,15.0443,15.3735,-0.32920000000000016,-2.1413,104093.99,159952.913
300707.SZ,20220621,14.8647,15.9721,14.5655,15.3735,15.1241,0.24939999999999962,1.649,127776.45,192203.33
300707.SZ,20220620,15.5731,15.7925,14.7251,15.1241,15.4434,-0.31930000000000014,-2.0675,123439.77,186188.546
300707.SZ,20220617,14.0367,15.4434,13.9769,15.4434,14.1764,1.2670000000000012,8.9374,137866.4,206418.107
300707.SZ,20220616,13.9669,14.4158,13.9669,14.1764,14.0666,0.1097999999999999,0.7806,53257.77,75628.616
300707.SZ,20220615,13.6177,15.0543,13.6177,14.0666,13.5578,0.508799999999999,3.7528,92337.44,131869.08
300707.SZ,20220614,13.4681,13.6676,12.9393,13.5578,13.6277,-0.06990000000000052,-0.5129,35661.0,47441.995
300707.SZ,20220613,13.5279,13.7674,13.3783,13.6277,13.3184,0.30930000000000035,2.3224,36473.36,49718.654
300707.SZ,20220610,13.0191,13.4182,12.6899,13.3184,12.8695,0.4489000000000001,3.4881,30994.0,41115.792
300707.SZ,20220609,13.2586,13.3184,12.7797,12.8695,13.2386,-0.36909999999999954,-2.7881,26356.0,34474.947
300707.SZ,20220608,13.2685,13.7175,12.9493,13.2386,13.3583,-0.11969999999999992,-0.8961,32699.0,43485.752
300707.SZ,20220607,13.907,13.9569,13.2187,13.3583,13.9569,-0.5985999999999994,-4.2889,35167.0,47559.034
300707.SZ,20220606,13.508,14.0766,13.4381,13.9569,13.4381,0.5187999999999988,3.8607,38814.0,53863.272
300707.SZ,20220602,13.2486,13.488,12.8994,13.4381,13.079,0.35909999999999975,2.7456,32090.63,42732.711
300707.SZ,20220601,12.8595,13.2187,12.7099,13.079,12.7797,0.29930000000000057,2.342,30215.0,39503.644
300707.SZ,20220531,12.8196,12.8296,12.4205,12.7797,12.7897,-0.009999999999999787,-0.0782,22996.95,29192.622
300707.SZ,20220530,12.8296,12.8994,12.4305,12.7897,12.5602,0.22949999999999982,1.8272,29580.0,37704.363
300707.SZ,20220527,13.0491,13.2685,12.3308,12.5602,12.8595,-0.29930000000000057,-2.3275,48516.52,61525.888
300707.SZ,20220526,13.079,13.2187,12.5303,12.8595,13.069,-0.20950000000000024,-1.603,24663.41,31702.027
300707.SZ,20220525,12.8396,13.069,12.67,13.069,12.7697,0.29930000000000057,2.3438,21107.0,27293.048
300707.SZ,20220524,13.3783,13.7674,12.6899,12.7697,13.3683,-0.5985999999999994,-4.4778,30083.0,40015.688
300707.SZ,20220523,13.1588,13.4481,13.079,13.3683,13.1588,0.20950000000000024,1.5921,20682.0,27460.791
300707.SZ,20220520,13.3384,13.3982,12.9992,13.1588,13.089,0.06979999999999897,0.5333,20835.0,27430.785
300707.SZ,20220519,12.7498,13.2087,12.64,13.089,13.0091,0.0799000000000003,0.6142,24056.0,31404.389
300707.SZ,20220518,12.8495,13.2486,12.6001,13.0091,12.7198,0.2893000000000008,2.2744,34929.0,45583.572
300707.SZ,20220517,12.5702,12.7897,12.3707,12.7198,12.5702,0.1495999999999995,1.1901,28744.0,36372.761
300707.SZ,20220516,12.6201,12.7897,12.4804,12.5702,12.6201,-0.049900000000000944,-0.3954,31253.32,39540.746
300707.SZ,20220513,12.1711,12.7298,12.0714,12.6201,12.1711,0.4490000000000016,3.6891,34833.65,43484.066
300707.SZ,20220512,11.9317,12.3108,11.8519,12.1711,12.241,-0.06990000000000052,-0.571,30628.0,37266.001
300707.SZ,20220511,12.1711,12.67,11.9517,12.241,12.1911,0.04989999999999917,0.4093,45770.36,56697.858
300707.SZ,20220510,11.4927,12.3507,11.4229,12.1911,11.6025,0.5886000000000013,5.073,43430.0,52043.766
300707.SZ,20220509,11.4429,11.8319,11.4429,11.6025,11.5227,0.07979999999999876,0.6925,27238.0,31877.354
300707.SZ,20220506,11.373,11.7322,11.2832,11.5227,11.9816,-0.45889999999999986,-3.83,44054.09,50973.908
300707.SZ,20220505,11.8319,12.4305,11.6723,11.9816,11.2034,0.7782,6.9461,63399.23,76261.996
300707.SZ,20220429,10.6747,11.2633,10.6747,11.2034,10.6448,0.5586000000000002,5.2476,27550.75,30480.804
300707.SZ,20220428,10.6148,10.954,10.4752,10.6448,10.8443,-0.19950000000000045,-1.8397,28557.0,30629.566
300707.SZ,20220427,10.0063,10.8543,9.9963,10.8443,10.2856,0.5587,5.4319,40855.4,42707.482
300707.SZ,20220426,11.0837,11.2533,10.1958,10.2856,11.0438,-0.7581999999999987,-6.8654,30328.0,32615.255
300707.SZ,20220425,12.1013,12.1013,11.0239,11.0438,12.3208,-1.277000000000001,-10.3646,32632.0,37542.919
300707.SZ,20220422,12.4604,12.6201,12.1711,12.3208,12.4305,-0.10970000000000013,-0.8825,22499.0,27879.924
300707.SZ,20220421,12.8196,13.079,12.3607,12.4305,13.0491,-0.6185999999999989,-4.7406,24156.01,30907.376
300707.SZ,20220420,12.9692,13.5279,12.9293,13.0491,13.059,-0.00990000000000002,-0.0758,28790.0,38122.976
300707.SZ,20220419,13.1189,13.8172,12.9593,13.059,13.3284,-0.26940000000000097,-2.0212,35977.83,48027.413
300707.SZ,20220418,12.7797,13.3683,12.6001,13.3284,12.63,0.6983999999999995,5.5297,43784.0,57365.576
300707.SZ,20220415,12.6799,12.8495,12.231,12.63,12.7897,-0.15969999999999906,-1.2487,28155.01,35307.407
300707.SZ,20220414,13.069,13.2386,12.7697,12.7897,12.8695,-0.07980000000000054,-0.6201,22261.0,28805.165
300707.SZ,20220413,13.1787,13.3683,12.7897,12.8695,13.2685,-0.39899999999999913,-3.0071,20942.0,27157.597
300707.SZ,20220412,12.7198,13.3084,12.7198,13.2685,12.7897,0.47879999999999967,3.7436,21784.35,28422.335
300707.SZ,20220411,13.2685,13.2685,12.7697,12.7897,13.3184,-0.5287000000000006,-3.9697,25538.35,33099.681
300707.SZ,20220408,13.5379,13.8172,13.0491,13.3184,13.6277,-0.30930000000000035,-2.2696,25500.0,33958.781
300707.SZ,20220407,14.2462,14.2462,13.4681,13.6277,14.1963,-0.5686,-4.0053,27283.0,37622.255
300707.SZ,20220406,14.1465,14.2462,13.8172,14.1963,14.0367,0.15960000000000107,1.137,23708.09,33450.032
300707.SZ,20220401,14.4956,14.4956,13.9669,14.0367,14.4757,-0.43900000000000006,-3.0327,28674.0,40434.131
300707.SZ,20220331,14.5056,14.6054,14.3659,14.4757,14.6253,-0.1495999999999995,-1.0229,15605.0,22630.276
300707.SZ,20220330,14.5754,14.7051,14.3959,14.6253,14.4158,0.20949999999999847,1.4533,16708.13,24373.202
300707.SZ,20220329,14.9745,15.1142,14.356,14.4158,14.8348,-0.4189999999999987,-2.8244,20430.0,29852.631
300707.SZ,20220328,15.184,15.184,14.7151,14.8348,15.0643,-0.22949999999999982,-1.5235,22280.7,33305.611
300707.SZ,20220325,15.3137,15.5631,15.0144,15.0643,15.2239,-0.15960000000000107,-1.0484,18902.3,28879.177
300707.SZ,20220324,15.5032,15.5032,15.1142,15.2239,15.5232,-0.2992999999999988,-1.9281,16017.48,24497.219
300707.SZ,20220323,15.7826,15.8325,15.4434,15.5232,15.6429,-0.11969999999999992,-0.7652,25569.61,39914.573
300707.SZ,20220322,15.7626,16.3512,15.5731,15.6429,15.4534,0.1894999999999989,1.2263,37179.61,59130.634
300707.SZ,20220321,15.2638,15.5431,15.0743,15.4534,15.2937,0.15970000000000084,1.0442,21624.3,33385.114
300707.SZ,20220318,14.7949,15.4134,14.7949,15.2937,14.9845,0.3091999999999988,2.0635,28651.0,43711.205
300707.SZ,20220317,14.8747,15.3536,14.8747,14.9845,14.8747,0.1097999999999999,0.7382,29804.0,45197.199
300707.SZ,20220316,14.4457,14.8847,13.917,14.8747,14.1465,0.7282000000000011,5.1476,33698.95,48937.533
300707.SZ,20220315,14.765,15.0443,14.1065,14.1465,14.775,-0.6285000000000007,-4.2538,33169.52,48655.783
300707.SZ,20220314,15.2139,15.3137,14.775,14.775,15.3336,-0.5586000000000002,-3.643,26589.11,39877.426
300707.SZ,20220311,15.2538,15.4633,14.755,15.3336,15.4234,-0.08980000000000032,-0.5822,29596.7,44821.745
300707.SZ,20220310,15.2139,15.7526,15.2139,15.4234,14.9047,0.5187000000000008,3.4801,38698.0,60147.705
300707.SZ,20220309,15.5232,15.8125,14.316,14.9047,15.5232,-0.6184999999999992,-3.9844,41880.0,63303.775
300707.SZ,20220308,16.8899,16.8899,15.3636,15.5232,16.5607,-1.0375000000000014,-6.2648,32528.17,51849.728
300707.SZ,20220307,16.9598,17.0196,16.461,16.5607,17.0296,-0.4688999999999979,-2.7534,22974.06,38407.225
300707.SZ,20220304,17.5783,17.6082,16.9598,17.0296,17.6182,-0.5886000000000031,-3.3409,25211.0,43614.533
300707.SZ,20220303,17.5883,17.8078,17.2591,17.6182,17.6082,0.010000000000001563,0.0568,32410.72,57086.949
300707.SZ,20220302,17.4785,17.6881,17.3389,17.6082,17.5584,0.04980000000000118,0.2836,20030.0,35237.087
300707.SZ,20220301,17.3389,17.7479,17.1493,17.5584,17.1094,0.44899999999999807,2.6243,37265.0,65569.78
300707.SZ,20220228,17.4486,17.5185,16.9199,17.1094,17.4785,-0.36909999999999954,-2.1117,24450.32,41966.38
300707.SZ,20220225,17.3489,17.8477,17.309,17.4785,17.279,0.19950000000000045,1.1546,32905.0,57985.903
300707.SZ,20220224,17.2391,17.9973,16.9598,17.279,17.2591,0.019899999999999807,0.1153,74061.71,130109.079
300707.SZ,20220223,16.6505,17.3489,16.4809,17.2591,16.5807,0.6783999999999999,4.0915,36008.0,61354.926
300707.SZ,20220222,16.8999,16.8999,16.451,16.5807,17.0097,-0.4289999999999985,-2.5221,26333.46,43702.497
300707.SZ,20220221,16.9498,17.4087,16.86,17.0097,16.8101,0.19960000000000022,1.1874,24659.02,42115.974
300707.SZ,20220218,16.7303,16.8401,16.431,16.8101,16.8101,0.0,0.0,15329.96,25566.698
300707.SZ,20220217,17.0895,17.2391,16.7403,16.8101,17.2192,-0.40910000000000224,-2.3758,21109.31,35858.407
300707.SZ,20220216,17.1094,17.299,16.87,17.2192,17.0795,0.13970000000000127,0.8179,23472.0,40336.308
300707.SZ,20220215,16.4111,17.2192,16.1916,17.0795,16.5507,0.5288000000000004,3.195,29540.0,49797.197
300707.SZ,20220214,16.5108,16.86,16.3313,16.5507,16.6605,-0.1097999999999999,-0.659,13956.31,23219.328
300707.SZ,20220211,17.309,17.309,16.5108,16.6605,17.1593,-0.4988000000000028,-2.9069,26415.0,44403.622
300707.SZ,20220210,17.4087,17.4087,17.0296,17.1593,17.3888,-0.22949999999999804,-1.3198,18884.0,32479.793
300707.SZ,20220209,17.289,17.5085,17.1394,17.3888,17.279,0.1097999999999999,0.6355,19411.18,33733.245
300707.SZ,20220208,17.2391,17.4885,16.88,17.279,17.1593,0.11969999999999814,0.6976,22832.0,39378.82
300707.SZ,20220207,16.9598,17.5384,16.87,17.1593,16.4211,0.7382000000000026,4.4954,30280.76,52044.677
300707.SZ,20220128,16.1716,16.6006,15.8724,16.4211,16.042,0.37909999999999755,2.3632,25853.0,42168.323
300707.SZ,20220127,16.6904,16.86,16.042,16.042,16.6904,-0.6483999999999988,-3.8849,28363.18,46759.659
300707.SZ,20220126,16.7802,16.9598,16.441,16.6904,16.5907,0.09970000000000212,0.6009,23796.76,39855.472
300707.SZ,20220125,17.1593,17.5783,16.5707,16.5907,17.3888,-0.7981000000000016,-4.5897,32904.15,56182.024
300707.SZ,20220124,17.5584,17.8576,17.1693,17.3888,17.3588,0.030000000000001137,0.1728,34643.65,60617.481
300707.SZ,20220121,17.9574,18.0272,17.279,17.3588,18.0572,-0.698400000000003,-3.8677,47847.0,84229.144
300707.SZ,20220120,19.0149,19.0548,17.9574,18.0572,18.8952,-0.8379999999999974,-4.435,55205.0,101275.581
300707.SZ,20220119,19.4539,19.7532,18.556,18.8952,19.7332,-0.838000000000001,-4.2467,56422.0,107209.92
300707.SZ,20220118,19.9527,20.3517,19.2643,19.7332,19.3541,0.3791000000000011,1.9588,86109.79,170691.856
300707.SZ,20220117,18.8553,20.1023,18.8353,19.3541,18.0871,1.2669999999999995,7.005,97263.66,189517.408
300707.SZ,20220114,18.1769,18.7056,17.9574,18.0871,18.4562,-0.36909999999999954,-1.9999,29703.22,54402.31
300707.SZ,20220113,18.955,19.0648,18.3764,18.4562,18.965,-0.5088000000000008,-2.6828,28964.0,54050.909
300707.SZ,20220112,18.1569,19.0448,18.1569,18.965,18.1071,0.8579000000000008,4.7379,42636.0,80134.265
300707.SZ,20220111,18.0572,18.3964,17.9973,18.1071,18.0771,0.029999999999997584,0.166,27878.0,50742.221
300707.SZ,20220110,18.5061,18.5061,18.0272,18.0771,18.4662,-0.3890999999999991,-2.1071,42036.11,76576.062
300707.SZ,20220107,19.1745,19.3741,18.2966,18.4662,19.1546,-0.6883999999999979,-3.5939,53235.36,100097.006
300707.SZ,20220106,18.3565,19.6035,18.3565,19.1546,18.6258,0.5287999999999968,2.8391,68718.73,132265.106
300707.SZ,20220105,19.9726,20.1023,18.3664,18.6258,19.9627,-1.3369,-6.697,83910.0,159356.018
300707.SZ,20220104,20.6909,20.9004,19.833,19.9627,20.4016,-0.43889999999999674,-2.1513,64181.54,129386.088
300707.SZ,20211231,20.7109,21.0501,20.0924,20.4016,20.6011,-0.19950000000000045,-0.9684,87270.64,179687.505
300707.SZ,20211230,20.4515,21.499,20.3218,20.6011,20.3218,0.2792999999999992,1.3744,117410.0,246950.046
300707.SZ,20211229,20.4515,20.8306,19.8729,20.3218,20.4116,-0.08980000000000032,-0.4399,88647.0,181029.946
300707.SZ,20211228,19.9128,20.7608,19.3042,20.4116,19.7132,0.6983999999999995,3.5428,80218.0,160747.422
300707.SZ,20211227,18.7555,20.0325,18.1569,19.7132,18.955,0.7582000000000022,4.0,64068.98,124941.856
300707.SZ,20211224,19.8928,20.6909,18.8353,18.955,19.8629,-0.9079000000000015,-4.5708,85081.63,166668.564
300707.SZ,20211223,18.955,20.252,18.7755,19.8629,18.8653,0.9975999999999985,5.288,103191.52,203219.266
300707.SZ,20211222,19.2942,19.6933,18.8353,18.8653,19.3541,-0.4887999999999977,-2.5256,47252.94,89943.223
300707.SZ,20211221,19.3341,19.7831,18.8653,19.3541,19.4838,-0.1296999999999997,-0.6657,65071.0,125584.1
300707.SZ,20211220,20.3517,21.3993,19.1845,19.4838,20.1323,-0.6485000000000021,-3.2212,107122.29,216569.18
300707.SZ,20211217,20.0524,20.4415,19.833,20.1323,20.1422,-0.009899999999998244,-0.0492,52912.29,107029.384
300707.SZ,20211216,20.4216,20.7508,19.833,20.1422,20.3517,-0.20950000000000202,-1.0294,68350.0,138295.007
300707.SZ,20211215,21.1598,21.5489,20.252,20.3517,21.2496,-0.8978999999999999,-4.2255,107922.89,224242.829
300707.SZ,20211214,20.9603,21.6985,19.9527,21.2496,20.9304,0.31920000000000215,1.5251,170250.89,357829.116
300707.SZ,20211213,23.5841,23.8734,20.651,20.9304,22.0677,-1.1372999999999998,-5.1537,275230.46,597903.841
300707.SZ,20211210,18.4063,22.0677,18.3764,22.0677,18.3864,3.6813000000000002,20.0219,162053.03,338599.152
300707.SZ,20211209,17.5584,18.7156,17.5584,18.3864,17.6182,0.7681999999999967,4.3603,93208.0,170548.296
300707.SZ,20211208,17.5085,17.9674,17.3189,17.6182,17.4287,0.18950000000000244,1.0873,50303.08,88823.734
300707.SZ,20211207,17.8576,17.9674,17.1693,17.4287,17.7778,-0.34909999999999997,-1.9637,64852.25,113643.644
300707.SZ,20211206,18.2567,18.4063,17.3389,17.7778,18.3864,-0.6085999999999991,-3.3101,92527.92,165767.633
300707.SZ,20211203,20.7608,20.7608,17.9574,18.3864,20.8805,-2.494100000000003,-11.9446,181725.23,343745.695
300707.SZ,20211202,20.1522,21.5489,19.6534,20.8805,20.2121,0.6684000000000019,3.3069,142169.73,293843.328
300707.SZ,20211201,19.7132,20.4016,19.7033,20.2121,19.8928,0.31929999999999836,1.6051,66929.0,134904.197
300707.SZ,20211130,20.9902,21.1798,19.8928,19.8928,21.1199,-1.2271,-5.8102,100205.71,206021.851
300707.SZ,20211129,20.4116,21.509,19.6634,21.1199,20.5114,0.6085000000000029,2.9666,187897.95,387872.546
300707.SZ,20211126,19.5037,20.5413,18.8154,20.5114,19.2942,1.2171999999999983,6.3086,133351.71,261355.908
300707.SZ,20211125,20.4515,20.5213,19.1346,19.2942,20.2021,-0.9079000000000015,-4.4941,121246.41,239326.855
300707.SZ,20211124,20.5014,21.0401,19.8629,20.2021,20.4016,-0.1994999999999969,-0.9779,88718.0,182281.3
300707.SZ,20211123,21.2496,21.2496,20.1921,20.4016,21.4292,-1.0276000000000032,-4.7953,96137.98,198366.399
300707.SZ,20211122,20.651,22.0776,20.0524,21.4292,20.9503,0.478900000000003,2.2859,128007.22,269526.514
300707.SZ,20211119,20.8506,21.3095,19.9826,20.9503,21.0401,-0.08980000000000032,-0.4268,127331.12,263984.884
300707.SZ,20211118,21.918,21.918,20.7707,21.0401,22.1076,-1.0675000000000026,-4.8287,100031.76,213204.318
300707.SZ,20211117,22.2672,22.4268,21.0301,22.1076,22.2472,-0.13959999999999795,-0.6275,91057.45,199454.485
300707.SZ,20211116,21.6187,23.0553,21.3993,22.2472,21.5988,0.6483999999999988,3.002,159858.77,354545.428
300707.SZ,20211115,20.0225,22.2572,20.0225,21.5988,20.0624,1.5364000000000004,7.6581,180825.85,386224.893
300707.SZ,20211112,17.7579,21.0501,17.7579,20.0624,17.9574,2.1050000000000004,11.7222,175293.92,346138.385
300707.SZ,20211111,17.4386,18.1669,17.2291,17.9574,17.7978,0.15960000000000107,0.8967,88123.63,156517.578
300707.SZ,20211110,16.1816,18.7555,16.0021,17.7978,16.2614,1.5364000000000004,9.4481,138461.1,242902.675
300707.SZ,20211109,16.4809,16.86,16.1716,16.2614,16.7403,-0.478900000000003,-2.8608,60478.66,99682.018
300707.SZ,20211108,16.9598,17.8676,15.5631,16.7403,16.6106,0.1296999999999997,0.7808,151238.61,251957.114
300707.SZ,20211105,15.9522,17.269,15.583,16.6106,15.9621,0.6485000000000021,4.0627,109034.92,183142.712
300707.SZ,20211104,15.184,16.1617,15.0743,15.9621,15.2139,0.7481999999999989,4.9179,41535.89,65185.312
300707.SZ,20211103,15.2937,15.4833,15.2039,15.2139,15.3935,-0.17959999999999887,-1.1667,16775.25,25756.857
300707.SZ,20211102,15.164,15.3935,14.8847,15.3935,15.164,0.22949999999999982,1.5135,27375.25,41708.115
300707.SZ,20211101,15.1541,15.2638,14.8747,15.164,15.164,0.0,0.0,22511.14,34099.477
300707.SZ,20211029,14.6353,15.2139,14.2961,15.164,14.6453,0.518699999999999,3.5418,30487.32,45242.939
300707.SZ,20211028,14.6652,14.7051,14.2662,14.6453,14.7849,-0.13959999999999972,-0.9442,18435.82,26729.955
300707.SZ,20211027,14.6951,14.9645,14.2263,14.7849,15.4234,-0.6385000000000005,-4.1398,35910.54,52439.607
300707.SZ,20211026,15.1142,16.1816,14.9845,15.4234,14.5256,0.8978000000000002,6.1808,47035.63,72819.771
300707.SZ,20211025,14.765,14.765,14.0467,14.5256,14.3659,0.15970000000000084,1.1117,12136.16,17445.919
300707.SZ,20211022,14.9146,15.164,14.2462,14.3659,14.6453,-0.27940000000000076,-1.9078,10703.0,15593.657
300707.SZ,20211021,14.6552,14.8248,14.5854,14.6453,14.6852,-0.03989999999999938,-0.2717,9503.16,14025.129
300707.SZ,20211020,14.6852,14.9246,14.5854,14.6852,14.6852,0.0,0.0,11423.0,16918.981
300707.SZ,20211019,14.6752,15.0643,14.5854,14.6852,14.6852,0.0,0.0,14209.71,21121.008
300707.SZ,20211018,14.0866,14.6852,14.0467,14.6852,14.0866,0.5985999999999994,4.2494,19851.66,28738.126
300707.SZ,20211015,14.5355,14.5355,14.0567,14.0866,14.4956,-0.4089999999999989,-2.8215,12927.0,18454.884
300707.SZ,20211014,14.6054,14.6652,14.2761,14.4956,14.5655,-0.06990000000000052,-0.4799,10169.0,14755.334
300707.SZ,20211013,14.6552,14.7051,14.4258,14.5655,14.7051,-0.13959999999999972,-0.9493,9534.64,13944.928
300707.SZ,20211012,14.755,14.8448,14.4457,14.7051,14.9146,-0.20950000000000024,-1.4047,14490.83,21222.669
300707.SZ,20211011,15.4134,15.4134,14.4457,14.9146,15.3037,-0.3890999999999991,-2.5425,21678.16,32223.193
300707.SZ,20211008,15.5132,15.8325,15.0643,15.3037,15.3636,-0.05990000000000073,-0.3899,16813.21,25777.831
300707.SZ,20210930,15.4234,15.5332,15.174,15.3636,15.3137,0.04989999999999917,0.3259,8565.0,13162.577
300707.SZ,20210929,15.2239,15.3436,15.0743,15.3137,15.2239,0.08980000000000032,0.5899,10580.01,16088.41
300707.SZ,20210928,15.164,15.4334,15.0443,15.2239,15.2139,0.009999999999999787,0.0657,9115.0,13929.26
300707.SZ,20210927,16.1417,16.3612,15.0343,15.2139,16.1417,-0.9277999999999995,-5.7478,24193.73,37330.746
300707.SZ,20210924,16.5308,16.5607,15.8424,16.1417,16.5308,-0.3890999999999991,-2.3538,21468.25,34655.035
300707.SZ,20210923,15.7626,16.8401,15.593,16.5308,15.7427,0.7881,5.0061,33971.95,55365.778
300707.SZ,20210922,15.8125,16.1317,15.4833,15.7427,15.8424,-0.09970000000000034,-0.6293,16323.16,26012.323
300707.SZ,20210917,15.8724,16.012,15.2838,15.8424,15.9621,-0.11969999999999992,-0.7499,20210.75,31636.086
300707.SZ,20210916,16.7503,16.7503,15.4633,15.9621,16.6405,-0.6783999999999999,-4.0768,41223.33,66100.417
300707.SZ,20210915,16.7203,16.7403,16.3812,16.6405,16.88,-0.2394999999999996,-1.4188,17812.0,29509.116
300707.SZ,20210914,17.0196,17.2192,16.5907,16.88,17.0196,-0.1396000000000015,-0.8202,23588.75,39942.476
300707.SZ,20210913,17.3289,17.4087,16.9598,17.0196,17.309,-0.28940000000000055,-1.672,19276.0,33069.42
300707.SZ,20210910,17.8177,18.0572,17.1793,17.309,17.8676,-0.5585999999999984,-3.1263,31717.28,55357.318
300707.SZ,20210909,17.9774,18.0971,17.6681,17.8676,17.9973,-0.1296999999999997,-0.7207,21773.92,38994.28
300707.SZ,20210908,17.4586,18.3365,17.1892,17.9973,17.3389,0.6584000000000003,3.7972,35846.75,64248.423
300707.SZ,20210907,17.1394,17.5185,17.0196,17.3389,17.1992,0.13969999999999771,0.8122,21632.02,37582.636
300707.SZ,20210906,17.0595,17.2291,16.6705,17.1992,17.3289,-0.1296999999999997,-0.7485,22889.39,38941.066
300707.SZ,20210903,16.9897,17.4287,16.86,17.3289,17.1394,0.18950000000000244,1.1056,20810.71,35711.599
300707.SZ,20210902,17.0795,17.5683,16.7702,17.1394,17.0795,0.059899999999998954,0.3507,20594.25,35302.961
300707.SZ,20210901,17.7579,17.7579,16.9498,17.0795,17.5085,-0.42900000000000205,-2.4502,25182.17,43276.717
300707.SZ,20210831,17.8377,17.9075,17.269,17.5085,17.6881,-0.1795999999999971,-1.0154,24827.49,43644.008
300707.SZ,20210830,18.0572,18.2567,17.2291,17.6881,17.6781,0.00999999999999801,0.0566,41730.0,74299.728
300707.SZ,20210827,18.137,18.1968,17.5584,17.6781,18.0971,-0.4190000000000005,-2.3153,25749.0,45945.908
300707.SZ,20210826,18.4063,18.6258,18.0173,18.0971,18.5261,-0.4289999999999985,-2.3157,26947.17,49331.878
300707.SZ,20210825,18.7056,18.8254,18.1569,18.5261,18.6358,-0.10970000000000013,-0.5887,32834.75,60840.047
300707.SZ,20210824,17.9774,19.1047,17.6881,18.6358,17.9574,0.6783999999999999,3.7778,54506.0,100994.344
300707.SZ,20210823,16.461,18.9451,16.461,17.9574,16.441,1.5164000000000009,9.2233,67468.28,121409.092
300707.SZ,20210820,16.9598,17.0595,16.0918,16.441,16.9598,-0.5188000000000024,-3.059,26968.0,44361.097
300707.SZ,20210819,17.0396,17.4386,16.7104,16.9598,17.0595,-0.09969999999999857,-0.5844,22871.75,38803.962
300707.SZ,20210818,17.3588,17.5185,16.9797,17.0595,17.5683,-0.5088000000000008,-2.8961,25273.33,43534.104
300707.SZ,20210817,18.6558,18.6558,17.2591,17.5683,18.5061,-0.9377999999999993,-5.0675,34873.31,62092.374
300707.SZ,20210816,18.9251,19.3441,18.2168,18.5061,18.9052,-0.3991000000000007,-2.1111,42355.0,79049.222
300707.SZ,20210813,18.3664,19.3042,18.2368,18.9052,18.3565,0.5487000000000002,2.9891,58207.16,109857.297
300707.SZ,20210812,17.8676,18.7755,17.7579,18.3565,17.8676,0.488900000000001,2.7362,44056.59,80658.31
300707.SZ,20210811,17.9574,18.0871,17.4885,17.8676,17.8477,0.019899999999999807,0.1115,28712.25,51223.316
300707.SZ,20210810,17.8277,18.4063,17.5584,17.8477,17.9574,-0.10970000000000013,-0.6109,37382.17,67239.376
300707.SZ,20210809,17.7579,18.4463,17.708,17.9574,17.7579,0.19950000000000045,1.1234,32462.92,58895.471
300707.SZ,20210806,17.5683,18.0971,17.5683,17.7579,17.5983,0.15960000000000107,0.9069,24767.0,44395.354
300707.SZ,20210805,17.1593,17.6581,17.1593,17.5983,17.3289,0.2693999999999974,1.5546,25144.0,44131.581
300707.SZ,20210804,17.3788,17.698,17.1793,17.3289,17.2591,0.06980000000000075,0.4044,28859.87,50268.579
300707.SZ,20210803,17.0396,17.4985,17.0097,17.2591,17.0895,0.16959999999999908,0.9924,38428.0,66610.278
300707.SZ,20210802,15.9422,17.2591,15.7227,17.0895,15.9621,1.1274000000000015,7.063,44706.25,75725.035
300707.SZ,20210730,15.4633,16.2714,15.4534,15.9621,15.4434,0.518699999999999,3.3587,33480.16,53294.392
300707.SZ,20210729,15.0244,15.7327,14.9944,15.4434,14.9745,0.46889999999999965,3.1313,26847.2,41329.827
300707.SZ,20210728,16.2415,16.2415,14.6752,14.9745,16.6106,-1.6361000000000008,-9.8497,50985.74,77658.542
300707.SZ,20210727,17.6082,17.7579,15.6629,16.6106,17.4885,-0.8778999999999968,-5.0199,62035.63,102343.318
300707.SZ,20210726,17.5783,18.1071,16.9797,17.4885,17.4187,0.0697999999999972,0.4007,30029.0,52996.91
300707.SZ,20210723,17.8277,18.3265,17.2391,17.4187,17.8177,-0.39899999999999736,-2.2393,34966.92,62345.378
300707.SZ,20210722,17.7778,17.9075,17.5284,17.8177,17.6681,0.1495999999999995,0.8467,17109.01,30485.019
300707.SZ,20210721,17.3588,17.9375,17.299,17.6681,17.2591,0.4089999999999989,2.3698,24034.0,42668.75
300707.SZ,20210720,17.4985,17.6182,17.0994,17.2591,17.4686,-0.20949999999999847,-1.1993,18873.0,32858.721
300707.SZ,20210719,17.6182,17.8477,17.0595,17.4686,17.4785,-0.009900000000001796,-0.0566,16064.92,27978.352
300707.SZ,20210716,17.2192,18.0572,17.1094,17.4785,17.1294,0.34909999999999997,2.038,40165.45,71262.964
300707.SZ,20210715,17.5683,17.7379,17.0196,17.1294,17.5783,-0.4488999999999983,-2.5537,24073.66,41561.611
300707.SZ,20210714,17.9774,18.3565,17.4885,17.5783,18.117,-0.5387000000000022,-2.9735,36393.67,65184.163
300707.SZ,20210713,17.0795,18.1968,16.8301,18.117,16.9797,1.1372999999999998,6.698,53022.91,94122.332
300707.SZ,20210712,16.7403,17.4287,16.6705,16.9797,16.7802,0.19950000000000045,1.1889,18720.0,31856.056
300707.SZ,20210709,16.7503,16.9897,16.6006,16.7802,16.8002,-0.019999999999999574,-0.119,16290.92,27360.788
300707.SZ,20210708,17.0097,17.0296,16.6306,16.8002,16.9099,-0.10970000000000013,-0.6487,18402.0,31001.561
300707.SZ,20210707,16.7203,16.9897,16.5009,16.9099,16.6705,0.23939999999999984,1.4361,17161.0,28856.911
300707.SZ,20210706,16.9398,17.0296,16.5707,16.6705,16.8999,-0.22939999999999827,-1.3574,15157.0,25434.502
300707.SZ,20210705,16.5507,16.9398,16.4011,16.8999,16.5408,0.359099999999998,2.171,14564.08,24352.501
300707.SZ,20210702,16.2614,16.7303,16.1218,16.5408,16.1916,0.34919999999999973,2.1567,19996.48,33010.435
300707.SZ,20210701,16.6605,17.1294,16.1716,16.1916,16.7104,-0.5187999999999988,-3.1047,19927.0,33263.42
300707.SZ,20210630,16.8101,17.0595,16.441,16.7104,16.8002,-0.08980000000000032,-0.5345,19689.08,32925.199
300707.SZ,20210629,17.4386,17.4586,16.6904,16.8002,17.4686,-0.6683999999999983,-3.8263,28277.68,48230.086
300707.SZ,20210628,15.9621,17.6581,15.9621,17.4686,16.1118,1.3567999999999998,8.4212,49487.77,84496.273
300707.SZ,20210625,16.5507,16.5907,16.022,16.1118,16.5507,-0.4389000000000003,-2.6519,19640.2,31991.071
300707.SZ,20210624,17.1493,17.1793,16.4809,16.5507,16.9897,-0.43900000000000006,-2.5839,28195.21,47175.74
300707.SZ,20210623,16.3213,17.0496,16.2116,16.9897,16.3113,0.6783999999999999,4.1591,32190.66,54056.964
300707.SZ,20210622,16.3911,16.5308,16.1218,16.3113,16.3911,-0.07980000000000231,-0.4868,18517.0,30295.16
300707.SZ,20210621,16.1816,16.6405,16.1417,16.3911,16.3113,0.07980000000000231,0.4892,18930.51,31198.549
300707.SZ,20210618,16.1716,16.4709,16.1617,16.3113,16.3113,0.0,0.0,20656.0,33830.573
300707.SZ,20210617,16.4111,16.4909,16.1218,16.3113,16.2515,0.05979999999999919,0.368,21740.96,35459.283
300707.SZ,20210616,15.9921,16.4211,15.9522,16.2515,16.0819,0.16959999999999908,1.0546,24950.0,40503.252
300707.SZ,20210615,15.7427,16.4011,15.7427,16.0819,15.9621,0.11980000000000146,0.7505,28540.92,46156.096
300707.SZ,20210611,15.9322,16.1317,15.7127,15.9621,15.9123,0.0497999999999994,0.313,17988.0,28729.355
300707.SZ,20210610,15.6828,15.9621,15.5332,15.9123,15.6429,0.26940000000000097,1.7222,24709.42,39002.238
300707.SZ,20210609,15.194,15.6629,14.9845,15.6429,15.174,0.46889999999999965,3.0902,21298.92,32920.121
300707.SZ,20210608,15.3137,15.4534,14.9745,15.174,15.2738,-0.09980000000000011,-0.6534,9936.67,15051.05
300707.SZ,20210607,14.9047,15.3935,14.8448,15.2738,14.9047,0.36909999999999954,2.4764,15014.0,22830.48
300707.SZ,20210604,15.2239,15.2239,14.8647,14.9047,15.0443,-0.13959999999999972,-0.9279,14000.0,21003.519
300707.SZ,20210603,15.3935,15.603,15.0244,15.0443,15.3935,-0.34919999999999973,-2.2685,15245.25,23313.4
300707.SZ,20210602,15.4234,15.6828,15.2139,15.3935,15.5032,-0.10970000000000013,-0.7076,19593.0,30303.853
300707.SZ,20210601,15.2738,15.7427,15.2139,15.5032,15.3037,0.19950000000000045,1.3036,19213.0,29932.967
300707.SZ,20210531,15.5431,15.6928,15.3037,15.3037,15.5232,-0.21950000000000003,-1.414,20156.0,31170.239
300707.SZ,20210528,15.184,15.8524,15.164,15.5232,15.174,0.34919999999999973,2.3013,28497.0,44415.769
300707.SZ,20210527,15.1839,15.3232,15.0046,15.1739,15.1639,0.009999999999999787,0.0659,14974.0,22835.16
300707.SZ,20210526,14.5367,15.4328,14.3475,15.1639,14.5466,0.6173000000000002,4.2436,32347.17,48922.468
300707.SZ,20210525,14.2579,14.686,14.0289,14.5466,14.2181,0.3285,2.3104,17824.0,25851.946
300707.SZ,20210524,14.3475,14.4072,14.0189,14.2181,14.3176,-0.09950000000000081,-0.6949,11894.0,16907.133
300707.SZ,20210521,14.0787,14.457,13.9691,14.3176,13.9691,0.34850000000000136,2.4948,12777.0,18270.594
300707.SZ,20210520,14.1384,14.1384,13.9393,13.9691,14.0886,-0.11950000000000038,-0.8482,8992.47,12678.322
300707.SZ,20210519,14.238,14.2878,13.9791,14.0886,14.0886,0.0,0.0,9482.0,13405.397
300707.SZ,20210518,14.3077,14.3077,13.9492,14.0886,14.2678,-0.1791999999999998,-1.256,12962.83,18306.773
300707.SZ,20210517,14.4471,14.5068,14.1782,14.2678,14.5267,-0.2589000000000006,-1.7822,15739.0,22578.018
300707.SZ,20210514,14.5665,14.7358,14.4471,14.5267,14.5168,0.00990000000000002,0.0682,11411.0,16643.744
300707.SZ,20210513,14.5964,14.925,14.3276,14.5168,14.5267,-0.00990000000000002,-0.0682,18727.0,27467.076
300707.SZ,20210512,13.6406,14.6362,13.541,14.5267,13.7103,0.8163999999999998,5.9546,26274.0,37458.177
300707.SZ,20210511,13.5709,13.8098,13.3518,13.7103,13.6704,0.03989999999999938,0.2919,15122.0,20695.85
300707.SZ,20210510,14.3276,14.3375,13.5012,13.6704,14.3674,-0.6969999999999992,-4.8513,23255.0,32114.886
300707.SZ,20210507,14.5466,14.6661,14.1583,14.3674,14.4371,-0.06969999999999921,-0.4828,14625.0,20953.217
300707.SZ,20210506,14.467,14.5765,14.238,14.4371,14.4172,0.019899999999999807,0.138,11707.0,16954.19
300707.SZ,20210430,14.4072,14.4172,13.9891,14.4172,14.4271,-0.00990000000000002,-0.0686,12335.66,17550.802
300707.SZ,20210429,14.5367,14.5367,14.1683,14.4271,14.5267,-0.09960000000000058,-0.6856,12348.0,17750.695
300707.SZ,20210428,14.5367,14.7657,14.3774,14.5267,14.686,-0.1593,-1.0847,19655.0,28663.931
300707.SZ,20210427,14.4869,14.686,14.3973,14.686,14.3873,0.2987000000000002,2.0761,15576.05,22740.067
300707.SZ,20210426,14.7955,14.7955,14.2479,14.3873,14.8354,-0.44810000000000016,-3.0205,17793.17,25861.308
300707.SZ,20210423,14.8354,14.915,14.3674,14.8354,14.8354,0.0,0.0,21922.74,31969.773
300707.SZ,20210422,14.9748,15.1042,14.686,14.8354,14.8752,-0.03979999999999961,-0.2676,13623.57,20327.75
300707.SZ,20210421,15.2336,15.2635,14.6661,14.8752,15.3432,-0.46799999999999997,-3.0502,22279.66,33555.553
300707.SZ,20210420,15.6419,16.0899,15.3232,15.3432,15.7613,-0.4181000000000008,-2.6527,29501.97,46376.527
300707.SZ,20210419,15.3432,15.9107,15.3432,15.7613,15.1739,0.5874000000000006,3.8711,32846.4,51865.15
300707.SZ,20210416,15.602,15.7315,15.0843,15.1739,15.6618,-0.4878999999999998,-3.1152,21788.66,33491.122
300707.SZ,20210415,15.3232,15.6817,15.2038,15.6618,15.4328,0.2289999999999992,1.4839,19461.58,30210.125
300707.SZ,20210414,15.2834,15.612,14.9549,15.4328,15.0942,0.33859999999999957,2.2432,19945.99,30895.517
300707.SZ,20210413,15.1839,15.3631,14.9349,15.0942,15.0544,0.03980000000000139,0.2644,15322.68,23306.325
300707.SZ,20210412,14.9349,15.2038,14.7756,15.0544,15.0644,-0.009999999999999787,-0.0664,18432.0,27692.949
300707.SZ,20210409,15.0146,15.1938,14.925,15.0644,15.0046,0.05979999999999919,0.3985,14836.0,22418.669
300707.SZ,20210408,15.154,15.2834,14.925,15.0046,15.2237,-0.21909999999999918,-1.4392,18609.0,28167.469
300707.SZ,20210407,15.3432,15.5821,15.1839,15.2237,15.3631,-0.1394000000000002,-0.9074,20530.29,31644.315
300707.SZ,20210406,15.1341,15.602,14.8354,15.3631,14.9847,0.3783999999999992,2.5252,25877.55,39861.463
300707.SZ,20210402,14.9648,15.3631,14.8354,14.9847,15.0843,-0.09960000000000058,-0.6603,36633.83,55556.164
300707.SZ,20210401,14.7358,15.2834,14.3674,15.0843,14.5068,0.5775000000000006,3.9809,53220.0,79362.933
300707.SZ,20210331,14.0289,14.8155,13.8497,14.5068,13.8198,0.6869999999999994,4.9711,46526.0,67508.549
300707.SZ,20210330,14.2479,14.2479,13.78,13.8198,14.1683,-0.3484999999999996,-2.4597,15935.0,22260.153
300707.SZ,20210329,14.467,14.5367,14.0588,14.1683,14.3873,-0.21899999999999942,-1.5222,19351.0,27641.21
300707.SZ,20210326,14.3973,14.5068,14.1882,14.3873,14.4371,-0.0497999999999994,-0.3449,20925.67,30136.431
300707.SZ,20210325,14.2579,14.7557,14.1583,14.4371,14.2778,0.1593,1.1157,38355.67,55814.407
300707.SZ,20210324,13.7103,14.4271,13.7103,14.2778,13.8497,0.4280999999999988,3.091,32450.0,46262.986
300707.SZ,20210323,14.2181,14.2878,13.7401,13.8497,13.9891,-0.1394000000000002,-0.9965,13170.0,18330.951
300707.SZ,20210322,13.8895,14.2479,13.6904,13.9891,13.9791,0.009999999999999787,0.0715,19479.0,27393.08
300707.SZ,20210319,13.8895,14.1683,13.8397,13.9791,13.999,-0.019899999999999807,-0.1422,15577.0,21942.754
300707.SZ,20210318,14.1285,14.2678,13.8198,13.999,14.1285,-0.12950000000000017,-0.9166,18659.0,26282.618
300707.SZ,20210317,13.6107,14.3575,13.6107,14.1285,13.541,0.5875000000000004,4.3387,34089.0,47983.311
300707.SZ,20210316,13.2722,13.5709,13.1328,13.541,13.2622,0.2788000000000004,2.1022,13369.0,18060.005
300707.SZ,20210315,13.1228,13.3917,13.1228,13.2622,13.2722,-0.009999999999999787,-0.0753,9863.0,13124.799
300707.SZ,20210312,13.6207,13.7103,13.1527,13.2722,13.6804,-0.4082000000000008,-2.9838,14635.0,19686.718
300707.SZ,20210311,13.5709,13.8198,13.1726,13.6804,13.5709,0.1095000000000006,0.8069,18593.0,25117.304
300707.SZ,20210310,13.9592,14.0388,13.541,13.5709,13.6306,-0.05969999999999942,-0.438,15059.0,20799.123
300707.SZ,20210309,14.0886,14.2081,13.551,13.6306,14.0189,-0.388300000000001,-2.7698,17471.0,24345.586
300707.SZ,20210308,14.467,14.5665,13.9891,14.0189,14.467,-0.44810000000000016,-3.0974,22343.0,32052.957
300707.SZ,20210305,13.9293,14.5168,13.7999,14.467,14.0986,0.36840000000000117,2.613,27329.0,39097.036
300707.SZ,20210304,14.2678,14.2678,13.8198,14.0986,14.0886,0.009999999999999787,0.071,18935.0,26540.935
300707.SZ,20210303,14.1384,14.2678,13.8198,14.0886,14.1085,-0.019899999999999807,-0.141,21510.69,30253.676
300707.SZ,20210302,14.228,14.5765,14.0388,14.1085,14.1185,-0.009999999999999787,-0.0708,24345.22,34705.514
300707.SZ,20210301,13.4813,14.1185,13.4614,14.1185,13.5211,0.5973999999999986,4.4183,22242.0,30973.21
300707.SZ,20210226,13.3419,13.6804,13.1826,13.5211,13.3518,0.16929999999999978,1.268,18035.22,24454.98
300707.SZ,20210225,13.7999,13.8397,13.2622,13.3518,13.6007,-0.248899999999999,-1.8301,16473.22,22210.118
300707.SZ,20210224,13.7401,13.9194,13.5211,13.6007,13.7202,-0.11950000000000038,-0.871,16117.0,22202.837
300707.SZ,20210223,13.4614,13.9293,13.4614,13.7202,13.5808,0.1394000000000002,1.0264,21076.22,29033.015
300707.SZ,20210222,13.6207,14.0289,13.5808,13.5808,13.5311,0.04969999999999963,0.3673,27496.69,38170.491
300707.SZ,20210219,13.1826,13.6107,13.073,13.5311,13.1925,0.33859999999999957,2.5666,19193.0,25834.09
300707.SZ,20210218,13.0432,13.2124,12.8341,13.1925,12.7843,0.4082000000000008,3.193,22669.69,29828.97
300707.SZ,20210210,12.7246,13.0432,12.6549,12.7843,12.7445,0.03979999999999961,0.3123,15120.0,19415.671
300707.SZ,20210209,12.8241,12.864,12.4358,12.7445,12.7345,0.009999999999999787,0.0785,17738.0,22527.463
300707.SZ,20210208,13.3319,13.3319,12.406,12.7345,12.9635,-0.2289999999999992,-1.7665,33491.0,43000.627
300707.SZ,20210205,12.5752,13.322,12.5254,12.9635,12.5852,0.3782999999999994,3.0059,35473.66,45999.775
300707.SZ,20210204,12.844,12.844,12.1969,12.5852,12.7445,-0.1593,-1.25,20836.0,26151.517
300707.SZ,20210203,13.0233,13.1129,12.5951,12.7445,13.083,-0.3384999999999998,-2.5873,19936.0,25531.243
300707.SZ,20210202,13.3319,13.4912,13.0133,13.083,13.3319,-0.248899999999999,-1.867,19392.0,25679.679
300707.SZ,20210201,12.5553,13.4116,12.5553,13.3319,13.0631,0.2687999999999988,2.0577,26857.0,35410.417
300707.SZ,20210129,13.3021,13.5111,12.7943,13.0631,13.3618,-0.2987000000000002,-2.2355,26843.0,35312.591
300707.SZ,20210128,13.3419,14.1185,13.2722,13.3618,13.4912,-0.12939999999999863,-0.9591,30151.91,41269.003
300707.SZ,20210127,13.8397,13.9691,13.3518,13.4912,13.8298,-0.33860000000000134,-2.4483,26051.0,35388.478
300707.SZ,20210126,13.2124,14.1981,13.2124,13.8298,14.2778,-0.4479999999999986,-3.1377,32358.0,44782.325
300707.SZ,20210125,14.5367,14.7358,14.1882,14.2778,14.8055,-0.5277000000000012,-3.5642,24804.19,35886.433
300707.SZ,20210122,15.1142,15.3232,14.7856,14.8055,15.1142,-0.3087,-2.0425,23145.0,34719.256
300707.SZ,20210121,15.1739,15.6319,15.0644,15.1142,15.3531,-0.23889999999999922,-1.556,32891.86,50191.92
300707.SZ,20210120,15.2336,15.831,15.154,15.3531,15.1341,0.21899999999999942,1.4471,40646.0,63649.032
300707.SZ,20210119,14.9349,15.2336,14.7657,15.1341,14.8453,0.28880000000000017,1.9454,30144.69,45507.881
300707.SZ,20210118,14.6263,14.8951,14.4869,14.8453,14.6263,0.21899999999999942,1.4973,24988.0,36944.996
300707.SZ,20210115,13.9891,14.686,13.9891,14.6263,14.1384,0.4878999999999998,3.4509,32174.86,46874.804
300707.SZ,20210114,14.1285,14.238,13.6505,14.1384,14.0687,0.06970000000000098,0.4954,28662.0,40190.349
300707.SZ,20210113,14.1484,14.5168,13.8198,14.0687,14.1185,-0.0497999999999994,-0.3527,30262.0,43142.593
300707.SZ,20210112,14.3375,14.7059,13.9691,14.1185,14.238,-0.11950000000000038,-0.8393,28216.91,40319.264
300707.SZ,20210111,14.9349,15.1341,14.1285,14.238,14.9648,-0.7268000000000008,-4.8567,42069.0,61177.117
300707.SZ,20210108,15.1341,15.4826,14.5367,14.9648,15.4527,-0.4878999999999998,-3.1574,47631.0,71979.828
300707.SZ,20210107,17.1652,17.1652,15.1938,15.4527,16.767,-1.3142999999999994,-7.8386,68639.69,108968.933
300707.SZ,20210106,17.4739,17.5635,16.5081,16.767,17.7128,-0.945800000000002,-5.3396,54422.03,91948.266
300707.SZ,20210105,18.1011,18.3102,17.4639,17.7128,18.131,-0.4181999999999988,-2.3065,43478.03,77731.844
300707.SZ,20210104,17.8224,18.4695,17.6033,18.131,17.1453,0.9857000000000014,5.7491,49286.25,88876.391
300707.SZ,20201231,17.4241,17.683,17.0258,17.1453,17.1752,-0.02990000000000137,-0.1741,34976.0,60823.657
300707.SZ,20201230,17.0955,17.5037,16.976,17.1752,17.0955,0.079699999999999,0.4662,21171.0,36714.238
300707.SZ,20201229,17.4639,17.7128,17.0457,17.0955,17.4739,-0.3783999999999992,-2.1655,25950.0,44980.729
300707.SZ,20201228,18.0514,18.141,17.2847,17.4739,18.0414,-0.567499999999999,-3.1455,34555.0,60958.216
300707.SZ,20201225,17.9717,18.2107,17.6232,18.0414,17.9418,0.0995999999999988,0.5551,21481.0,38838.847
300707.SZ,20201224,18.2804,18.4695,17.9319,17.9418,18.2704,-0.328599999999998,-1.7985,25260.0,46130.386
300707.SZ,20201223,18.1011,18.5293,18.0215,18.2704,18.2007,0.06969999999999743,0.383,32026.0,58857.541
300707.SZ,20201222,18.3202,18.6189,18.1609,18.2007,18.4895,-0.2887999999999984,-1.562,34501.0,63600.523
300707.SZ,20201221,18.0215,18.599,17.8024,18.4895,17.902,0.5874999999999986,3.2818,41618.66,76963.111
300707.SZ,20201218,18.0613,18.141,17.673,17.902,17.7925,0.1095000000000006,0.6154,30542.0,54962.513
300707.SZ,20201217,17.0557,17.9518,16.8466,17.7925,17.2847,0.5077999999999996,2.9379,50951.37,89466.374
300707.SZ,20201216,17.9916,18.1509,16.9263,17.2847,18.0314,-0.7467000000000006,-4.1411,43381.0,76196.33
300707.SZ,20201215,18.0713,18.3998,18.0016,18.0314,18.3401,-0.3086999999999982,-1.6832,34147.66,62314.881
300707.SZ,20201214,17.8622,18.4397,17.5237,18.3401,18.0812,0.2589000000000006,1.4319,41769.71,76349.219
300707.SZ,20201211,18.3202,18.8081,17.7726,18.0812,17.8721,0.2090999999999994,1.17,46934.0,85493.743
300707.SZ,20201210,17.8224,18.1808,17.6232,17.8721,17.9219,-0.04980000000000118,-0.2779,29894.0,53816.967
300707.SZ,20201209,18.6786,18.7782,17.8721,17.9219,18.6886,-0.7667000000000002,-4.1025,42518.0,77969.911
300707.SZ,20201208,18.828,19.3358,18.5193,18.6886,18.9574,-0.2687999999999988,-1.4179,49060.0,92893.733
300707.SZ,20201207,19.1167,19.4055,18.818,18.9574,19.2163,-0.2589000000000006,-1.3473,30420.5,58385.327
300707.SZ,20201204,19.6245,19.7141,19.0172,19.2163,19.8137,-0.5974000000000004,-3.0151,44985.0,87135.556
300707.SZ,20201203,19.3059,20.0825,19.0271,19.8137,19.3855,0.42820000000000036,2.2089,59632.85,116963.071
300707.SZ,20201202,19.6743,19.6743,19.1167,19.3855,19.6345,-0.24899999999999878,-1.2682,49887.5,97023.243
300707.SZ,20201201,19.1964,19.8834,19.0072,19.6345,19.4055,0.2289999999999992,1.1801,57511.0,112838.487
300707.SZ,20201130,19.057,19.4951,18.37,19.4055,18.9176,0.4878999999999998,2.5791,85611.0,163578.216
300707.SZ,20201127,19.8436,20.2916,18.7583,18.9176,19.8834,-0.9658000000000015,-4.8573,115684.0,224941.285
300707.SZ,20201126,21.6158,21.7054,19.8037,19.8834,21.805,-1.921599999999998,-8.8127,109287.71,223396.127
300707.SZ,20201125,22.7907,22.7907,21.7254,21.805,22.7808,-0.9757999999999996,-4.2834,82323.0,182821.399
300707.SZ,20201124,22.8206,23.1989,21.9145,22.7808,22.4821,0.2987000000000002,1.3286,102130.5,231197.391
300707.SZ,20201123,22.3825,22.7509,22.1137,22.4821,22.7111,-0.2289999999999992,-1.0083,99523.0,224445.025
300707.SZ,20201120,21.1777,23.2786,21.1777,22.7111,21.5959,1.115199999999998,5.1639,155242.5,350135.583
300707.SZ,20201119,21.0284,22.4024,20.9985,21.5959,20.9985,0.5974000000000004,2.845,100990.0,220923.013
300707.SZ,20201118,20.6202,21.2275,20.4111,20.9985,21.108,-0.1095000000000006,-0.5188,51548.66,107783.036
300707.SZ,20201117,20.3314,21.5262,20.3314,21.108,20.2816,0.8263999999999996,4.0746,77286.0,163365.738
300707.SZ,20201116,20.3613,20.5803,20.0626,20.2816,20.6401,-0.3584999999999994,-1.7369,35109.0,71406.792
300707.SZ,20201113,20.4708,20.7994,20.1622,20.6401,20.1721,0.46799999999999997,2.32,46330.0,95495.536
300707.SZ,20201112,20.3713,20.4708,19.8436,20.1721,20.0626,0.1095000000000006,0.5458,47639.0,96603.131
300707.SZ,20201111,21.566,21.6457,20.0128,20.0626,21.4565,-1.3938999999999986,-6.4964,73801.0,153221.978
300707.SZ,20201110,22.263,22.3626,21.108,21.4565,22.2531,-0.7966000000000015,-3.5797,84088.0,181473.949
300707.SZ,20201109,21.4466,22.4522,21.3171,22.2531,21.2873,0.9658000000000015,4.537,104259.25,230332.196
300707.SZ,20201106,22.9002,22.9002,20.8193,21.2873,22.8405,-1.5532000000000004,-6.8002,124765.0,272947.27
300707.SZ,20201105,22.4024,23.3981,21.9245,22.8405,22.2033,0.6372,2.8698,163718.5,374026.103
300707.SZ,20201104,21.6258,22.2431,21.2076,22.2033,21.6059,0.5974000000000004,2.765,134897.14,297188.147
300707.SZ,20201103,22.0539,22.2033,21.1479,21.6059,22.0041,-0.3982000000000028,-1.8097,123319.66,266886.256
300707.SZ,20201102,21.4167,22.0838,20.6899,22.0041,21.4167,0.5874000000000024,2.7427,137997.93,297928.376
300707.SZ,20201030,23.4479,23.8362,21.4167,21.4167,23.7067,-2.2900000000000027,-9.6597,179241.14,405632.144
300707.SZ,20201029,24.2245,25.0907,23.2786,23.7067,25.7677,-2.061,-7.9984,294189.64,710294.26
300707.SZ,20201028,21.9046,25.7677,21.128,25.7677,21.4764,4.2913,19.9815,230632.0,539165.33
300707.SZ,20201027,21.6457,22.0241,20.6301,21.4764,21.6656,-0.1891999999999996,-0.8733,102628.0,219559.295
300707.SZ,20201026,21.4466,22.1336,20.7297,21.6656,21.1977,0.4679000000000002,2.2073,108804.5,235312.927
300707.SZ,20201023,22.3924,22.6911,21.0284,21.1977,22.4024,-1.204699999999999,-5.3775,148804.88,327565.073
300707.SZ,20201022,20.9089,23.8561,20.9089,22.4024,21.3669,1.035499999999999,4.8463,199049.38,452578.798
300707.SZ,20201021,20.9985,22.6812,20.6998,21.3669,21.1578,0.2090999999999994,0.9883,166424.32,361280.799
300707.SZ,20201020,20.6301,21.7054,20.4111,21.1578,20.5903,0.5675000000000026,2.7562,156169.18,331737.025
300707.SZ,20201019,21.1977,21.7751,20.4609,20.5903,21.1777,-0.5874000000000024,-2.7737,148974.51,312612.793
300707.SZ,20201016,20.9089,21.4067,20.1124,21.1777,21.7851,-0.6073999999999984,-2.7881,235310.44,492119.521
300707.SZ,20201015,20.3812,23.7266,19.5648,21.7851,19.7739,2.0111999999999988,10.171,317980.02,698002.82
300707.SZ,20201014,17.9319,20.9089,17.8224,19.7739,18.1609,1.6129999999999995,8.8817,149741.0,293425.074
300707.SZ,20201013,17.4838,18.4795,17.2548,18.1609,17.5635,0.5974000000000004,3.4014,80082.68,144812.27
300707.SZ,20201012,17.1154,17.6133,17.1154,17.5635,17.0358,0.527700000000003,3.0976,52421.0,91656.618
300707.SZ,20201009,16.6773,17.1752,16.6375,17.0358,16.4683,0.567499999999999,3.446,40791.0,69684.375
300707.SZ,20200930,16.4583,16.6674,16.1696,16.4683,16.3488,0.11949999999999861,0.7309,36002.19,59410.825
300707.SZ,20200929,16.6176,16.8367,16.3189,16.3488,16.5579,-0.2090999999999994,-1.2628,32355.5,53927.984
300707.SZ,20200928,17.1553,17.3046,16.518,16.5579,17.1254,-0.567499999999999,-3.3138,31672.45,53573.234
300707.SZ,20200925,17.5436,17.5934,17.0457,17.1254,17.3743,-0.24890000000000256,-1.4326,34386.0,59537.578
300707.SZ,20200924,18.0016,18.3003,17.2947,17.3743,18.3301,-0.9558,-5.2144,60692.5,107737.491
300707.SZ,20200923,18.3003,18.7384,18.2206,18.3301,18.3301,0.0,0.0,57701.0,106783.257
300707.SZ,20200922,19.4154,19.4154,18.1211,18.3301,19.744,-1.4138999999999982,-7.1612,92494.5,172788.313
300707.SZ,20200921,19.6842,20.192,19.286,19.744,19.8037,-0.05969999999999942,-0.3015,71795.0,142351.421
300707.SZ,20200918,19.9829,20.3314,19.4652,19.8037,19.963,-0.15930000000000177,-0.798,86347.8,171454.666
300707.SZ,20200917,20.6998,21.0085,19.7938,19.963,20.9189,-0.9558999999999997,-4.5696,140920.89,286840.499
300707.SZ,20200916,19.7042,21.0682,19.4652,20.9189,20.0726,0.8462999999999994,4.2162,177091.5,362763.694
300707.SZ,20200915,20.2219,21.108,19.515,20.0726,20.0825,-0.009899999999998244,-0.0493,174923.22,355302.523
300707.SZ,20200914,18.4795,20.4111,18.3799,20.0825,18.5492,1.5333000000000006,8.2661,153715.0,304126.729
300707.SZ,20200911,16.976,19.1565,16.8068,18.5492,17.9618,0.5873999999999988,3.2703,88110.55,156872.689
300707.SZ,20200910,19.3855,20.5106,17.7825,17.9618,19.1466,-1.1847999999999992,-6.188,128542.73,246753.78
300707.SZ,20200909,18.9275,20.3115,18.7384,19.1466,19.5747,-0.4281000000000006,-2.187,141815.03,278788.807
300707.SZ,20200908,18.6886,19.7938,18.0215,19.5747,18.8877,0.6870000000000012,3.6373,120716.04,231356.346
300707.SZ,20200907,18.5591,19.286,18.3003,18.8877,18.6189,0.2687999999999988,1.4437,105937.35,200312.431
300707.SZ,20200904,17.8522,18.828,17.7726,18.6189,18.5492,0.06970000000000098,0.3758,91895.59,169694.87
300707.SZ,20200903,19.3159,19.4154,18.1609,18.5492,20.1821,-1.6328999999999994,-8.0908,156212.26,295249.95
300707.SZ,20200902,20.4907,20.899,19.8236,20.1821,20.6998,-0.5177000000000014,-2.501,179559.83,368057.384
300707.SZ,20200901,19.4254,21.3968,19.3159,20.6998,19.4851,1.2147000000000006,6.234,222569.63,458736.006
300707.SZ,20200831,18.3401,19.8436,18.0812,19.4851,18.5691,0.9160000000000004,4.9329,165077.9,313598.534
300707.SZ,20200828,18.1609,18.9475,17.7029,18.5691,19.0669,-0.4978000000000016,-2.6108,152605.23,282109.777
300707.SZ,20200827,18.6587,20.8691,18.599,19.0669,18.0713,0.9955999999999996,5.5093,233863.43,458929.788
300707.SZ,20200826,17.6133,18.589,17.5137,18.0713,17.9219,0.14939999999999998,0.8336,120633.32,219963.374
300707.SZ,20200825,17.6133,18.0613,17.2747,17.9219,17.8622,0.05969999999999942,0.3342,89810.5,159717.538
300707.SZ,20200824,16.747,18.4198,16.5877,17.8622,16.8267,1.0355000000000025,6.1539,102014.0,180051.897
300707.SZ,20200821,16.8765,17.3743,16.747,16.8267,16.5479,0.2788000000000004,1.6848,36022.0,61543.798
300707.SZ,20200820,16.309,16.747,16.1496,16.5479,16.538,0.009899999999998244,0.0599,18844.0,31252.215
300707.SZ,20200819,16.9362,17.0557,16.4384,16.538,17.225,-0.6870000000000012,-3.9884,35431.0,59615.523
300707.SZ,20200818,16.986,17.4141,16.7869,17.225,16.7769,0.44810000000000016,2.6709,45691.41,78490.486
300707.SZ,20200817,16.5678,16.8367,16.3687,16.7769,16.5081,0.26880000000000237,1.6283,20965.91,35108.006
300707.SZ,20200814,16.4284,16.5977,16.1994,16.5081,16.5678,-0.05969999999999942,-0.3603,20711.61,34087.577
300707.SZ,20200813,16.4185,17.0059,16.3986,16.5678,16.3488,0.21899999999999764,1.3395,32510.71,54640.946
300707.SZ,20200812,16.4085,16.528,15.7813,16.3488,16.3786,-0.02979999999999805,-0.1819,29902.85,48433.301
300707.SZ,20200811,16.757,16.9263,16.3388,16.3786,16.8167,-0.43810000000000215,-2.6051,23198.45,38925.507
300707.SZ,20200810,16.6674,16.976,16.4483,16.8167,16.5977,0.2190000000000012,1.3195,20842.8,35100.858
300707.SZ,20200807,16.9362,17.0258,16.3587,16.5977,17.0557,-0.45800000000000196,-2.6853,32202.47,53793.08
300707.SZ,20200806,17.1951,17.2847,16.8167,17.0557,17.1851,-0.12939999999999685,-0.753,31805.09,54389.039
300707.SZ,20200805,17.4141,17.5037,16.9462,17.1851,17.6033,-0.41820000000000235,-2.3757,38358.0,66108.904
300707.SZ,20200804,17.6033,17.902,17.1055,17.6033,17.4241,0.17920000000000158,1.0285,58944.0,103063.366
300707.SZ,20200803,17.0756,17.5037,16.9661,17.4241,16.8964,0.5276999999999994,3.1232,35816.8,62258.06
300707.SZ,20200731,16.7271,17.0258,16.6176,16.8964,16.757,0.13939999999999841,0.8319,25632.8,43362.017
300707.SZ,20200730,16.8367,17.0657,16.6973,16.757,16.9163,-0.15929999999999822,-0.9417,23894.0,40407.997
300707.SZ,20200729,16.5877,16.9561,16.3289,16.9163,16.5678,0.34850000000000136,2.1035,28398.0,47698.459
300707.SZ,20200728,16.518,16.7869,16.3587,16.5678,16.2592,0.30859999999999843,1.898,29213.0,48673.823
300707.SZ,20200727,16.8964,17.0059,16.0103,16.2592,16.7769,-0.5177000000000014,-3.0858,36494.0,59729.589
300707.SZ,20200724,17.2449,18.0613,16.747,16.7769,17.4938,-0.716899999999999,-4.098,55879.0,97532.071
300707.SZ,20200723,17.5237,17.6232,16.8566,17.4938,17.683,-0.1891999999999996,-1.07,50230.0,87063.652
300707.SZ,20200722,17.9219,17.9219,17.5734,17.683,18.0215,-0.3384999999999998,-1.8783,47802.0,85154.383
300707.SZ,20200721,17.8224,18.2107,17.3345,18.0215,17.5934,0.4281000000000006,2.4333,62310.0,111462.907
300707.SZ,20200720,17.4838,17.7128,17.205,17.5934,17.2548,0.33859999999999957,1.9624,43041.0,75496.614
300707.SZ,20200717,16.9263,18.0713,16.8964,17.2548,16.8466,0.4082000000000008,2.423,49941.5,86745.534
300707.SZ,20200716,18.1011,18.1011,16.6674,16.8466,17.9219,-1.0753000000000021,-5.9999,59764.5,104949.253
300707.SZ,20200715,18.9873,19.1267,17.8224,17.9219,19.2262,-1.3042999999999978,-6.784,98547.0,180816.811
300707.SZ,20200714,18.4198,19.7639,18.4198,19.2262,18.7981,0.42809999999999704,2.2774,131612.53,252700.83
300707.SZ,20200713,17.9916,18.9674,17.9916,18.7981,18.2903,0.5078000000000031,2.7763,94047.29,175831.746
300707.SZ,20200710,18.9076,19.3358,18.141,18.2903,18.8877,-0.5974000000000004,-3.1629,88513.0,165861.418
300707.SZ,20200709,18.4596,18.9076,17.7726,18.8877,18.6786,0.2090999999999994,1.1195,103495.61,193311.272
300707.SZ,20200708,17.9219,19.0669,17.7327,18.6786,18.0713,0.6072999999999986,3.3606,115682.46,215002.837
300707.SZ,20200707,18.1211,18.5293,17.4739,18.0713,17.3444,0.7269000000000005,4.191,138179.4,250798.132
300707.SZ,20200706,16.6375,17.4838,16.4284,17.3444,16.5479,0.7965000000000018,4.8133,88830.4,151666.418
300707.SZ,20200703,16.4185,16.5977,16.0899,16.5479,16.0799,0.46799999999999997,2.9105,71824.0,118247.147
300707.SZ,20200702,16.0202,16.3587,15.841,16.0799,16.0202,0.05969999999999942,0.3727,52050.49,83812.18
300707.SZ,20200701,16.0401,16.8167,15.9804,16.0202,15.7116,0.30859999999999843,1.9642,71014.0,116403.129
300707.SZ,20200630,15.5323,15.8908,15.5323,15.7116,15.4527,0.2589000000000006,1.6754,33302.0,52613.607
300707.SZ,20200629,16.1795,16.1795,15.4427,15.4527,16.5479,-1.0951999999999984,-6.6184,59762.0,94114.69
300707.SZ,20200624,16.4384,16.6475,16.2293,16.5479,16.4683,0.07959999999999923,0.4834,37153.32,61372.601
300707.SZ,20200623,16.6873,16.6873,16.3488,16.4683,16.8068,-0.3384999999999998,-2.0141,45969.5,75999.34
300707.SZ,20200622,16.1098,16.8068,16.1098,16.8068,16.0799,0.7269000000000005,4.5206,75631.84,126027.988
300707.SZ,20200619,15.9704,16.2393,15.8808,16.0799,15.9704,0.10949999999999882,0.6856,35566.34,57518.151
300707.SZ,20200618,15.9306,16.0799,15.831,15.9704,16.0799,-0.10949999999999882,-0.681,27876.0,44704.424
300707.SZ,20200617,16.2393,16.2393,15.7016,16.0799,16.289,-0.20910000000000295,-1.2837,50723.74,81234.946
300707.SZ,20200616,16.1795,16.309,16.0202,16.289,16.0103,0.2787000000000006,1.7408,49993.5,81045.557
300707.SZ,20200615,16.7371,16.8068,15.7713,16.0103,16.8665,-0.8561999999999976,-5.0763,84142.5,135767.543
300707.SZ,20200612,16.1397,17.215,16.1397,16.8665,16.7769,0.08959999999999724,0.5341,95315.34,160751.601
300707.SZ,20200611,16.8765,17.5635,16.6773,16.7769,16.1496,0.6273000000000017,3.8843,133925.51,229404.6
300707.SZ,20200610,16.4284,16.5678,16.0103,16.1496,16.5977,-0.44810000000000016,-2.6998,52090.0,84658.537
300707.SZ,20200609,16.309,17.225,16.309,16.5977,15.9804,0.6173000000000002,3.8629,82747.17,138835.806
300707.SZ,20200608,16.1198,16.2791,15.841,15.9804,15.9406,0.03979999999999961,0.2497,26315.51,42414.722
300707.SZ,20200605,16.2193,16.2193,15.7514,15.9406,16.1297,-0.18909999999999982,-1.1724,26733.0,42734.905
300707.SZ,20200604,16.1297,16.2791,15.9306,16.1297,16.07,0.05969999999999942,0.3715,32677.0,52862.634
300707.SZ,20200603,16.06,16.2691,15.8709,16.07,16.0501,0.019899999999999807,0.124,36396.0,58673.443
300707.SZ,20200602,16.2791,16.4981,15.9306,16.0501,16.0899,-0.03979999999999961,-0.2474,37318.51,60563.576
300707.SZ,20200601,15.6319,16.1198,15.4826,16.0899,15.4427,0.6471999999999998,4.191,41893.7,66950.944
300707.SZ,20200529,15.2336,15.5025,15.1839,15.4427,15.4228,0.019899999999999807,0.129,31194.0,48222.325
300707.SZ,20200528,15.6319,15.7016,14.9648,15.4228,15.6319,-0.2090999999999994,-1.3376,41998.5,64510.163
300707.SZ,20200527,15.6817,15.9306,15.5224,15.6319,15.6817,-0.0497999999999994,-0.3176,43334.16,68479.263
300707.SZ,20200526,15.3232,15.7713,15.2038,15.6817,15.2038,0.4779,3.1433,42504.33,66513.66
300707.SZ,20200525,15.9804,16.0103,15.1341,15.2038,16.0401,-0.8362999999999996,-5.2138,59052.99,91972.588
300707.SZ,20200522,16.5877,16.9163,16.0401,16.0401,16.7172,-0.6770999999999994,-4.0503,51289.82,84552.48
300707.SZ,20200521,17.638,17.7076,16.694,16.7238,17.8864,-1.1625999999999976,-6.4999,86009.93,148380.775
300707.SZ,20200520,17.4989,18.0852,17.1412,17.8864,17.7771,0.10929999999999751,0.6148,129381.47,230260.888
300707.SZ,20200519,16.7139,18.5323,16.7039,17.7771,16.8431,0.934000000000001,5.5453,162788.34,293143.929
300707.SZ,20200518,16.4058,17.161,15.7301,16.8431,16.6344,0.20870000000000033,1.2546,91299.3,150262.489
300707.SZ,20200515,16.4754,16.853,16.227,16.6344,16.217,0.41740000000000066,2.5738,56024.5,93393.721
300707.SZ,20200514,16.2965,16.545,16.217,16.217,16.6145,-0.39750000000000085,-2.3925,40856.0,67232.174
300707.SZ,20200513,16.5549,16.7834,16.4655,16.6145,16.9524,-0.3379000000000012,-1.9932,42501.0,71110.049
300707.SZ,20200512,17.1909,17.2405,16.4655,16.9524,17.4989,-0.5464999999999982,-3.1231,75429.0,128066.182
300707.SZ,20200511,17.0219,17.5883,16.8729,17.4989,16.8927,0.6061999999999976,3.5885,98177.25,169848.162
300707.SZ,20200508,16.9623,17.1809,16.7934,16.8927,16.8431,0.04960000000000164,0.2945,70199.75,119733.175
300707.SZ,20200507,17.2405,17.3399,16.7735,16.8431,17.5188,-0.6756999999999991,-3.857,102822.78,175894.284
300707.SZ,20200506,16.9921,17.7274,16.9722,17.5188,17.7473,-0.22850000000000037,-1.2875,121194.64,211389.621
300707.SZ,20200430,17.4194,18.5423,17.32,17.7473,17.489,0.2582999999999984,1.4769,178802.62,320441.234
300707.SZ,20200429,16.2568,18.0653,16.1077,17.489,16.853,0.6359999999999992,3.7738,216915.86,372936.593
300707.SZ,20200428,15.6705,16.853,15.6705,16.853,15.3227,1.5303000000000022,9.9871,141198.86,236554.938
300707.SZ,20200427,15.6009,16.4456,15.1339,15.3227,16.0481,-0.7254000000000023,-4.5202,88720.5,140234.139
300707.SZ,20200424,16.386,17.3697,15.909,16.0481,16.0779,-0.02979999999999805,-0.1853,167083.7,277588.826
300707.SZ,20200423,14.7464,16.0779,14.6967,16.0779,14.6172,1.4606999999999992,9.993,56255.15,88542.978
300707.SZ,20200422,14.5079,14.6768,14.3588,14.6172,14.5079,0.10930000000000106,0.7534,30173.5,44181.465
300707.SZ,20200421,14.5973,14.6669,14.2197,14.5079,14.7166,-0.20870000000000033,-1.4181,40663.0,58974.184
300707.SZ,20200420,14.7861,15.0047,14.647,14.7166,14.7861,-0.06949999999999967,-0.47,40622.95,60345.191
300707.SZ,20200417,15.0544,15.2134,14.6768,14.7861,14.8656,-0.07950000000000124,-0.5348,43681.8,65674.855
300707.SZ,20200416,14.6371,15.0544,14.5377,14.8656,14.9252,-0.05959999999999965,-0.3993,43985.8,65580.498
300707.SZ,20200415,14.9948,15.3724,14.7066,14.9252,14.7762,0.1490000000000009,1.0084,74212.52,112320.289
300707.SZ,20200414,14.4781,15.0445,14.4781,14.7762,14.17,0.6061999999999994,4.2781,59179.0,87947.128
300707.SZ,20200413,14.329,14.4681,13.8222,14.17,14.2893,-0.11930000000000085,-0.8349,27356.0,39042.117
300707.SZ,20200410,14.339,14.8457,14.1899,14.2893,14.4681,-0.17879999999999896,-1.2358,48304.0,70596.298
300707.SZ,20200409,14.7265,15.0147,14.3091,14.4681,14.2992,0.16889999999999894,1.1812,59011.0,86847.325
300707.SZ,20200408,14.3588,14.5079,14.17,14.2992,14.5079,-0.20869999999999855,-1.4385,33686.5,48557.812
300707.SZ,20200407,13.9713,14.6172,13.8918,14.5079,13.7129,0.7949999999999999,5.7975,50431.0,72194.618
300707.SZ,20200403,14.0409,14.2793,13.6136,13.7129,13.9415,-0.22860000000000014,-1.6397,33614.77,46972.348
300707.SZ,20200402,13.2558,13.9614,13.236,13.9415,13.5142,0.4272999999999989,3.1619,36757.39,50677.21
300707.SZ,20200401,13.6533,14.0508,13.4446,13.5142,13.4248,0.08940000000000126,0.6659,42663.32,58919.805
300707.SZ,20200331,13.862,14.1104,13.385,13.4248,13.703,-0.2782,-2.0302,30950.0,42408.62
300707.SZ,20200330,13.7924,14.0011,13.2956,13.703,14.3886,-0.6856000000000009,-4.7649,43589.7,59733.611
300707.SZ,20200327,14.8159,14.8855,14.339,14.3886,14.6073,-0.21870000000000012,-1.4972,30614.7,44952.11
300707.SZ,20200326,14.9749,15.1041,14.5476,14.6073,14.9153,-0.30799999999999983,-2.065,35851.5,53319.919
300707.SZ,20200325,15.0842,15.3227,14.806,14.9153,14.5675,0.34779999999999944,2.3875,51693.0,78102.621
300707.SZ,20200324,14.5476,14.8656,13.862,14.5675,14.2992,0.2683,1.8763,42313.0,61456.657
300707.SZ,20200323,14.5973,14.9054,14.2197,14.2992,14.9849,-0.6856999999999989,-4.5759,38645.5,56610.754
300707.SZ,20200320,15.273,15.3525,14.7762,14.9849,14.7861,0.1988000000000003,1.3445,34776.0,52690.044
300707.SZ,20200319,14.3588,14.955,14.2495,14.7861,14.5874,0.19869999999999877,1.3621,41128.5,61025.477
300707.SZ,20200318,15.4817,15.6804,14.5576,14.5874,14.9749,-0.3874999999999993,-2.5877,57990.5,88967.706
300707.SZ,20200317,15.0544,15.3028,14.2396,14.9749,14.8656,0.10929999999999929,0.7353,45200.45,67702.357
300707.SZ,20200316,16.1475,16.2369,14.4483,14.8656,15.9885,-1.1228999999999996,-7.0232,53860.1,83579.081
300707.SZ,20200313,15.5016,16.2369,15.3525,15.9885,16.5549,-0.5663999999999998,-3.4213,47488.45,75137.031
300707.SZ,20200312,16.5052,16.7934,16.2767,16.5549,16.9325,-0.37760000000000105,-2.23,36836.24,61331.753
300707.SZ,20200311,17.4492,17.8368,16.8927,16.9325,17.3002,-0.36769999999999925,-2.1254,48095.24,83840.164
300707.SZ,20200310,16.3959,17.4591,16.0978,17.3002,16.694,0.6062000000000012,3.6312,57009.7,96318.387
300707.SZ,20200309,17.5088,17.9461,16.6145,16.694,18.2442,-1.5502000000000002,-8.4969,67966.7,118119.833
300707.SZ,20200306,18.0852,18.6913,18.0752,18.2442,18.6118,-0.3675999999999995,-1.9751,52736.91,97207.726
300707.SZ,20200305,18.4032,18.7112,17.9858,18.6118,18.1945,0.41729999999999734,2.2936,80373.2,148573.48
300707.SZ,20200304,17.5088,18.2342,17.489,18.1945,18.0752,0.11930000000000263,0.66,57493.12,103521.752
300707.SZ,20200303,18.3336,18.7609,17.7771,18.0752,17.797,0.2781999999999982,1.5632,75460.9,138729.111
300707.SZ,20200302,17.4691,18.0852,16.9921,17.797,17.489,0.30799999999999983,1.7611,71204.34,126313.448
300707.SZ,20200228,17.638,18.1746,17.489,17.489,19.4366,-1.9475999999999978,-10.0203,93996.43,166899.58
300707.SZ,20200227,19.8738,20.3508,19.2875,19.4366,20.0825,-0.645900000000001,-3.2162,66896.31,132587.659
300707.SZ,20200226,20.9271,21.3147,19.685,20.0825,21.7519,-1.6693999999999996,-7.6747,105266.81,218321.039
300707.SZ,20200225,19.7844,22.1593,19.5459,21.7519,21.2849,0.46699999999999875,2.194,182938.24,379975.147
300707.SZ,20200224,21.0762,21.7121,20.8973,21.2849,22.2487,-0.9637999999999991,-4.3319,168362.09,360018.326
300707.SZ,20200221,21.7022,22.6959,20.9172,22.2487,20.629,1.6196999999999981,7.8516,270238.11,599627.458
300707.SZ,20200220,19.1385,20.629,18.9099,20.629,18.7509,1.8780999999999999,10.0161,160574.75,320452.643
300707.SZ,20200219,19.1186,19.3273,18.4926,18.7509,18.9298,-0.17889999999999873,-0.9451,112473.15,213901.965
300707.SZ,20200218,18.4926,19.1484,18.4032,18.9298,18.3336,0.5961999999999996,3.252,110784.19,209234.796
300707.SZ,20200217,17.8069,18.3634,17.8069,18.3336,17.6778,0.6557999999999993,3.7097,71430.64,130576.467
300707.SZ,20200214,18.3038,18.433,17.489,17.6778,18.1249,-0.44709999999999894,-2.4668,74212.18,134077.318
300707.SZ,20200213,18.8801,18.9696,17.8467,18.1249,19.0789,-0.9540000000000006,-5.0003,118011.24,217077.575
300707.SZ,20200212,18.6118,19.3472,18.6118,19.0789,19.0093,0.06960000000000122,0.3661,89882.38,172113.904
300707.SZ,20200211,19.9235,19.9235,18.9099,19.0093,20.0626,-1.0533000000000001,-5.2501,121860.05,235234.473
300707.SZ,20200210,18.5323,20.4601,18.4926,20.0626,18.9596,1.1030000000000015,5.8176,184820.11,364320.651
300707.SZ,20200207,19.6453,19.7844,18.5423,18.9596,19.8838,-0.9242000000000026,-4.648,141893.06,271736.331
300707.SZ,20200206,18.3833,20.4203,18.3833,19.8838,19.526,0.357800000000001,1.8324,203125.87,394961.972
300707.SZ,20200205,18.4628,19.526,17.8964,19.526,17.7473,1.7787000000000006,10.0224,193947.57,366489.247
300707.SZ,20200204,16.6046,18.1349,16.6046,17.7473,16.5251,1.2222000000000008,7.396,139589.81,246017.216
300707.SZ,20200203,16.5251,16.5251,16.5251,16.5251,18.3634,-1.8383000000000003,-10.0107,19483.0,32400.229
300707.SZ,20200123,19.0987,19.5459,17.8864,18.3634,19.3571,-0.9937000000000005,-5.1335,128601.77,241476.888
300707.SZ,20200122,19.2279,19.844,18.6416,19.3571,19.0192,0.33789999999999765,1.7766,140371.2,273982.644
300707.SZ,20200121,20.0924,20.3508,18.9795,19.0192,20.6688,-1.6495999999999995,-7.9811,173373.2,342357.58
300707.SZ,20200120,21.4041,21.5631,20.2912,20.6688,22.1196,-1.4507999999999974,-6.5589,194004.04,406615.541
300707.SZ,20200117,24.6137,25.1404,21.9506,22.1196,24.0374,-1.9178000000000033,-7.9784,224041.66,534002.958
300707.SZ,20200116,23.0834,25.1404,22.676,24.0374,23.0139,1.023500000000002,4.4473,243604.3,585134.734
300707.SZ,20200115,23.3517,23.4014,21.8612,23.0139,23.6896,-0.6756999999999991,-2.8523,216436.12,493790.499
300707.SZ,20200114,22.358,23.6896,22.0103,23.6896,21.5333,2.156299999999998,10.0138,274334.2,631846.483
300707.SZ,20200113,21.1457,22.0599,20.6886,21.5333,21.742,-0.20870000000000033,-0.9599,190083.56,409156.79
300707.SZ,20200110,20.8675,23.9281,20.6787,21.742,22.1096,-0.3675999999999995,-1.6626,278264.97,618605.484
300707.SZ,20200109,22.4177,23.1431,19.9732,22.1096,21.2153,0.8943000000000012,4.2154,330021.94,721830.097
300707.SZ,20200108,18.9795,21.2153,18.6019,21.2153,19.2875,1.9277999999999977,9.9951,186943.96,388348.162
300707.SZ,20200107,20.8178,20.8178,17.9361,19.2875,19.9235,-0.6359999999999992,-3.1922,278594.73,540188.014
300707.SZ,20200106,17.8964,19.9235,17.8964,19.9235,18.115,1.8085000000000022,9.9834,276409.55,530682.824
300707.SZ,20200103,21.1656,21.7221,18.115,18.115,20.1123,-1.9973000000000027,-9.9307,296592.9,571037.265
300707.SZ,20200102,18.0653,20.1123,18.0653,20.1123,18.2839,1.828400000000002,10.0001,211273.76,410976.514
300707.SZ,20191231,19.0391,19.8738,18.2839,18.2839,19.0391,-0.7552000000000021,-3.9666,259216.69,501914.801
300707.SZ,20191230,19.8738,20.2713,19.0391,19.0391,21.1557,-2.1165999999999983,-10.0049,233184.12,451234.85
300707.SZ,20191227,20.5694,21.1557,20.1322,21.1557,19.2279,1.9277999999999977,10.0261,305027.63,640876.874
300707.SZ,20191226,17.8864,19.2279,17.5685,19.2279,17.479,1.7489000000000026,10.0057,288010.91,533571.3
300707.SZ,20191225,17.479,17.479,17.479,17.479,15.8891,1.5899,10.0062,29615.0,52092.785
300707.SZ,20191224,15.4121,15.8891,14.955,15.8891,14.4483,1.4407999999999994,9.9721,95834.79,150486.124
300707.SZ,20191223,13.395,14.4483,13.1167,14.4483,13.1366,1.3117,9.9851,87114.34,123289.877
300707.SZ,20191220,12.1727,13.1366,12.1727,13.1366,11.9442,1.1923999999999992,9.9831,43517.35,55855.036
300707.SZ,20191219,11.9044,11.974,11.8249,11.9442,12.0336,-0.08939999999999948,-0.7429,20499.01,24516.873
300707.SZ,20191218,11.9541,12.4211,11.7752,12.0336,11.8746,0.1590000000000007,1.339,31624.0,38469.445
300707.SZ,20191217,11.9044,12.0733,11.7752,11.8746,11.7752,0.09939999999999927,0.8441,22388.0,26875.448
300707.SZ,20191216,11.6162,11.7852,11.5566,11.7752,11.6262,0.14899999999999913,1.2816,15171.0,17855.734
300707.SZ,20191213,11.4771,11.7951,11.4274,11.6262,11.3082,0.3180000000000014,2.8121,20105.0,23532.236
300707.SZ,20191212,11.5566,11.5765,11.2883,11.3082,11.5467,-0.23850000000000016,-2.0655,11140.04,12790.962
300707.SZ,20191211,11.5169,11.6162,11.4274,11.5467,11.5268,0.019899999999999807,0.1726,9586.0,11131.957
300707.SZ,20191210,11.6063,11.6063,11.4076,11.5268,11.4672,0.05959999999999965,0.5197,8313.0,9625.103
300707.SZ,20191209,11.5467,11.7057,11.4374,11.4672,11.6063,-0.1390999999999991,-1.1985,11389.0,13210.838
300707.SZ,20191206,11.5069,11.6759,11.3976,11.6063,11.4076,0.19869999999999877,1.7418,18905.67,21989.947
300707.SZ,20191205,11.5169,11.6262,11.3579,11.4076,11.4274,-0.01980000000000004,-0.1733,13310.0,15325.197
300707.SZ,20191204,11.2784,11.6759,11.2287,11.4274,11.3976,0.029799999999999827,0.2615,20213.0,23407.308
300707.SZ,20191203,11.03,11.8249,10.8412,11.3976,11.03,0.36760000000000126,3.3327,21565.05,24522.701
300707.SZ,20191202,11.03,11.179,10.9703,11.03,11.0995,-0.06950000000000145,-0.6262,8526.01,9489.063
300707.SZ,20191129,10.8809,11.2486,10.7716,11.0995,10.8412,0.2583000000000002,2.3826,12832.32,14203.015
300707.SZ,20191128,10.9405,10.9703,10.7319,10.8412,10.9008,-0.05959999999999965,-0.5467,5757.0,6293.299
300707.SZ,20191127,10.9207,11.02,10.8511,10.9008,10.8809,0.019899999999999807,0.1829,7808.0,8596.357
300707.SZ,20191126,10.9306,11.0797,10.8511,10.8809,10.9207,-0.03979999999999961,-0.3644,8846.0,9748.431
300707.SZ,20191125,11.2883,11.3082,10.8511,10.9207,11.2983,-0.37759999999999927,-3.3421,17028.0,18799.46
300707.SZ,20191122,11.4175,11.6659,11.2585,11.2983,11.3976,-0.09930000000000128,-0.8712,11483.01,13215.598
300707.SZ,20191121,11.4473,11.4473,11.2883,11.3976,11.4175,-0.019899999999999807,-0.1743,5872.17,6722.038
300707.SZ,20191120,11.6162,11.6162,11.3281,11.4175,11.5268,-0.10929999999999929,-0.9482,10013.0,11537.429
300707.SZ,20191119,11.4374,11.5566,11.3082,11.5268,11.3976,0.1291999999999991,1.1336,9564.0,11058.232
300707.SZ,20191118,11.0399,11.5467,11.0399,11.3976,11.3082,0.08940000000000126,0.7906,12427.5,14260.671
300707.SZ,20191115,12.123,12.123,11.1293,11.3082,12.1131,-0.8049,-6.6449,26816.5,30977.279
300707.SZ,20191114,12.0932,12.2125,12.0237,12.1131,12.0932,0.019899999999999807,0.1646,9226.0,11240.079
300707.SZ,20191113,12.3218,12.3218,12.0237,12.0932,12.2522,-0.1590000000000007,-1.2977,10077.0,12283.598
300707.SZ,20191112,12.0932,12.2721,12.0435,12.2522,12.0932,0.1590000000000007,1.3148,11011.0,13489.257
300707.SZ,20191111,12.2323,12.3218,12.0634,12.0932,12.3814,-0.2881999999999998,-2.3277,15958.0,19590.567
300707.SZ,20191108,12.4013,12.6994,12.3019,12.3814,12.3516,0.029799999999999827,0.2413,22251.32,27937.853
300707.SZ,20191107,12.0237,12.5006,12.0237,12.3516,12.6199,-0.2683,-2.126,30112.0,37165.467
300707.SZ,20191106,12.4808,13.2956,12.4808,12.6199,12.3019,0.3179999999999996,2.585,39421.99,51011.7
300707.SZ,20191105,12.5503,12.5503,12.2224,12.3019,12.5404,-0.23850000000000016,-1.9019,16707.35,20719.602
300707.SZ,20191104,12.5702,12.6199,12.3317,12.5404,12.5901,-0.04969999999999963,-0.3948,15154.35,19046.512
300707.SZ,20191101,12.3218,12.6298,12.292,12.5901,12.4211,0.16900000000000048,1.3606,17491.35,21981.566
300707.SZ,20191031,12.7093,12.7093,12.3416,12.4211,12.6298,-0.20870000000000033,-1.6524,23181.0,29093.302
300707.SZ,20191030,12.9279,12.9975,12.441,12.6298,13.0273,-0.39750000000000085,-3.0513,32061.99,40778.677
300707.SZ,20191029,13.3155,13.4347,13.0174,13.0273,13.5341,-0.5068000000000001,-3.7446,42993.67,56936.442
300707.SZ,20191028,12.8782,13.5341,12.8683,13.5341,13.6235,-0.08939999999999948,-0.6562,63910.68,84936.211
300707.SZ,20191025,13.6036,14.1104,13.3254,13.6235,13.5539,0.06959999999999944,0.5135,110445.32,153387.439
300707.SZ,20191024,12.6199,13.5539,12.6199,13.5539,12.3218,1.2321000000000009,9.9994,35783.16,48351.531
300707.SZ,20191023,12.441,12.5205,12.2323,12.3218,12.5006,-0.17880000000000074,-1.4303,8971.0,11178.774
300707.SZ,20191022,12.3814,12.5702,12.3416,12.5006,12.3715,0.1291000000000011,1.0435,10443.0,13083.123
300707.SZ,20191021,12.6199,12.7192,12.0733,12.3715,12.6795,-0.3080000000000016,-2.4291,12383.0,15402.728
300707.SZ,20191018,13.1167,13.1167,12.5503,12.6795,13.1465,-0.46699999999999875,-3.5523,27502.46,35424.04
300707.SZ,20191017,12.908,13.4148,12.7292,13.1465,12.8584,0.2881,2.2406,28902.22,38053.723
300707.SZ,20191016,13.0273,13.1664,12.8484,12.8584,13.0571,-0.19870000000000054,-1.5218,12775.17,16698.913
300707.SZ,20191015,13.0968,13.3453,13.0372,13.0571,13.1863,-0.1291999999999991,-0.9798,14428.17,19139.688
300707.SZ,20191014,13.1366,13.2956,13.0174,13.1863,12.9875,0.19879999999999853,1.5307,16243.01,21477.211
300707.SZ,20191011,13.1863,13.1863,12.9478,12.9875,13.067,-0.07949999999999946,-0.6084,11032.0,14501.244
300707.SZ,20191010,13.0571,13.2161,13.0074,13.067,13.1167,-0.04969999999999963,-0.3789,11848.0,15609.569
300707.SZ,20191009,12.6795,13.1863,12.6696,13.1167,12.8882,0.22850000000000037,1.7729,11609.33,15197.13
300707.SZ,20191008,12.6497,13.1664,12.6497,12.8882,12.7292,0.15899999999999892,1.2491,8493.0,11019.068
300707.SZ,20190930,12.8683,12.9975,12.6199,12.7292,12.7987,-0.06949999999999967,-0.543,10834.33,13972.096
300707.SZ,20190927,12.8683,13.0968,12.6596,12.7987,12.7391,0.05959999999999965,0.4679,12719.94,16477.767
300707.SZ,20190926,13.4943,13.4943,12.7292,12.7391,13.4446,-0.7054999999999989,-5.2475,28208.13,37041.741
300707.SZ,20190925,14.011,14.0806,13.4148,13.4446,14.1203,-0.6757000000000009,-4.7853,24815.16,34155.062
300707.SZ,20190924,14.0806,14.6073,13.9216,14.1203,13.9415,0.17880000000000074,1.2825,42556.17,60869.335
300707.SZ,20190923,13.7229,14.1899,13.7229,13.9415,13.8421,0.09939999999999927,0.7181,27954.44,39338.829
300707.SZ,20190920,13.6235,13.9614,13.5539,13.8421,13.5738,0.2683,1.9766,25045.0,34791.104
300707.SZ,20190919,13.6136,13.6136,13.3353,13.5738,13.5341,0.039699999999999847,0.2933,15587.64,21158.142
300707.SZ,20190918,13.5539,13.7427,13.4645,13.5341,13.5937,-0.05959999999999965,-0.4384,14931.23,20390.98
300707.SZ,20190917,14.2098,14.3886,13.4943,13.5937,14.1303,-0.5366,-3.7975,33395.55,47042.059
300707.SZ,20190916,13.9117,14.1303,13.8123,14.1303,14.0309,0.09939999999999927,0.7084,23000.69,32316.992
300707.SZ,20190912,14.1303,14.3191,13.9912,14.0309,14.1104,-0.07949999999999946,-0.5634,19177.56,27206.6
300707.SZ,20190911,14.011,14.1899,13.9415,14.1104,14.0508,0.05959999999999965,0.4242,21722.93,30675.242
300707.SZ,20190910,14.1104,14.18,13.9216,14.0508,14.1005,-0.04969999999999963,-0.3525,20379.59,28717.547
300707.SZ,20190909,13.8819,14.1005,13.8123,14.1005,13.862,0.23850000000000016,1.7205,29316.85,41160.174
300707.SZ,20190906,13.7924,13.9912,13.7129,13.862,13.6831,0.1789000000000005,1.3075,27627.85,38442.314
300707.SZ,20190905,13.6632,13.8819,13.544,13.6831,13.6136,0.06949999999999967,0.5105,29980.87,41406.369
300707.SZ,20190904,13.5341,13.7328,13.3254,13.6136,13.544,0.06959999999999944,0.5139,21480.0,29230.286
300707.SZ,20190903,13.6334,13.7924,13.3552,13.544,13.5838,-0.03979999999999961,-0.293,19755.96,26970.596
300707.SZ,20190902,13.2956,13.6136,13.1962,13.5838,13.1167,0.4671000000000003,3.5611,16072.0,21790.599
300707.SZ,20190830,13.7129,13.7129,13.0968,13.1167,13.5838,-0.4671000000000003,-3.4387,20472.0,27484.038
300707.SZ,20190829,13.6334,13.8521,13.544,13.5838,13.6235,-0.039699999999999847,-0.2914,18688.48,25683.66
300707.SZ,20190828,13.544,13.862,13.395,13.6235,13.4446,0.1789000000000005,1.3306,25401.51,34885.377
300707.SZ,20190827,13.236,13.7129,13.236,13.4446,13.1664,0.2782,2.113,17932.51,24326.942
300707.SZ,20190826,12.918,13.5838,12.7689,13.1664,13.3055,-0.1391000000000009,-1.0454,15474.77,20691.967
300707.SZ,20190823,13.7129,13.7924,13.2757,13.3055,13.8024,-0.4969000000000001,-3.6001,24336.59,32875.142
300707.SZ,20190822,13.2956,14.011,13.2757,13.8024,13.1863,0.6161000000000012,4.6723,36730.16,50647.175
300707.SZ,20190821,13.5937,13.5937,12.1826,13.1863,13.5341,-0.3478000000000012,-2.5698,21072.36,28316.289
300707.SZ,20190820,13.4943,13.7825,13.4546,13.5341,13.4844,0.04969999999999963,0.3686,19922.0,27263.842
300707.SZ,20190819,13.1962,13.4943,13.1068,13.4844,13.1763,0.3081000000000014,2.3383,20805.14,27992.223
300707.SZ,20190816,13.1366,13.7129,12.9379,13.1763,13.1565,0.01980000000000004,0.1505,20621.0,27462.002
300707.SZ,20190815,12.8186,13.2161,12.6199,13.1565,12.918,0.23850000000000016,1.8463,15785.33,20645.583
300707.SZ,20190814,12.9379,13.0869,12.8484,12.918,12.7987,0.11929999999999907,0.9321,9165.33,11960.848
300707.SZ,20190813,12.918,12.9478,12.6497,12.7987,13.067,-0.2683,-2.0533,9324.56,12016.39
300707.SZ,20190812,12.8484,13.0968,12.7689,13.067,12.8584,0.20860000000000056,1.6223,9358.56,12168.395
300707.SZ,20190809,12.908,13.3055,12.7192,12.8584,12.8584,0.0,0.0,12113.35,15866.248
300707.SZ,20190808,12.8186,13.067,12.6696,12.8584,12.6099,0.24849999999999994,1.9707,10962.5,14260.86
300707.SZ,20190807,13.067,13.1068,12.6,12.6099,12.9279,-0.3179999999999996,-2.4598,11098.34,14351.763
300707.SZ,20190806,13.226,13.3353,12.6397,12.9279,13.5341,-0.6062000000000012,-4.4791,17643.16,23052.434
300707.SZ,20190805,13.4844,13.7626,13.3651,13.5341,13.4943,0.03979999999999961,0.2949,13265.34,18147.772
300707.SZ,20190802,13.6632,13.7626,13.385,13.4943,13.8123,-0.3179999999999996,-2.3023,13686.28,18640.871
300707.SZ,20190801,13.5838,14.0011,13.5341,13.8123,13.6931,0.11920000000000108,0.8705,12732.86,17693.841
300707.SZ,20190731,14.011,14.011,13.6632,13.6931,14.011,-0.31789999999999985,-2.2689,13070.65,18144.098
300707.SZ,20190730,13.6732,14.18,13.5639,14.011,13.6732,0.33779999999999966,2.4705,19029.84,26615.11
300707.SZ,20190729,13.6931,13.8322,13.4744,13.6732,13.703,-0.029799999999999827,-0.2175,11372.36,15600.824
300707.SZ,20190726,13.4248,13.9315,13.385,13.703,13.4943,0.20869999999999855,1.5466,16250.34,22386.633
300707.SZ,20190725,13.4943,13.8024,13.4546,13.4943,13.4744,0.019900000000001583,0.1477,13641.0,18650.898
300707.SZ,20190724,13.4645,13.703,13.2856,13.4744,13.226,0.2483999999999984,1.8781,14313.0,19506.902
300707.SZ,20190723,13.067,13.3552,13.067,13.226,13.0372,0.18880000000000052,1.4482,10835.03,14438.868
300707.SZ,20190722,14.011,14.1303,12.9975,13.0372,14.0011,-0.9638999999999989,-6.8845,20812.0,27900.126
300707.SZ,20190719,14.0607,14.3787,13.9713,14.0011,14.2694,-0.2683,-1.8802,15489.0,22084.883
300707.SZ,20190718,13.9812,15.1538,13.6931,14.2694,14.0806,0.18879999999999875,1.3409,24076.93,34597.906
300707.SZ,20190717,13.7726,14.2694,13.7328,14.0806,13.7825,0.2980999999999998,2.1629,17451.46,24574.359
300707.SZ,20190716,13.9216,14.1104,13.6632,13.7825,13.9614,-0.17889999999999873,-1.2814,14815.1,20613.02
300707.SZ,20190715,13.9216,14.1104,13.3155,13.9614,14.0607,-0.09930000000000128,-0.7062,19393.26,26785.054
300707.SZ,20190712,14.1104,14.1899,14.011,14.0607,14.0607,0.0,0.0,11236.5,15930.265
300707.SZ,20190711,14.1601,14.3489,14.0011,14.0607,14.0409,0.01980000000000004,0.141,17612.41,25100.162
300707.SZ,20190710,14.6172,14.6172,13.8819,14.0409,14.5377,-0.4967999999999986,-3.4173,26188.26,37388.242
300707.SZ,20190709,14.806,15.0345,14.3191,14.5377,14.806,-0.2683,-1.8121,20945.6,30736.618
300707.SZ,20190708,16.1773,16.1972,14.806,14.806,16.4456,-1.6395999999999997,-9.9698,55521.5,85090.014
300707.SZ,20190705,16.5648,16.9623,16.3065,16.4456,16.694,-0.24840000000000018,-1.488,41012.67,68475.976
300707.SZ,20190704,16.4555,16.694,16.2965,16.694,16.4655,0.22850000000000037,1.3878,42058.03,70000.01
300707.SZ,20190703,16.6244,16.6443,16.227,16.4655,16.7039,-0.23840000000000217,-1.4272,40823.01,67499.536
300707.SZ,20190702,16.1276,16.8828,15.9487,16.7039,16.1972,0.5067000000000021,3.1283,78427.0,130553.124
300707.SZ,20190701,15.9984,16.1972,15.7699,16.1972,15.7003,0.49689999999999834,3.1649,44535.01,71633.282
300707.SZ,20190628,16.2468,16.2468,15.5811,15.7003,16.2767,-0.5764000000000014,-3.5413,34638.24,55135.155
300707.SZ,20190627,16.3661,16.7437,16.217,16.2767,16.5549,-0.2781999999999982,-1.6805,46380.0,76629.665
300707.SZ,20190626,15.7599,16.8232,15.6308,16.5549,15.9388,0.6160999999999994,3.8654,75924.01,125219.18
300707.SZ,20190625,15.591,15.9388,15.1339,15.9388,15.7301,0.20870000000000033,1.3268,36368.01,56610.771
300707.SZ,20190624,16.0382,16.0382,15.5115,15.7301,16.0978,-0.36769999999999925,-2.2842,39664.23,62784.749
300707.SZ,20190621,15.0842,16.376,15.0743,16.0978,15.2432,0.8545999999999996,5.6064,73423.35,116757.428
300707.SZ,20190620,14.9252,15.4022,14.7166,15.2432,15.0544,0.18880000000000052,1.2541,29782.61,45180.1
300707.SZ,20190619,15.442,15.5314,15.0047,15.0544,14.8557,0.19869999999999877,1.3375,26075.35,39876.19
300707.SZ,20190618,15.0544,15.3525,14.5973,14.8557,15.1041,-0.24840000000000018,-1.6446,22096.04,32997.499
300707.SZ,20190617,14.8756,15.4817,14.8656,15.1041,15.1339,-0.029799999999999827,-0.1969,25379.0,38802.495
300707.SZ,20190614,15.4718,16.3959,14.9849,15.1339,15.4718,-0.3378999999999994,-2.184,50767.74,80264.802
300707.SZ,20190613,15.4121,15.7003,15.2333,15.4718,15.6407,-0.16890000000000072,-1.0799,42572.75,66199.259
300707.SZ,20190612,15.2035,15.6506,15.1637,15.6407,15.4916,0.14910000000000068,0.9625,54934.12,84624.8
300707.SZ,20190611,15.4022,15.7798,15.1637,15.4916,14.8259,0.6656999999999993,4.4901,86748.83,135134.97
300707.SZ,20190610,13.7626,14.8259,13.7527,14.8259,13.4744,1.3515000000000015,10.0301,17526.57,25618.437
300707.SZ,20190606,13.9614,14.2098,13.4148,13.4744,14.0607,-0.5863000000000014,-4.1698,24206.0,33454.663
300707.SZ,20190605,14.6371,14.7066,14.011,14.0607,14.3091,-0.24840000000000018,-1.736,22475.75,32451.586
300707.SZ,20190604,14.6768,14.8557,14.0011,14.3091,14.6768,-0.36769999999999925,-2.5053,30493.0,43826.281
300707.SZ,20190603,15.3128,15.6308,14.4085,14.6768,15.3128,-0.6359999999999992,-4.1534,36447.2,54451.166
300707.SZ,20190531,15.2437,15.7768,15.214,15.3128,15.836,-0.523200000000001,-3.3039,44447.0,69498.688
300707.SZ,20190530,14.6908,16.2211,14.3255,15.836,15.0067,0.8292999999999999,5.5262,87469.6,137112.376
300707.SZ,20190529,15.3917,15.9644,15.0067,15.0067,14.7401,0.2666000000000004,1.8087,79936.02,124784.053
300707.SZ,20190528,13.4073,14.7401,13.2987,14.7401,13.3974,1.3427000000000007,10.0221,23288.78,33791.564
300707.SZ,20190527,12.9532,13.4665,12.7458,13.3974,12.8643,0.5330999999999992,4.144,15078.23,20163.606
300707.SZ,20190524,12.7557,13.121,12.7557,12.8643,12.9137,-0.04940000000000033,-0.3825,11306.35,14790.632
300707.SZ,20190523,13.1111,13.3086,12.8347,12.9137,13.1605,-0.24680000000000035,-1.8753,13008.7,17144.05
300707.SZ,20190522,13.5949,13.5949,12.9433,13.1605,13.585,-0.4245000000000001,-3.1248,15328.69,20598.249
300707.SZ,20190521,13.4369,13.5949,13.3086,13.585,13.3678,0.21720000000000006,1.6248,12463.46,17062.757
300707.SZ,20190520,13.2493,13.4271,12.9926,13.3678,13.2493,0.11850000000000094,0.8944,14617.32,19548.69
300707.SZ,20190517,14.3156,14.444,13.1802,13.2493,14.365,-1.1157000000000004,-7.7668,22572.45,31388.002
300707.SZ,20190516,14.1576,14.444,14.1576,14.365,14.1379,0.22710000000000008,1.6063,14769.5,21400.268
300707.SZ,20190515,13.9799,14.207,13.9799,14.1379,13.9306,0.20730000000000004,1.4881,11229.05,16058.077
300707.SZ,20190514,13.8318,14.0984,13.8318,13.9306,14.128,-0.19740000000000002,-1.3972,9923.0,14031.824
300707.SZ,20190513,14.0194,14.3946,13.9503,14.128,14.0589,0.0691000000000006,0.4915,10971.05,15719.333
300707.SZ,20190510,13.7134,14.1181,13.3283,14.0589,13.6739,0.3849999999999998,2.8156,15325.46,21683.964
300707.SZ,20190509,13.822,13.9602,13.6739,13.6739,13.9009,-0.2270000000000003,-1.633,7959.0,11138.578
300707.SZ,20190508,13.6739,13.9997,12.7261,13.9009,13.7923,0.10860000000000092,0.7874,13973.46,19559.769
300707.SZ,20190507,13.9701,14.0688,13.585,13.7923,13.5751,0.21719999999999828,1.6,13104.0,18253.216
300707.SZ,20190506,14.3255,14.592,13.3876,13.5751,14.8784,-1.3032999999999983,-8.7597,20245.46,28666.324
300707.SZ,20190430,14.6809,14.9968,14.671,14.8784,14.6612,0.21720000000000006,1.4815,8800.0,13234.885
300707.SZ,20190429,15.451,15.451,14.6118,14.6612,15.3819,-0.7207000000000008,-4.6854,18311.0,27767.159
300707.SZ,20190426,15.0956,15.6583,14.9672,15.3819,15.2042,0.17769999999999975,1.1688,18407.0,28495.125
300707.SZ,20190425,16.5962,16.5962,15.2042,15.2042,16.695,-1.4908000000000001,-8.9296,30190.5,48512.59
300707.SZ,20190424,16.4778,16.922,16.3395,16.695,16.4876,0.2073999999999998,1.2579,11911.81,20035.911
300707.SZ,20190423,16.9911,17.1096,16.4383,16.4876,17.0899,-0.6022999999999996,-3.5243,19071.0,32425.651
300707.SZ,20190422,17.2478,17.3268,16.9813,17.0899,17.3367,-0.24680000000000035,-1.4236,18083.0,31348.619
300707.SZ,20190419,17.0899,17.4157,17.0405,17.3367,17.2083,0.12839999999999918,0.7462,16108.0,28174.548
300707.SZ,20190418,17.8896,17.9883,17.159,17.2083,17.7711,-0.5627999999999993,-3.1669,30900.0,54487.645
300707.SZ,20190417,17.3762,17.9488,17.3762,17.7711,17.3466,0.4245000000000019,2.4472,38685.38,69414.426
300707.SZ,20190416,16.9911,17.3861,16.8628,17.3466,17.1392,0.2073999999999998,1.2101,17291.99,30059.868
300707.SZ,20190415,17.6033,17.7415,17.1294,17.1392,17.4848,-0.345600000000001,-1.9766,23506.0,41660.261
300707.SZ,20190412,17.465,17.623,16.8036,17.4848,17.4848,0.0,0.0,26647.57,46462.78
300707.SZ,20190411,17.2775,17.7711,17.1294,17.4848,17.3071,0.17770000000000152,1.0267,25871.0,46016.674
300707.SZ,20190410,17.5045,17.5045,17.001,17.3071,17.7711,-0.4640000000000022,-2.611,29410.39,51394.102
300707.SZ,20190409,17.5934,17.9587,17.5638,17.7711,17.8698,-0.0987000000000009,-0.5523,26654.46,47916.134
300707.SZ,20190408,19.0644,19.0644,17.7908,17.8698,18.6498,-0.7799999999999976,-4.1824,56890.0,105249.52
300707.SZ,20190404,18.2351,18.7386,17.9982,18.6498,18.1956,0.45420000000000016,2.4962,74450.0,139168.515
300707.SZ,20190403,17.9883,18.3042,17.6724,18.1956,17.9587,0.23689999999999856,1.3191,42691.31,78320.383
300707.SZ,20190402,17.7217,18.3635,17.5045,17.9587,17.6921,0.2666000000000004,1.5069,50380.99,92210.121
300707.SZ,20190401,17.159,17.7612,17.0997,17.6921,17.0899,0.6021999999999998,3.5237,33051.94,58360.743
300707.SZ,20190329,16.8431,17.1195,16.537,17.0899,16.7838,0.3061000000000007,1.8238,20245.5,34760.183
300707.SZ,20190328,16.8036,17.0899,16.6851,16.7838,16.8036,-0.01980000000000004,-0.1178,18614.0,31861.411
300707.SZ,20190327,16.7838,16.9813,16.5074,16.8036,16.7542,0.049399999999998556,0.2949,18132.5,30733.823
300707.SZ,20190326,17.3367,17.4255,16.7048,16.7542,17.2873,-0.5330999999999975,-3.0838,27176.0,46976.934
300707.SZ,20190325,17.238,17.5341,17.1294,17.2873,17.6822,-0.39490000000000336,-2.2333,21934.05,38512.32
300707.SZ,20190322,17.9389,17.9389,17.3762,17.6822,17.9488,-0.26659999999999684,-1.4853,30418.5,54291.23
300707.SZ,20190321,17.9291,18.0772,17.6822,17.9488,17.9093,0.03949999999999676,0.2206,33795.99,61332.649
300707.SZ,20190320,18.245,18.245,17.623,17.9093,18.3338,-0.4244999999999983,-2.3154,40475.0,73414.153
300707.SZ,20190319,18.8077,18.8374,18.166,18.3338,18.7288,-0.3949999999999996,-2.1091,63288.31,118169.893
300707.SZ,20190318,19.2421,19.2421,18.2647,18.7288,18.8571,-0.12829999999999941,-0.6804,68966.55,129712.568
300707.SZ,20190315,18.0574,19.0348,17.8205,18.8571,17.9982,0.8588999999999984,4.7721,98163.32,182834.692
300707.SZ,20190314,17.544,18.4326,16.7838,17.9982,17.6724,0.325800000000001,1.8436,69499.88,123394.573
300707.SZ,20190313,17.6724,18.3042,17.4058,17.6724,17.8501,-0.17770000000000152,-0.9955,60576.6,109977.216
300707.SZ,20190312,17.5243,18.0475,17.3959,17.8501,17.5243,0.325800000000001,1.8591,62310.66,111655.086
300707.SZ,20190311,16.7838,17.5934,16.7739,17.5243,16.7641,0.7602000000000011,4.5347,43406.42,75516.398
300707.SZ,20190308,17.6724,17.8994,16.7641,16.7641,18.1364,-1.3722999999999992,-7.5666,62124.87,109244.622
300707.SZ,20190307,17.4157,18.5214,17.3762,18.1364,17.6724,0.46399999999999864,2.6256,73924.21,135299.262
300707.SZ,20190306,17.3959,17.8303,16.9615,17.6724,17.2873,0.38510000000000133,2.2276,67889.1,119873.146
300707.SZ,20190305,16.7937,17.4255,16.7641,17.2873,16.9615,0.3257999999999974,1.9208,46443.12,80516.624
300707.SZ,20190304,16.8924,17.2676,16.8332,16.9615,16.8332,0.12829999999999941,0.7622,42736.16,73745.184
300707.SZ,20190301,16.9714,17.0701,16.5765,16.8332,17.1294,-0.2961999999999989,-1.7292,32861.0,55856.582
300707.SZ,20190228,16.6653,17.159,16.5469,17.1294,16.537,0.5924000000000014,3.5823,42229.99,72185.995
300707.SZ,20190227,16.7246,17.0504,16.3593,16.537,16.7246,-0.18759999999999977,-1.1217,33104.0,56064.056
300707.SZ,20190226,16.7838,17.2182,16.4679,16.7246,16.7937,-0.06910000000000238,-0.4115,53849.85,91658.729
300707.SZ,20190225,16.0927,16.9319,16.0927,16.7937,15.994,0.7997000000000014,5.0,49239.14,82078.733
300707.SZ,20190222,15.8261,16.0434,15.6978,15.994,15.8261,0.1678999999999995,1.0609,23385.0,37616.774
300707.SZ,20190221,16.2211,16.3988,15.6978,15.8261,16.3692,-0.543099999999999,-3.3178,37777.64,61617.193
300707.SZ,20190220,15.7669,16.6357,15.4707,16.3692,15.8953,0.47389999999999866,2.9814,48547.14,79168.515
300707.SZ,20190219,15.9644,15.9644,15.5793,15.8953,15.9742,-0.07889999999999908,-0.4939,25647.64,41054.729
300707.SZ,20190218,15.4312,16.0434,15.3819,15.9742,15.4115,0.5626999999999995,3.6512,25288.72,40308.334
300707.SZ,20190215,15.3226,15.8953,15.2634,15.4115,15.3226,0.08890000000000065,0.5802,23269.0,36801.948
300707.SZ,20190214,15.3523,15.4707,15.1647,15.3226,15.3523,-0.02970000000000006,-0.1935,16615.2,25827.169
300707.SZ,20190213,14.8191,15.5497,14.8092,15.3523,14.9672,0.38509999999999955,2.573,23072.95,35595.209
300707.SZ,20190212,14.6315,15.0462,14.6118,14.9672,14.6217,0.3454999999999995,2.3629,18743.44,28203.284
300707.SZ,20190211,14.4143,14.671,14.2366,14.6217,14.1478,0.47390000000000043,3.3496,17684.26,25960.311
300707.SZ,20190201,13.8121,14.1675,13.8121,14.1478,13.822,0.325800000000001,2.3571,12840.87,18328.938
300707.SZ,20190131,14.9672,15.2338,13.6245,13.822,14.9475,-1.1255000000000006,-7.5297,21644.0,31087.381
300707.SZ,20190130,15.214,15.4115,14.9475,14.9475,15.372,-0.4245000000000001,-2.7615,10321.0,15842.027
300707.SZ,20190129,16.2211,16.2211,15.2634,15.372,16.1026,-0.730599999999999,-4.5372,17035.5,26867.443
300707.SZ,20190128,16.2408,16.3692,16.0434,16.1026,16.0532,0.049399999999998556,0.3077,9931.0,16194.012
300707.SZ,20190125,16.4185,16.4975,15.994,16.0532,16.4876,-0.4344000000000001,-2.6347,18527.63,30495.395
300707.SZ,20190124,16.9122,16.922,15.7965,16.4876,17.0208,-0.5332000000000008,-3.1326,27947.0,46543.521
300707.SZ,20190123,16.6456,17.1689,16.6456,17.0208,16.6456,0.37519999999999953,2.254,32360.44,55703.636
300707.SZ,20190122,16.537,16.7443,16.4086,16.6456,16.537,0.1086000000000027,0.6567,19258.44,32326.287
300707.SZ,20190121,16.4481,16.537,16.3395,16.537,16.4876,0.049399999999998556,0.2996,12771.0,21253.419
300707.SZ,20190118,16.3593,16.4876,16.2902,16.4876,16.2408,0.24680000000000035,1.5196,12796.0,21277.376
300707.SZ,20190117,16.5469,16.616,16.1914,16.2408,16.5271,-0.28630000000000067,-1.7323,14048.44,23263.095
300707.SZ,20190116,16.5666,16.6357,16.3494,16.5271,16.5864,-0.05930000000000035,-0.3575,14419.44,24116.012
300707.SZ,20190115,16.3692,16.5864,16.1914,16.5864,16.3692,0.21720000000000184,1.3269,16170.92,26936.08
300707.SZ,20190114,16.7147,16.9023,16.2309,16.3692,17.0997,-0.7304999999999993,-4.272,28112.46,46906.162
300707.SZ,20190111,16.8431,17.1787,16.8431,17.0997,16.8924,0.20730000000000004,1.2272,20395.24,35149.102
300707.SZ,20190110,17.2478,17.4552,16.8924,16.8924,17.1886,-0.29620000000000246,-1.7232,23888.42,41417.657
300707.SZ,20190109,17.3564,17.6921,17.1096,17.1886,17.3564,-0.16779999999999973,-0.9668,36790.73,64720.25
300707.SZ,20190108,17.6427,17.9982,17.2775,17.3564,17.4848,-0.12839999999999918,-0.7344,44414.06,79226.871
300707.SZ,20190107,16.8727,17.9883,16.616,17.4848,16.7443,0.7405000000000008,4.4224,46233.44,81828.276
300707.SZ,20190104,16.1914,16.7739,16.0137,16.7443,16.3494,0.3948999999999998,2.4154,19355.29,32440.975
300707.SZ,20190103,16.379,16.5864,16.152,16.3494,16.3889,-0.03950000000000031,-0.241,10814.0,17990.322
300707.SZ,20190102,16.0335,16.5271,16.0335,16.3889,16.4481,-0.059200000000000585,-0.3599,9721.0,16076.199
300707.SZ,20181228,16.4778,16.7344,16.3988,16.4481,16.4679,-0.01980000000000004,-0.1202,13185.0,22107.738
300707.SZ,20181227,17.159,17.2182,16.458,16.4679,16.9023,-0.4344000000000001,-2.5701,18657.0,31980.635
300707.SZ,20181226,17.0306,17.2676,16.9023,16.9023,17.238,-0.3356999999999992,-1.9474,23850.0,41276.069
300707.SZ,20181225,16.9023,17.2676,16.3889,17.238,17.0997,0.13830000000000098,0.8088,30801.85,52279.665
300707.SZ,20181224,16.5765,17.1096,16.379,17.0997,16.5666,0.5330999999999975,3.2179,26711.0,45725.155
300707.SZ,20181221,16.4975,16.6555,16.2606,16.5666,16.6258,-0.059200000000000585,-0.3561,13617.0,22703.298
300707.SZ,20181220,16.2902,16.6258,16.2408,16.6258,16.2013,0.4245000000000019,2.6202,17523.0,29280.337
300707.SZ,20181219,16.6653,16.7246,16.2013,16.2013,16.7344,-0.533100000000001,-3.1857,14783.0,24590.343
300707.SZ,20181218,16.6653,16.8628,16.3395,16.7344,16.9122,-0.17779999999999774,-1.0513,15152.0,25535.067
300707.SZ,20181217,16.6258,17.0997,16.6258,16.9122,16.7838,0.12839999999999918,0.765,14867.33,25486.456
300707.SZ,20181214,17.2775,17.2775,16.6851,16.7838,17.238,-0.45420000000000016,-2.6349,17223.0,29658.918
300707.SZ,20181213,17.5144,17.5144,17.0504,17.238,17.3268,-0.0887999999999991,-0.5125,21917.59,38331.643
300707.SZ,20181212,17.1195,17.6724,17.1195,17.3268,16.9418,0.384999999999998,2.2725,26975.79,47630.43
300707.SZ,20181211,16.7344,16.9517,16.695,16.9418,16.5962,0.345600000000001,2.0824,16164.0,27585.495
300707.SZ,20181210,17.3268,17.3268,16.5666,16.5962,17.3367,-0.7405000000000008,-4.2713,22775.0,38683.462
300707.SZ,20181207,17.2676,17.5638,17.2083,17.3367,17.0208,0.3158999999999992,1.856,19097.0,33651.737
300707.SZ,20181206,17.3367,17.5835,17.0208,17.0208,17.4255,-0.4046999999999983,-2.3225,17060.0,29830.442
300707.SZ,20181205,17.2775,17.6329,17.1096,17.4255,17.7514,-0.32590000000000074,-1.8359,22896.0,40284.272
300707.SZ,20181204,17.4848,18.1561,17.4749,17.7514,17.6526,0.09880000000000067,0.5597,32755.0,59059.069
300707.SZ,20181203,17.3762,18.1858,17.3268,17.6526,16.9813,0.6712999999999987,3.9532,40646.87,72854.357
300707.SZ,20181130,16.4383,16.9813,15.9446,16.9813,16.5864,0.3948999999999998,2.3809,24097.94,40184.723
300707.SZ,20181129,17.0997,17.5144,16.537,16.5864,17.0701,-0.4836999999999989,-2.8336,23463.14,40581.917
300707.SZ,20181128,16.7838,17.0899,16.3889,17.0701,16.8628,0.20730000000000004,1.2293,22619.0,38482.765
300707.SZ,20181127,16.8332,17.0603,16.6061,16.8628,16.7344,0.12839999999999918,0.7673,16623.51,28376.644
300707.SZ,20181126,17.1491,17.2577,16.6851,16.7344,17.159,-0.4245999999999981,-2.4745,22343.87,38240.43
300707.SZ,20181123,18.9262,19.0348,17.1392,17.159,19.0447,-1.8857,-9.9014,51409.94,92488.772
300707.SZ,20181122,18.8571,19.1632,18.7781,19.0447,18.8769,0.16779999999999973,0.8889,25357.46,48621.049
300707.SZ,20181121,18.551,18.9855,18.4622,18.8769,18.8867,-0.00980000000000203,-0.0519,24487.05,46412.49
300707.SZ,20181120,19.3507,19.4297,18.7683,18.8867,19.5581,-0.6713999999999984,-3.4328,36169.2,69948.014
300707.SZ,20181119,19.8938,20.0912,19.3507,19.5581,19.8543,-0.2961999999999989,-1.4919,43434.0,86221.098
300707.SZ,20181116,19.8345,19.9431,19.5482,19.8543,20.0221,-0.16779999999999973,-0.8381,58982.0,118150.91
300707.SZ,20181115,19.3014,20.111,19.0249,20.0221,19.41,0.6120999999999981,3.1535,81961.74,162703.284
300707.SZ,20181114,18.9558,19.6963,18.7584,19.41,18.9953,0.41469999999999985,2.1832,79856.02,155672.612
300707.SZ,20181113,18.8571,19.2027,18.6597,18.9953,19.1632,-0.1678999999999995,-0.8762,51379.66,98611.765
300707.SZ,20181112,18.6202,19.4297,18.4721,19.1632,18.7683,0.3948999999999998,2.1041,40604.5,78122.933
300707.SZ,20181109,18.709,19.1138,18.5412,18.7683,18.8472,-0.07890000000000086,-0.4186,27103.04,51813.126
300707.SZ,20181108,19.3507,19.489,18.7584,18.8472,19.3014,-0.45420000000000016,-2.3532,33981.2,65486.792
300707.SZ,20181107,18.8374,19.4297,18.5116,19.3014,18.8571,0.4443000000000019,2.3561,61346.57,118510.331
300707.SZ,20181106,18.6597,18.8966,18.2647,18.8571,18.9657,-0.10859999999999914,-0.5726,34969.0,65493.931
300707.SZ,20181105,18.9558,19.4396,18.5412,18.9657,18.9262,0.03949999999999676,0.2087,55157.01,106286.738
300707.SZ,20181102,18.7584,19.0348,18.5609,18.9262,18.4918,0.4344000000000001,2.3491,58878.69,112154.284
300707.SZ,20181101,18.4424,18.946,18.324,18.4918,18.63,-0.13819999999999766,-0.7418,52101.98,98364.488
300707.SZ,20181031,18.9558,19.1533,18.4819,18.63,18.7683,-0.13830000000000098,-0.7369,80233.69,152435.153
300707.SZ,20181030,17.0701,18.7683,16.9911,18.7683,17.0603,1.7079999999999984,10.0115,43472.7,79687.383
300707.SZ,20181029,17.1689,17.3466,16.9911,17.0603,17.1689,-0.10859999999999914,-0.6325,14842.06,25803.745
300707.SZ,20181026,17.6724,17.6724,17.0306,17.1689,17.3268,-0.15789999999999793,-0.9113,20688.05,36362.841
300707.SZ,20181025,16.9418,17.3663,16.9319,17.3268,17.7908,-0.4640000000000022,-2.6081,30458.0,52859.93
300707.SZ,20181024,18.2154,18.2154,17.4354,17.7908,18.2549,-0.4640999999999984,-2.5423,34841.0,62752.195
300707.SZ,20181023,18.166,18.5609,17.8896,18.2549,19.0052,-0.7502999999999993,-3.9479,63206.91,116319.586
300707.SZ,20181022,18.2252,19.4988,17.9883,19.0052,18.2252,0.7799999999999976,4.2798,69049.67,131210.542
300707.SZ,20181019,17.0603,18.4227,17.0603,18.2252,18.4918,-0.2666000000000004,-1.4417,56749.5,102297.775
300707.SZ,20181018,18.0673,18.8176,17.6526,18.4918,17.8402,0.651600000000002,3.6524,77626.02,144103.161
300707.SZ,20181017,17.7316,18.1166,16.6653,17.8402,17.3762,0.46399999999999864,2.6703,36738.51,65167.259
300707.SZ,20181016,17.7908,17.9686,17.1787,17.3762,17.9686,-0.5923999999999978,-3.2969,26705.39,47326.667
300707.SZ,20181015,17.8106,18.8374,17.6724,17.9686,17.623,0.34559999999999746,1.9611,37721.26,69040.233
300707.SZ,20181012,16.8628,17.9488,16.3593,17.623,17.2083,0.41469999999999985,2.4099,32207.41,56618.327
300707.SZ,20181011,18.2154,18.2154,16.7838,17.2083,18.5807,-1.372399999999999,-7.3862,30098.9,53516.235
300707.SZ,20181010,18.0278,18.9163,18.0278,18.5807,18.1463,0.4344000000000001,2.3939,26420.12,49900.481
300707.SZ,20181009,17.6131,18.5609,17.6131,18.1463,17.7514,0.3948999999999998,2.2246,18586.3,34218.673
300707.SZ,20181008,18.9163,18.9262,17.4848,17.7514,19.2619,-1.5105000000000004,-7.8419,26054.0,48217.854
300707.SZ,20180928,18.9558,19.4297,18.6893,19.2619,19.0151,0.24680000000000035,1.2979,26127.0,50869.171
300707.SZ,20180927,20.4664,20.5157,19.0052,19.0151,20.4368,-1.4217000000000013,-6.9566,37108.98,73828.768
300707.SZ,20180926,20.7033,20.881,20.2689,20.4368,20.6145,-0.17769999999999797,-0.862,22206.0,46163.504
300707.SZ,20180925,20.575,20.7823,20.3282,20.6145,20.6737,-0.059200000000000585,-0.2864,15136.0,31504.965
300707.SZ,20180921,20.3677,20.9304,20.1504,20.6737,20.1899,0.4837999999999987,2.3962,27854.98,58200.228
300707.SZ,20180920,20.5454,20.6836,20.0616,20.1899,20.4664,-0.27649999999999864,-1.351,15839.98,32680.563
300707.SZ,20180919,20.2689,20.8514,20.1406,20.4664,20.2788,0.18759999999999977,0.9251,23375.0,48524.117
300707.SZ,20180918,19.7654,20.3677,19.7654,20.2788,19.8543,0.4245000000000019,2.1381,18903.98,38541.329
300707.SZ,20180917,20.7132,20.7132,19.7654,19.8543,21.276,-1.4217000000000013,-6.6822,26843.5,54823.677
300707.SZ,20180914,22.3718,22.6779,21.2266,21.276,21.9572,-0.6812000000000005,-3.1024,26334.0,58729.933
300707.SZ,20180913,22.1151,22.2929,21.4043,21.9572,21.7005,0.2566999999999986,1.1829,23106.0,51215.577
300707.SZ,20180912,21.3747,22.3718,21.1081,21.7005,21.3747,0.325800000000001,1.5242,24801.21,54627.382
300707.SZ,20180911,21.276,21.7104,21.0291,21.3747,21.1377,0.23700000000000188,1.1212,16245.5,35204.181
300707.SZ,20180910,22.2336,22.3323,21.0587,21.1377,22.2336,-1.0959000000000003,-4.929,24060.0,52481.442
300707.SZ,20180907,22.1448,22.8753,22.0658,22.2336,22.5989,-0.3653000000000013,-1.6165,27981.0,63481.906
300707.SZ,20180906,22.2139,23.5961,22.0757,22.5989,22.0263,0.5726000000000013,2.5996,39842.05,92266.16
300707.SZ,20180905,22.7174,22.9642,22.0263,22.0263,22.8655,-0.8392000000000017,-3.6702,22127.86,50402.949
300707.SZ,20180904,22.8062,23.1518,22.3916,22.8655,22.8556,0.009900000000001796,0.0433,20313.0,47041.428
300707.SZ,20180903,22.2237,22.984,21.9276,22.8556,22.6483,0.20730000000000004,0.9153,18269.3,41586.511
300707.SZ,20180831,23.369,23.3789,22.4113,22.6483,23.4973,-0.8490000000000002,-3.6132,22794.73,52817.168
300707.SZ,20180830,24.1884,24.297,23.4184,23.4973,24.0502,-0.5529000000000011,-2.2989,19078.62,46183.226
300707.SZ,20180829,23.8923,24.1193,23.5171,24.0502,24.0601,-0.009899999999998244,-0.0411,23813.71,57391.923
300707.SZ,20180828,24.3859,24.4747,23.8824,24.0601,24.1884,-0.12830000000000297,-0.5304,28075.43,68458.391
300707.SZ,20180827,23.1814,24.3859,23.1814,24.1884,23.6652,0.5232000000000028,2.2108,35847.3,87014.848
300707.SZ,20180824,24.1489,24.4846,23.4973,23.6652,23.5566,0.10859999999999914,0.461,33463.27,81026.223
300707.SZ,20180823,23.0432,23.6948,22.9346,23.5566,22.905,0.6515999999999984,2.8448,29220.75,69202.452
300707.SZ,20180822,23.7047,23.7935,22.8161,22.905,23.8923,-0.9872999999999976,-4.1323,25354.0,59662.202
300707.SZ,20180821,23.5171,24.1193,23.1814,23.8923,23.7935,0.09879999999999711,0.4152,27407.24,65887.221
300707.SZ,20180820,23.6948,23.8824,22.5199,23.7935,23.6553,0.1382000000000012,0.5842,28409.05,66826.23
300707.SZ,20180817,24.6525,24.8697,23.5862,23.6553,24.2378,-0.5824999999999996,-2.4033,23433.2,57484.4
300707.SZ,20180816,23.9219,24.8795,23.9021,24.2378,24.6623,-0.4244999999999983,-1.7213,23631.15,58550.616
300707.SZ,20180815,25.6595,25.6595,24.534,24.6623,25.7483,-1.086000000000002,-4.2178,31823.97,80712.123
300707.SZ,20180814,26.2913,26.9726,25.5706,25.7483,26.005,-0.2566999999999986,-0.9871,43237.08,114881.55
300707.SZ,20180813,25.2744,26.0248,24.998,26.005,25.7385,0.2665000000000006,1.0354,32859.11,85080.858
300707.SZ,20180810,25.3732,26.0347,25.077,25.7385,25.6694,0.06909999999999883,0.2692,40358.75,104653.163
300707.SZ,20180809,24.2872,26.1235,23.8923,25.6694,25.2547,0.41469999999999985,1.6421,49022.0,126070.564
300707.SZ,20180808,25.8668,26.5382,25.1856,25.2547,25.3534,-0.0987000000000009,-0.3893,49782.01,130478.08
300707.SZ,20180807,25.1757,25.3534,23.8133,25.3534,24.7117,0.6417000000000002,2.5967,38013.73,95891.669
300707.SZ,20180806,26.0939,26.1334,24.4846,24.7117,26.627,-1.9152999999999984,-7.1931,36425.52,93065.973
300707.SZ,20180803,25.8668,27.1503,25.699,26.627,26.242,0.384999999999998,1.4671,51027.73,136141.69
300707.SZ,20180802,26.1926,26.5382,24.4945,26.242,25.5805,0.6615000000000002,2.586,55719.56,146228.27
300707.SZ,20180801,27.328,27.7229,25.3633,25.5805,27.1207,-1.5401999999999987,-5.6791,41689.13,111985.832
300707.SZ,20180731,26.8541,27.8809,26.8541,27.1207,27.3971,-0.27639999999999887,-1.0089,25914.37,71610.163
300707.SZ,20180730,27.713,28.4041,27.1108,27.3971,27.2885,0.10859999999999914,0.398,34107.49,95978.9
300707.SZ,20180727,27.5452,28.0981,26.7455,27.2885,28.0388,-0.7502999999999993,-2.6759,41030.19,114410.874
300707.SZ,20180726,29.9048,30.1023,27.8414,28.0388,30.3096,-2.2708000000000013,-7.492,67303.59,196314.178
300707.SZ,20180725,30.8625,31.1981,30.2109,30.3096,31.1784,-0.8688000000000002,-2.7865,60130.76,186717.456
300707.SZ,20180724,30.0035,31.4647,29.7863,31.1784,29.964,1.2144000000000013,4.0529,84776.7,263048.643
300707.SZ,20180723,29.737,30.0035,29.3223,29.964,30.1121,-0.148100000000003,-0.4918,45340.68,136267.503
300707.SZ,20180720,29.4112,30.3984,29.0459,30.1121,29.421,0.6911000000000023,2.349,58909.44,178688.27
300707.SZ,20180719,29.3815,30.1121,29.2631,29.421,29.421,0.0,0.0,49778.55,149472.263
300707.SZ,20180718,30.6453,30.7736,29.3717,29.421,30.6551,-1.2341000000000015,-4.0258,66081.3,200717.16
300707.SZ,20180717,30.2602,30.8032,29.7962,30.6551,30.3096,0.34550000000000125,1.1399,64175.42,197310.752
300707.SZ,20180716,30.7243,30.7243,29.6185,30.3096,31.6622,-1.352599999999999,-4.272,91383.99,279326.948
300707.SZ,20180713,31.0994,33.2517,30.9513,31.6622,32.2249,-0.5626999999999995,-1.7462,156224.22,505092.595
300707.SZ,20180712,32.294,32.8864,30.3096,32.2249,33.3406,-1.115700000000004,-3.3464,194716.46,627648.341
300707.SZ,20180711,32.215,33.3406,31.0994,33.3406,30.3096,3.0310000000000024,10.0001,228579.67,759647.169
300707.SZ,20180710,29.9344,31.5634,29.421,30.3096,28.8484,1.461199999999998,5.0651,160681.97,494565.031
300707.SZ,20180709,26.1827,28.8484,26.1827,28.8484,26.2222,2.6262000000000008,10.0152,79724.07,222677.333
300707.SZ,20180706,25.5114,27.2391,24.9289,26.2222,26.1235,0.0987000000000009,0.3778,83105.55,218860.731
300707.SZ,20180705,25.3633,27.6044,24.7709,26.1235,25.0967,1.0268000000000015,4.0914,97132.08,263868.644
300707.SZ,20180704,26.7159,27.1404,24.7907,25.0967,27.4366,-2.3399,-8.5284,54647.68,143698.456
300707.SZ,20180703,26.7258,27.4958,25.9655,27.4366,26.5678,0.8688000000000002,3.2701,59181.93,161201.916
300707.SZ,20180702,27.486,27.8118,26.163,26.5678,27.8907,-1.3229000000000006,-4.7432,67864.02,185492.765
300707.SZ,20180629,26.7554,28.3646,26.4592,27.8907,27.2984,0.592299999999998,2.1697,94960.57,262864.116
300707.SZ,20180628,25.1757,27.3872,25.1757,27.2984,25.6397,1.6586999999999996,6.4693,90987.41,244170.714
300707.SZ,20180627,25.3732,26.4,25.0572,25.6397,25.4423,0.1974000000000018,0.7759,66900.08,174370.634
300707.SZ,20180626,23.8923,25.4522,23.8923,25.4423,24.3365,1.1057999999999986,4.5438,62206.08,157650.039
300707.SZ,20180625,24.0403,25.077,24.0107,24.3365,23.7639,0.5726000000000013,2.4095,57541.38,143301.523
300707.SZ,20180622,22.7174,24.2477,22.5199,23.7639,23.0136,0.7502999999999993,3.2602,55426.68,133043.863
300707.SZ,20180621,24.4649,24.9388,22.9445,23.0136,24.6228,-1.6092000000000013,-6.5354,50415.73,121283.347
300707.SZ,20180620,23.6948,25.2744,23.3196,24.6228,24.3168,0.30600000000000094,1.2584,46431.77,114427.909
300707.SZ,20180619,25.8372,26.163,24.3168,24.3168,27.0219,-2.705099999999998,-10.0108,38929.86,98974.601
300707.SZ,20180615,27.8414,28.3252,26.6566,27.0219,27.6933,-0.671400000000002,-2.4244,38552.9,106950.712
300707.SZ,20180614,26.9627,28.4338,26.8738,27.6933,27.4465,0.24680000000000035,0.8992,41689.74,117928.578
300707.SZ,20180613,28.4338,28.9866,27.4465,27.4465,28.4338,-0.9873000000000012,-3.4723,41145.35,117827.043
300707.SZ,20180612,28.9076,29.1249,26.6665,28.4338,28.7201,-0.2862999999999971,-0.9969,56098.63,159184.383
300707.SZ,20180611,29.115,29.4112,28.6411,28.7201,28.9373,-0.21720000000000184,-0.7506,37240.2,109528.77
300707.SZ,20180608,29.2927,29.6185,28.1474,28.9373,30.0035,-1.0661999999999985,-3.5536,61606.6,179403.307
300707.SZ,20180607,31.3364,31.366,29.816,30.0035,30.4083,-0.4048000000000016,-1.3312,59787.48,185569.559
300707.SZ,20180606,30.9217,31.5536,30.2306,30.4083,30.2898,0.11850000000000094,0.3912,71859.81,223907.19
300707.SZ,20180605,28.9076,30.7144,28.5621,30.2898,28.5522,1.7376000000000005,6.0857,71200.47,216113.24
300707.SZ,20180604,28.7201,29.3519,28.0487,28.5522,28.2264,0.3257999999999974,1.1542,44652.28,129831.413
300707.SZ,20180601,29.6185,30.3787,27.2095,28.2264,29.816,-1.5895999999999972,-5.3314,61552.1,179746.108
300707.SZ,20180531,30.1319,30.4676,29.5099,29.816,29.4408,0.37519999999999953,1.2744,47607.04,144496.05
300707.SZ,20180530,31.0106,31.6029,29.4408,29.4408,32.7087,-3.267900000000001,-9.9909,77040.36,237996.664
300707.SZ,20180529,36.5295,36.9836,32.6593,32.7087,36.2827,-3.573999999999998,-9.8504,125471.22,436457.919
300707.SZ,20180528,37.8919,38.1091,35.9174,36.2827,38.504,-2.2212999999999994,-5.769,103325.94,387629.802
300707.SZ,20180525,37.1218,40.1232,35.9371,38.504,37.8426,0.6614000000000004,1.7478,171983.8,666686.716
300707.SZ,20180524,35.6409,38.8002,35.0584,37.8426,36.7763,1.0662999999999982,2.8994,135076.04,510710.474
300707.SZ,20180523,38.504,39.4913,36.7269,36.7763,37.4674,-0.6910999999999987,-1.8445,177330.26,687107.36
300707.SZ,20180522,36.7212,37.7514,35.9769,37.4606,37.7612,-0.30060000000000286,-0.7961,60362.55,449949.73
300707.SZ,20180521,34.7496,37.9535,34.2961,37.7612,34.5032,3.2580000000000027,9.4426,77987.63,580337.263
300707.SZ,20180518,33.5272,36.0065,33.123,34.5032,33.5272,0.9759999999999991,2.9111,59990.47,420672.877
300707.SZ,20180517,33.4138,34.0595,32.9899,33.5272,34.0152,-0.48799999999999955,-1.4347,43249.05,293629.382
300707.SZ,20180516,31.4472,34.8482,31.2746,34.0152,32.0682,1.9470000000000027,6.0714,72565.04,489590.546
300707.SZ,20180515,32.8273,33.0097,31.5605,32.0682,31.3782,0.6899999999999977,2.199,40623.84,266015.977
300707.SZ,20180514,31.181,31.669,31.0676,31.3782,31.4077,-0.02949999999999875,-0.0939,24236.64,154368.799
300707.SZ,20180511,33.0737,33.5765,31.2993,31.4077,33.5124,-2.104700000000001,-6.2804,43579.16,286282.476
300707.SZ,20180510,32.2752,33.9511,32.1471,33.5124,32.8224,0.6899999999999977,2.1022,66710.0,447696.114
300707.SZ,20180509,31.4866,34.0793,31.0726,32.8224,30.9789,1.8435000000000024,5.9508,87628.56,587707.518
300707.SZ,20180508,30.9444,31.112,30.3874,30.9789,31.0873,-0.10839999999999961,-0.3487,36283.69,226238.542
300707.SZ,20180507,29.791,31.3782,29.5446,31.0873,29.5446,1.5427,5.2216,49244.67,306592.288
300707.SZ,20180504,29.6727,29.9685,28.9629,29.5446,30.067,-0.5224000000000011,-1.7375,31012.75,185672.75
300707.SZ,20180503,30.2642,30.5205,28.0954,30.067,29.9635,0.10350000000000037,0.3454,41231.75,245871.2
300707.SZ,20180502,29.6727,30.7029,29.1798,29.9635,29.8699,0.09359999999999857,0.3134,36090.74,220280.85
300707.SZ,20180427,29.4509,31.4866,29.2439,29.8699,29.2242,0.6457000000000015,2.2095,50887.22,313189.037
300707.SZ,20180426,29.2291,30.3776,28.751,29.2242,29.6382,-0.4140000000000015,-1.3968,45937.23,275785.718
300707.SZ,20180425,28.8939,29.7713,28.3419,29.6382,29.4509,0.18730000000000047,0.636,52403.68,309276.857
300707.SZ,20180424,27.5089,30.0128,27.5089,29.4509,27.2821,2.168800000000001,7.9495,59985.68,355298.096
300707.SZ,20180423,27.0998,27.6222,26.1238,27.2821,26.7695,0.5125999999999991,1.9149,23263.69,127398.914
300707.SZ,20180420,27.9476,28.2285,26.6167,26.7695,28.2729,-1.5033999999999992,-5.3175,31171.9,173509.818
300707.SZ,20180419,27.1047,29.7368,26.9618,28.2729,27.3019,0.9710000000000001,3.5565,44991.01,260174.511
300707.SZ,20180418,27.1934,27.5976,26.1287,27.3019,26.666,0.6358999999999995,2.3847,28157.0,153777.433
300707.SZ,20180417,28.2384,28.3567,26.3703,26.666,28.2433,-1.577300000000001,-5.5847,32415.48,182184.269
300707.SZ,20180416,27.9968,28.6771,27.2181,28.2433,28.6327,-0.3893999999999984,-1.36,31570.57,179403.614
300707.SZ,20180413,28.7165,29.791,28.47,28.6327,28.8151,-0.18240000000000123,-0.633,43218.18,255493.629
300707.SZ,20180412,30.067,30.3135,28.401,28.8151,31.5556,-2.7404999999999973,-8.6847,88128.17,522604.687
300707.SZ,20180411,30.067,31.5556,29.4756,31.5556,28.6869,2.868699999999997,10.0,109264.89,686586.076
300707.SZ,20180410,32.6843,32.6893,27.6025,28.6869,29.7171,-1.0301999999999971,-3.4667,96540.89,599990.231
300707.SZ,20180409,28.6771,29.7171,28.6771,29.7171,27.016,2.7011000000000003,9.9981,22493.91,134227.22
300707.SZ,20180404,27.2082,28.9334,27.016,27.016,26.8435,0.17249999999999943,0.6426,48054.75,271984.944
300707.SZ,20180403,26.6167,27.2279,26.3407,26.8435,27.3117,-0.4681999999999995,-1.7143,26818.0,145623.169
300707.SZ,20180402,27.011,27.3561,26.1879,27.3117,27.3314,-0.019700000000000273,-0.0721,41028.66,223124.209
300707.SZ,20180330,26.4688,27.6518,26.1731,27.3314,26.1238,1.2075999999999993,4.6226,52795.35,289783.526
300707.SZ,20180329,26.2618,26.8632,25.4683,26.1238,26.3653,-0.24150000000000205,-0.916,36193.0,192209.434
300707.SZ,20180328,26.5576,27.1983,25.6309,26.3653,27.5779,-1.2125999999999983,-4.397,58282.49,314321.905
300707.SZ,20180327,25.2366,27.5779,25.1528,27.5779,25.069,2.5089000000000006,10.008,80948.94,441585.823
300707.SZ,20180326,23.0826,25.4239,23.0826,25.069,24.4677,0.6012999999999984,2.4575,51247.84,251827.247
300707.SZ,20180323,25.5323,25.6309,24.4677,24.4677,27.1885,-2.7208000000000006,-10.0072,44205.22,223302.292
300707.SZ,20180322,26.2717,27.8391,26.2717,27.1885,26.8237,0.36480000000000246,1.36,50796.28,279170.907
300707.SZ,20180321,28.1841,29.4509,26.7202,26.8237,27.9722,-1.148500000000002,-4.1059,74899.23,429980.684
300707.SZ,20180320,27.6025,27.9722,26.3703,27.9722,28.3665,-0.39429999999999765,-1.39,58651.04,322876.804
300707.SZ,20180319,26.8681,28.8299,26.3752,28.3665,27.6124,0.7540999999999976,2.731,73191.92,415449.925
300707.SZ,20180316,27.1589,28.2778,27.1096,27.6124,27.3561,0.25629999999999953,0.9369,66299.95,373360.581
300707.SZ,20180315,28.7953,29.0763,26.6562,27.3561,29.6185,-2.2623999999999995,-7.6385,76523.76,428347.238
300707.SZ,20180314,30.3431,30.8064,28.8003,29.6185,30.072,-0.45349999999999824,-1.508,74803.02,450539.956
300707.SZ,20180313,30.7127,31.6887,29.929,30.072,31.0627,-0.9907000000000004,-3.1894,94859.5,591955.523
300707.SZ,20180312,31.0528,32.7336,30.7867,31.0627,29.7565,1.3062000000000005,4.3896,133619.33,862309.766
300707.SZ,20180309,29.4756,29.7565,28.4503,29.7565,27.0505,2.7059999999999995,10.0035,98583.78,589586.085
300707.SZ,20180308,25.5816,27.0505,25.4338,27.0505,24.5909,2.4595999999999982,10.0021,40212.93,214926.349
300707.SZ,20180307,22.225,24.5909,22.1806,24.5909,22.3531,2.2378,10.0111,43616.01,209646.039
300707.SZ,20180306,22.1362,23.1664,21.9341,22.3531,22.1067,0.24640000000000128,1.1146,40866.33,186899.812
300707.SZ,20180305,21.249,22.2151,21.249,22.1067,21.4166,0.690100000000001,3.2223,25999.53,114760.257
300707.SZ,20180302,21.3377,22.4517,21.2194,21.4166,21.9785,-0.5619000000000014,-2.5566,24946.61,109823.824
300707.SZ,20180301,21.5645,22.3975,21.5645,21.9785,21.5398,0.43870000000000076,2.0367,29036.74,129313.784
300707.SZ,20180228,21.8849,22.1707,21.1406,21.5398,22.4763,-0.9364999999999988,-4.1666,34956.33,153181.737
300707.SZ,20180227,21.0075,23.6741,21.0026,22.4763,21.5201,0.956199999999999,4.4433,57146.45,259400.478
300707.SZ,20180226,20.7955,21.8159,20.5787,21.5201,20.3914,1.1286999999999985,5.5352,39696.78,171194.97
300707.SZ,20180223,20.6477,20.7019,20.0118,20.3914,20.6033,-0.21189999999999998,-1.0285,31503.52,129924.952
300707.SZ,20180222,21.4117,21.4117,20.071,20.6033,19.4647,1.1386000000000003,5.8496,46549.19,196191.233
300707.SZ,20180214,19.4647,19.4647,19.4647,19.4647,17.6952,1.7695000000000007,9.9999,2970.2,11729.319
300707.SZ,20180213,17.9466,18.0797,17.5868,17.6952,17.9022,-0.20700000000000074,-1.1563,12128.2,43789.539
300707.SZ,20180212,17.6558,18.1979,17.498,17.9022,17.2269,0.6753,3.92,11514.45,41770.114
300707.SZ,20180209,17.2023,17.7839,16.8967,17.2269,17.917,-0.690100000000001,-3.8516,13406.2,47257.059
300707.SZ,20180208,17.5966,18.1289,17.2812,17.917,17.7346,0.18240000000000123,1.0285,13475.0,48974.216
300707.SZ,20180207,17.6853,18.124,17.0396,17.7346,17.0791,0.6555,3.838,20913.79,74737.652
300707.SZ,20180206,17.9909,18.4493,17.0298,17.0791,18.6071,-1.5279999999999987,-8.2119,17788.79,64450.008
300707.SZ,20180205,19.1838,19.5189,18.4888,18.6071,20.002,-1.3948999999999998,-6.9738,16712.7,64663.593
300707.SZ,20180202,21.1455,21.1455,19.7407,20.002,21.2441,-1.2421000000000006,-5.8468,17561.7,72540.477
300707.SZ,20180201,21.1406,21.6236,20.4801,21.2441,21.1948,0.04929999999999879,0.2326,17439.25,74955.497
300707.SZ,20180131,21.7419,21.9292,21.0962,21.1948,22.289,-1.0942000000000007,-4.9091,17778.0,77613.228
300707.SZ,20180130,22.225,22.6538,22.0229,22.289,22.225,0.06400000000000006,0.288,15003.86,68188.964
300707.SZ,20180129,22.6735,22.7228,21.737,22.225,22.7228,-0.497799999999998,-2.1908,21546.56,97130.684
300707.SZ,20180126,23.3143,23.3143,22.5799,22.7228,23.5164,-0.7936000000000014,-3.3747,27085.36,125936.359
300707.SZ,20180125,23.3636,24.5268,23.1763,23.5164,23.2748,0.2416000000000018,1.038,42852.12,208197.095
300707.SZ,20180124,23.1664,23.753,22.9249,23.2748,23.1664,0.10839999999999961,0.4679,32902.6,156380.415
300707.SZ,20180123,23.1664,23.1664,22.5306,23.1664,23.4129,-0.24650000000000105,-1.0528,27457.2,127740.556
300707.SZ,20180122,22.8657,23.9008,22.4961,23.4129,22.639,0.7739000000000011,3.4184,41871.19,198248.392
300707.SZ,20180119,22.3531,23.3488,22.3531,22.639,22.4024,0.23659999999999926,1.0561,27681.66,128472.495
300707.SZ,20180118,22.5897,22.7721,22.1806,22.4024,22.9692,-0.5668000000000006,-2.4677,26183.2,119640.942
300707.SZ,20180117,21.6335,23.4129,21.3032,22.9692,21.4807,1.488500000000002,6.9295,30778.13,140516.554
300707.SZ,20180116,20.7118,21.5842,20.7118,21.4807,20.7118,0.7688999999999986,3.7124,15149.0,65500.476
300707.SZ,20180115,21.806,21.9637,20.6674,20.7118,22.151,-1.4391999999999996,-6.4972,15810.12,68645.106
300707.SZ,20180112,22.0426,22.5996,21.9341,22.151,22.156,-0.004999999999999005,-0.0226,14467.87,65294.921
300707.SZ,20180111,21.4412,22.3975,21.4412,22.156,21.9292,0.22679999999999723,1.0342,14928.62,66960.012
300707.SZ,20180110,22.9347,23.1615,21.6384,21.9292,23.2305,-1.3012999999999977,-5.6017,22684.4,102554.565
300707.SZ,20180109,23.4671,23.6297,23.0826,23.2305,23.4375,-0.20700000000000074,-0.8832,16637.62,78736.134
300707.SZ,20180108,23.1713,23.4868,22.9742,23.4375,23.0284,0.4090999999999987,1.7765,16058.86,75673.228
300707.SZ,20180105,23.1073,23.3537,22.9298,23.0284,23.3143,-0.28589999999999804,-1.2263,10958.73,51407.847
300707.SZ,20180104,23.403,23.4375,22.8559,23.3143,23.472,-0.15770000000000195,-0.6719,13967.98,65645.799
300707.SZ,20180103,23.0185,23.4769,22.6144,23.472,23.1565,0.3155000000000001,1.3625,19808.22,92843.194
300707.SZ,20180102,23.1664,23.3833,22.9397,23.1565,22.9692,0.18730000000000047,0.8154,14309.23,67253.441
300707.SZ,20171229,23.3537,23.6494,22.5799,22.9692,23.6544,-0.6851999999999983,-2.8967,24303.48,113937.183
300707.SZ,20171228,23.0728,24.5367,22.92,23.6544,23.3784,0.2759999999999998,1.1806,31938.97,154875.528
300707.SZ,20171227,23.0432,24.2261,22.8707,23.3784,23.2108,0.1676000000000002,0.7221,31496.84,149746.0
300707.SZ,20171226,22.2348,23.817,22.1412,23.2108,22.4763,0.7345000000000006,3.2679,32089.59,149956.939
300707.SZ,20171225,21.6236,22.6144,20.9533,22.4763,21.7419,0.7343999999999973,3.3778,23122.37,102427.995
300707.SZ,20171222,21.3427,22.3925,21.1948,21.7419,21.392,0.34990000000000165,1.6357,19757.2,87987.739
300707.SZ,20171221,20.9533,21.6483,20.6625,21.392,21.0371,0.35490000000000066,1.687,14648.25,62981.017
300707.SZ,20171220,21.7321,21.7813,20.9286,21.0371,21.668,-0.6309000000000005,-2.9117,14219.25,61737.016
300707.SZ,20171219,21.6877,21.9687,21.5891,21.668,21.6433,0.024699999999999278,0.1141,10538.37,46573.02
300707.SZ,20171218,22.2299,22.2496,21.5004,21.6433,22.1461,-0.5028000000000006,-2.2704,14059.96,62086.571
300707.SZ,20171215,22.6686,23.1023,21.9884,22.1461,22.7228,-0.5766999999999989,-2.538,19925.85,91161.072
300707.SZ,20171214,22.4813,22.7672,22.2299,22.7228,22.6834,0.039400000000000546,0.1737,18884.23,86165.39
300707.SZ,20171213,22.1806,22.8657,21.9391,22.6834,22.1806,0.5028000000000006,2.2668,21997.23,100458.391
300707.SZ,20171212,22.2447,23.6002,21.8356,22.1806,22.2496,-0.06900000000000261,-0.3101,29204.42,133813.743
300707.SZ,20171211,21.9391,22.501,21.9391,22.2496,22.0524,0.19720000000000226,0.8942,19184.55,86487.599
300707.SZ,20171208,21.3131,22.5207,21.1948,22.0524,21.3377,0.714699999999997,3.3495,26418.72,118562.797
300707.SZ,20171207,21.1948,21.6778,20.8744,21.3377,21.3328,0.004900000000002791,0.023,19897.0,85822.753
300707.SZ,20171206,20.8202,21.3821,20.559,21.3328,20.6181,0.7147000000000006,3.4664,23081.04,98167.729
300707.SZ,20171205,21.5645,21.7863,20.3125,20.6181,21.737,-1.1189,-5.1474,25559.72,109418.519
300707.SZ,20171204,23.8368,23.8368,21.737,21.737,24.1522,-2.4152000000000022,-9.9999,32370.27,147112.384
300707.SZ,20171201,24.3149,24.6895,24.0783,24.1522,24.517,-0.3647999999999989,-1.4879,21885.27,107956.747
300707.SZ,20171130,24.2015,25.1183,24.2015,24.517,24.3987,0.11829999999999785,0.4849,21766.0,108964.464
300707.SZ,20171129,24.6895,24.7831,23.61,24.3987,25.0444,-0.6456999999999979,-2.5782,28179.2,138309.001
300707.SZ,20171128,23.9058,25.1084,23.8466,25.0444,23.8072,1.2371999999999979,5.1967,27332.43,135531.047
300707.SZ,20171127,23.9501,24.8866,23.4129,23.8072,24.5219,-0.714699999999997,-2.9145,27042.66,132101.005
300707.SZ,20171124,25.8774,26.0499,24.4233,24.5219,26.4294,-1.9075000000000024,-7.2173,35407.26,182677.591
300707.SZ,20171123,26.8632,27.5927,26.4146,26.4294,26.9519,-0.5224999999999973,-1.9386,32676.15,179135.39
300707.SZ,20171122,27.0603,27.8194,26.0696,26.9519,27.3659,-0.4140000000000015,-1.5128,33269.78,181478.831
300707.SZ,20171121,28.194,28.2334,25.8774,27.3659,28.4897,-1.1237999999999992,-3.9446,47457.42,260679.225
300707.SZ,20171120,28.0856,28.544,27.011,28.4897,27.9476,0.5420999999999978,1.9397,33572.99,191423.03
300707.SZ,20171117,30.2543,30.8015,27.6025,27.9476,30.4761,-2.5284999999999975,-8.2967,41421.29,247526.567
300707.SZ,20171116,31.7232,32.8125,30.1459,30.4761,32.433,-1.956900000000001,-6.0337,45373.89,290826.896
300707.SZ,20171115,34.9961,35.2918,32.3837,32.433,35.9819,-3.5489000000000033,-9.863,69544.64,471000.84
300707.SZ,20171114,34.8827,36.667,34.1088,35.9819,34.725,1.2569000000000017,3.6196,80294.94,575172.331
300707.SZ,20171113,34.2616,34.7496,33.4631,34.725,34.5278,0.19720000000000226,0.5711,56267.11,390006.796
300707.SZ,20171110,34.4046,36.1297,33.8525,34.5278,34.5524,-0.02459999999999951,-0.0712,74167.13,524300.088
300707.SZ,20171109,34.7496,34.8925,33.2709,34.5524,35.2228,-0.6704000000000008,-1.9033,80172.52,554257.283
300707.SZ,20171108,31.6295,35.2228,31.5605,35.2228,32.0189,3.2038999999999973,10.0063,87027.53,593323.569
300707.SZ,20171107,30.5106,32.3738,29.4312,32.0189,31.1169,0.902000000000001,2.8987,75662.22,473023.027
300707.SZ,20171106,31.9401,32.3344,30.8705,31.1169,31.1021,0.014800000000001035,0.0476,52501.26,336113.693
300707.SZ,20171103,30.9,31.7675,30.3135,31.1021,30.6585,0.4436,1.4469,58917.24,371371.711
300707.SZ,20171102,32.5315,33.0146,30.4515,30.6585,33.6011,-2.9426000000000023,-8.7575,98652.02,637480.176
300707.SZ,20171101,31.0676,34.6362,31.0085,33.6011,31.6394,1.961700000000004,6.2002,102122.71,681087.062
300707.SZ,20171031,28.8841,33.0737,28.8496,31.6394,30.1065,1.532899999999998,5.0916,103823.13,649598.345
300707.SZ,20171030,29.5002,32.4083,29.0812,30.1065,29.5002,0.606300000000001,2.0552,107565.71,674565.648
300707.SZ,20171027,28.7855,29.8699,28.3517,29.5002,30.1607,-0.660499999999999,-2.1899,102164.41,603927.136
300707.SZ,20171026,31.9401,32.1372,29.4065,30.1607,29.2143,0.946399999999997,3.2395,149635.77,948289.361
300707.SZ,20171025,28.5883,29.2143,28.5883,29.2143,26.5576,2.6567000000000007,10.0035,81048.23,479164.838
300707.SZ,20171024,27.775,27.775,26.5181,26.5576,25.2514,1.3062000000000005,5.1728,119612.54,662880.881
300707.SZ,20171023,25.2465,25.2514,25.138,25.2514,22.9545,2.296900000000001,10.0063,25590.62,131093.748
300707.SZ,20171020,22.9545,22.9545,22.9545,22.9545,20.8695,2.085000000000001,9.9907,1273.18,5929.199
300707.SZ,20171019,20.8695,20.8695,20.8695,20.8695,18.9718,1.8976999999999968,10.0027,357.1,1511.961
300707.SZ,20171018,18.9718,18.9718,18.9718,18.9718,17.2466,1.725200000000001,10.0031,100.0,384.9
300707.SZ,20171017,17.2466,17.2466,17.2466,17.2466,15.6792,1.567400000000001,9.9967,80.0,279.92
300707.SZ,20171016,15.6792,15.6792,15.6792,15.6792,14.2547,1.4245,9.9932,67.0,213.127
300707.SZ,20171013,14.2547,14.2547,14.2547,14.2547,12.9584,1.2963000000000005,10.0035,19.0,54.948
300707.SZ,20171012,12.9584,12.9584,12.9584,12.9584,11.7804,1.177999999999999,9.9997,25.0,65.725
300707.SZ,20171011,11.7804,11.7804,11.7804,11.7804,10.7108,1.0695999999999994,9.9862,17.0,40.63
300707.SZ,20171010,8.9265,10.7108,8.9265,10.7108,7.4379,3.272900000000001,44.003,71.0,153.016
