ts_code,trade_date,open,high,low,close,pre_close,change,pct_chg,vol,amount
600295.SH,20230316,15.76,15.82,15.41,15.46,15.85,-0.3899999999999988,-2.4606,48028.09,74858.576
600295.SH,20230315,15.8,15.9,15.75,15.85,15.71,0.1399999999999988,0.8912,26789.14,42419.256
600295.SH,20230314,15.98,16.15,15.65,15.71,16.12,-0.41000000000000014,-2.5434,39476.88,62472.645
600295.SH,20230313,15.93,16.16,15.92,16.12,15.94,0.1800000000000015,1.1292,34790.19,55811.56
600295.SH,20230310,16.23,16.33,15.9,15.94,16.27,-0.33000000000000007,-2.0283,42449.1,68064.038
600295.SH,20230309,16.28,16.42,16.24,16.27,16.31,-0.03999999999999915,-0.2452,28667.16,46759.533
600295.SH,20230308,16.21,16.45,16.16,16.31,16.31,0.0,0.0,43854.45,71491.765
600295.SH,20230307,16.5,16.69,16.3,16.31,16.46,-0.15000000000000213,-0.9113,40519.81,66799.756
600295.SH,20230306,16.71,16.78,16.32,16.46,16.69,-0.23000000000000043,-1.3781,59679.78,98279.254
600295.SH,20230303,16.68,16.79,16.61,16.69,16.66,0.030000000000001137,0.1801,34073.24,56888.693
600295.SH,20230302,16.7,16.77,16.52,16.66,16.68,-0.019999999999999574,-0.1199,45806.48,76171.035
600295.SH,20230301,16.75,16.78,16.63,16.68,16.74,-0.05999999999999872,-0.3584,33982.61,56703.614
600295.SH,20230228,16.76,16.83,16.61,16.74,16.73,0.00999999999999801,0.0598,34135.09,57054.335
600295.SH,20230227,16.82,16.91,16.68,16.73,16.8,-0.07000000000000028,-0.4167,31477.98,52942.69
600295.SH,20230224,16.98,16.99,16.6,16.8,16.94,-0.14000000000000057,-0.8264,37323.16,62555.511
600295.SH,20230223,17.07,17.27,16.85,16.94,17.07,-0.129999999999999,-0.7616,58198.72,99038.686
600295.SH,20230222,16.76,17.09,16.68,17.07,16.89,0.17999999999999972,1.0657,76194.1,129440.73
600295.SH,20230221,16.64,16.98,16.56,16.89,16.56,0.33000000000000185,1.9928,80325.29,135418.84
600295.SH,20230220,16.36,16.57,16.19,16.56,16.24,0.3200000000000003,1.9704,46632.24,76721.832
600295.SH,20230217,15.88,16.34,15.88,16.24,15.93,0.3099999999999987,1.946,48025.84,77762.82
600295.SH,20230216,16.31,16.46,15.0,15.93,16.36,-0.4299999999999997,-2.6284,67487.44,108635.745
600295.SH,20230215,16.78,16.84,16.32,16.36,16.78,-0.4200000000000017,-2.503,50032.69,82510.634
600295.SH,20230214,16.66,16.85,16.57,16.78,16.66,0.120000000000001,0.7203,39552.28,66184.422
600295.SH,20230213,16.43,16.66,16.32,16.66,16.36,0.3000000000000007,1.8337,36156.37,59810.334
600295.SH,20230210,16.52,16.58,16.25,16.36,16.53,-0.1700000000000017,-1.0284,32834.99,53815.769
600295.SH,20230209,16.44,16.57,16.34,16.53,16.43,0.10000000000000142,0.6086,30456.96,50283.701
600295.SH,20230208,16.66,16.66,16.4,16.43,16.56,-0.129999999999999,-0.785,26862.2,44262.936
600295.SH,20230207,16.62,16.65,16.4,16.56,16.48,0.0799999999999983,0.4854,38343.4,63280.916
600295.SH,20230206,16.67,16.67,16.35,16.48,16.76,-0.28000000000000114,-1.6706,41301.44,67979.644
600295.SH,20230203,16.97,16.97,16.41,16.76,16.99,-0.22999999999999687,-1.3537,67042.48,111506.716
600295.SH,20230202,16.93,17.08,16.9,16.99,16.98,0.00999999999999801,0.0589,46011.61,78098.849
600295.SH,20230201,16.79,17.09,16.79,16.98,16.77,0.21000000000000085,1.2522,62146.21,105457.375
600295.SH,20230131,16.7,16.82,16.54,16.77,16.61,0.16000000000000014,0.9633,45702.33,76534.098
600295.SH,20230130,17.0,17.1,16.6,16.61,16.82,-0.21000000000000085,-1.2485,80508.68,134914.254
600295.SH,20230120,16.48,16.86,16.34,16.82,16.42,0.3999999999999986,2.4361,64313.85,107222.8
600295.SH,20230119,16.22,16.44,16.13,16.42,16.26,0.16000000000000014,0.984,47623.16,77669.762
600295.SH,20230118,16.03,16.28,15.96,16.26,16.03,0.23000000000000043,1.4348,39292.97,63635.198
600295.SH,20230117,15.95,16.1,15.86,16.03,15.88,0.15000000000000036,0.9446,42535.91,67965.038
600295.SH,20230116,15.86,15.99,15.82,15.88,15.89,-0.009999999999999787,-0.0629,50316.55,80014.266
600295.SH,20230113,15.84,16.01,15.77,15.89,15.84,0.05000000000000071,0.3157,30307.62,48036.609
600295.SH,20230112,15.89,15.95,15.78,15.84,15.87,-0.02999999999999936,-0.189,35682.71,56619.793
600295.SH,20230111,15.62,16.15,15.62,15.87,15.57,0.29999999999999893,1.9268,64610.41,102557.957
600295.SH,20230110,15.76,15.81,15.52,15.57,15.75,-0.17999999999999972,-1.1429,38431.7,59950.144
600295.SH,20230109,15.66,15.81,15.51,15.75,15.54,0.21000000000000085,1.3514,45350.97,71038.046
600295.SH,20230106,15.43,15.65,15.38,15.54,15.4,0.1399999999999988,0.9091,43963.8,68349.468
600295.SH,20230105,15.26,15.46,15.26,15.4,15.33,0.07000000000000028,0.4566,32080.57,49333.228
600295.SH,20230104,15.38,15.55,15.23,15.33,15.38,-0.05000000000000071,-0.3251,35368.36,54436.506
600295.SH,20230103,15.14,15.4,15.02,15.38,15.19,0.19000000000000128,1.2508,34555.62,52592.387
600295.SH,20221230,15.31,15.45,15.14,15.19,15.25,-0.0600000000000005,-0.3934,31904.93,48668.711
600295.SH,20221229,15.44,15.45,15.25,15.25,15.44,-0.1899999999999995,-1.2306,27996.6,42900.431
600295.SH,20221228,15.5,15.58,15.31,15.44,15.57,-0.13000000000000078,-0.8349,31879.49,49132.838
600295.SH,20221227,15.3,15.66,15.3,15.57,15.3,0.2699999999999996,1.7647,38294.29,59549.457
600295.SH,20221226,15.2,15.32,15.13,15.3,15.1,0.20000000000000107,1.3245,24855.13,37922.781
600295.SH,20221223,15.3,15.3,15.01,15.1,15.3,-0.20000000000000107,-1.3072,31771.61,48034.551
600295.SH,20221222,15.7,15.83,15.24,15.3,15.6,-0.29999999999999893,-1.9231,40586.66,62804.054
600295.SH,20221221,15.73,15.83,15.52,15.6,15.62,-0.019999999999999574,-0.128,28771.2,44976.494
600295.SH,20221220,15.61,15.77,15.52,15.62,15.71,-0.09000000000000163,-0.5729,36304.51,56755.68
600295.SH,20221219,16.28,16.32,15.67,15.71,16.29,-0.5799999999999983,-3.5605,64129.92,101717.961
600295.SH,20221216,16.03,16.47,16.02,16.29,16.24,0.05000000000000071,0.3079,58448.1,95207.154
600295.SH,20221215,16.28,16.35,15.95,16.24,16.3,-0.060000000000002274,-0.3681,55754.62,90073.56
600295.SH,20221214,16.32,16.64,16.25,16.3,16.32,-0.019999999999999574,-0.1225,59539.69,97578.816
600295.SH,20221213,16.25,16.55,16.25,16.32,16.34,-0.019999999999999574,-0.1224,69845.51,114525.449
600295.SH,20221212,16.63,16.95,16.3,16.34,16.54,-0.1999999999999993,-1.2092,132856.2,219920.796
600295.SH,20221209,17.75,17.79,16.54,16.54,17.69,-1.1500000000000021,-6.5008,277569.2,472163.484
600295.SH,20221208,17.82,17.96,17.53,17.69,17.84,-0.14999999999999858,-0.8408,151124.65,268694.647
600295.SH,20221207,17.18,17.89,17.15,17.84,17.15,0.6900000000000013,4.0233,170686.22,300955.652
600295.SH,20221206,16.61,17.21,16.5,17.15,16.67,0.4799999999999969,2.8794,105857.94,179599.642
600295.SH,20221205,16.36,16.78,16.28,16.67,16.35,0.3200000000000003,1.9572,81505.71,135024.256
600295.SH,20221202,16.36,16.42,16.09,16.35,16.36,-0.00999999999999801,-0.0611,68008.65,110687.089
600295.SH,20221201,16.34,16.4,16.05,16.36,16.17,0.18999999999999773,1.175,82854.83,135073.328
600295.SH,20221130,16.06,16.48,16.0,16.17,16.02,0.15000000000000213,0.9363,130430.19,211562.401
600295.SH,20221129,15.63,16.09,15.63,16.02,15.72,0.29999999999999893,1.9084,101040.27,160578.486
600295.SH,20221128,15.69,16.13,15.34,15.72,15.7,0.02000000000000135,0.1274,115285.48,180593.086
600295.SH,20221125,15.52,15.75,15.34,15.7,15.49,0.20999999999999908,1.3557,101595.78,158790.833
600295.SH,20221124,15.33,15.56,15.16,15.49,15.25,0.2400000000000002,1.5738,94949.74,146416.063
600295.SH,20221123,15.06,15.54,15.01,15.25,15.05,0.1999999999999993,1.3289,97523.04,149001.869
600295.SH,20221122,14.87,15.2,14.75,15.05,14.85,0.20000000000000107,1.3468,72593.05,109136.531
600295.SH,20221121,14.71,14.91,14.49,14.85,14.71,0.1399999999999988,0.9517,51514.61,75897.4
600295.SH,20221118,14.97,15.03,14.71,14.71,14.98,-0.2699999999999996,-1.8024,64203.16,95262.319
600295.SH,20221117,15.1,15.2,14.82,14.98,15.21,-0.23000000000000043,-1.5122,71403.06,106779.987
600295.SH,20221116,15.3,15.36,15.16,15.21,15.26,-0.049999999999998934,-0.3277,48812.71,74327.985
600295.SH,20221115,14.98,15.28,14.86,15.26,15.03,0.23000000000000043,1.5303,72667.22,110258.717
600295.SH,20221114,15.18,15.38,14.94,15.03,15.11,-0.08000000000000007,-0.5295,89627.4,135920.052
600295.SH,20221111,15.16,15.27,14.98,15.11,14.88,0.22999999999999865,1.5457,101043.46,152814.321
600295.SH,20221110,15.0,15.04,14.7,14.88,15.07,-0.1899999999999995,-1.2608,74171.43,110196.535
600295.SH,20221109,15.19,15.41,15.03,15.07,15.17,-0.09999999999999964,-0.6592,76977.88,116901.458
600295.SH,20221108,15.2,15.38,15.1,15.17,15.22,-0.05000000000000071,-0.3285,71991.65,109442.13
600295.SH,20221107,14.85,15.29,14.85,15.22,14.82,0.40000000000000036,2.6991,91172.58,138149.427
600295.SH,20221104,14.31,14.85,14.26,14.82,14.31,0.5099999999999998,3.5639,99160.07,145852.268
600295.SH,20221103,14.08,14.43,14.0,14.31,14.19,0.120000000000001,0.8457,63324.65,90483.06
600295.SH,20221102,14.05,14.28,13.98,14.19,14.19,0.0,0.0,87634.84,123956.091
600295.SH,20221101,13.75,14.19,13.61,14.19,13.92,0.2699999999999996,1.9397,101841.49,141107.238
600295.SH,20221031,13.9,14.09,13.68,13.92,14.5,-0.5800000000000001,-4.0,95785.79,132707.431
600295.SH,20221028,15.2,15.22,14.43,14.5,15.12,-0.6199999999999992,-4.1005,69873.06,102846.454
600295.SH,20221027,15.19,15.25,15.06,15.12,14.97,0.14999999999999858,1.002,60068.7,91060.896
600295.SH,20221026,14.75,15.19,14.71,14.97,14.79,0.1800000000000015,1.217,57305.85,85733.479
600295.SH,20221025,14.86,15.0,14.6,14.79,14.75,0.03999999999999915,0.2712,71266.35,105603.874
600295.SH,20221024,15.01,15.21,14.5,14.75,15.03,-0.27999999999999936,-1.8629,65096.09,97229.272
600295.SH,20221021,15.29,15.29,14.91,15.03,15.19,-0.16000000000000014,-1.0533,50799.52,76807.977
600295.SH,20221020,15.2,15.31,14.95,15.19,15.3,-0.11000000000000121,-0.719,56933.71,86096.737
600295.SH,20221019,15.58,15.67,15.23,15.3,15.58,-0.27999999999999936,-1.7972,72478.1,111865.379
600295.SH,20221018,15.86,15.94,15.54,15.58,15.79,-0.20999999999999908,-1.33,72072.48,112856.868
600295.SH,20221017,15.53,15.85,15.34,15.79,15.57,0.21999999999999886,1.413,79278.5,123854.3
600295.SH,20221014,15.25,15.69,15.2,15.57,15.19,0.3800000000000008,2.5016,102259.3,158233.393
600295.SH,20221013,15.29,15.34,15.04,15.19,15.5,-0.3100000000000005,-2.0,85506.9,129638.415
600295.SH,20221012,15.27,15.5,14.86,15.5,15.42,0.08000000000000007,0.5188,96917.52,147343.547
600295.SH,20221011,15.13,15.45,15.06,15.42,15.11,0.3100000000000005,2.0516,78780.46,120455.113
600295.SH,20221010,15.37,15.56,15.01,15.11,15.17,-0.0600000000000005,-0.3955,87837.35,134592.385
600295.SH,20220930,15.08,15.39,15.08,15.17,15.17,0.0,0.0,70767.72,107880.064
600295.SH,20220929,15.1,15.34,15.03,15.17,14.88,0.28999999999999915,1.9489,91900.16,139729.935
600295.SH,20220928,15.6,15.72,14.88,14.88,15.74,-0.8599999999999994,-5.4638,143745.13,217913.84
600295.SH,20220927,16.46,16.58,15.3,15.74,16.46,-0.7200000000000006,-4.3742,201781.21,315259.989
600295.SH,20220926,17.12,17.18,16.35,16.46,17.19,-0.7300000000000004,-4.2467,120568.19,202041.687
600295.SH,20220923,17.8,17.85,17.06,17.19,17.69,-0.5,-2.8265,90840.51,157861.945
600295.SH,20220922,17.42,18.05,17.37,17.69,17.52,0.1700000000000017,0.9703,83346.9,147645.52
600295.SH,20220921,17.5,17.69,17.35,17.52,17.57,-0.05000000000000071,-0.2846,85619.13,150169.493
600295.SH,20220920,16.89,17.75,16.85,17.57,16.83,0.740000000000002,4.3969,134669.2,234673.699
600295.SH,20220919,17.2,17.3,16.71,16.83,17.21,-0.38000000000000256,-2.208,112280.8,190195.779
600295.SH,20220916,18.0,18.05,17.07,17.21,17.98,-0.7699999999999996,-4.2825,163345.7,284020.714
600295.SH,20220915,18.57,18.88,17.78,17.98,18.45,-0.46999999999999886,-2.5474,127902.4,233945.158
600295.SH,20220914,18.55,18.85,18.4,18.45,18.91,-0.46000000000000085,-2.4326,116288.56,216268.175
600295.SH,20220913,19.1,19.19,18.8,18.91,19.05,-0.14000000000000057,-0.7349,100502.2,190553.054
600295.SH,20220909,18.78,19.14,18.62,19.05,18.78,0.2699999999999996,1.4377,131347.6,248618.077
600295.SH,20220908,19.09,19.24,18.61,18.78,18.94,-0.16000000000000014,-0.8448,138314.51,261257.792
600295.SH,20220907,18.03,19.44,17.84,18.94,18.04,0.9000000000000021,4.9889,256574.51,481993.093
600295.SH,20220906,17.5,18.06,17.39,18.04,17.47,0.5700000000000003,3.2627,128528.85,229450.757
600295.SH,20220905,17.35,17.67,17.09,17.47,17.26,0.2099999999999973,1.2167,107926.4,188077.473
600295.SH,20220902,17.75,17.8,17.17,17.26,17.68,-0.41999999999999815,-2.3756,115148.65,200047.596
600295.SH,20220901,17.79,18.19,17.61,17.68,17.6,0.0799999999999983,0.4545,114619.29,204981.485
600295.SH,20220831,18.48,18.61,17.6,17.6,18.53,-0.9299999999999997,-5.0189,161461.9,289600.305
600295.SH,20220830,19.05,19.1,18.27,18.53,19.02,-0.48999999999999844,-2.5762,152527.64,283555.506
600295.SH,20220829,18.28,19.07,17.91,19.02,18.44,0.5799999999999983,3.1453,172867.1,322714.127
600295.SH,20220826,19.38,19.38,18.41,18.44,19.38,-0.9399999999999977,-4.8504,226243.42,426433.2
600295.SH,20220825,18.94,19.75,18.72,19.38,18.76,0.6199999999999974,3.3049,328403.97,634108.381
600295.SH,20220824,19.08,19.46,18.7,18.76,18.95,-0.18999999999999773,-1.0026,182145.95,347377.668
600295.SH,20220823,18.95,19.08,18.58,18.95,18.95,0.0,0.0,119217.65,224707.202
600295.SH,20220822,18.75,19.07,18.41,18.95,18.82,0.129999999999999,0.6908,147090.82,277380.016
600295.SH,20220819,18.32,19.16,18.2,18.82,18.33,0.490000000000002,2.6732,172140.99,322879.589
600295.SH,20220818,18.75,18.83,18.3,18.33,18.69,-0.360000000000003,-1.9262,112297.39,207534.807
600295.SH,20220817,19.0,19.23,18.64,18.69,19.1,-0.41000000000000014,-2.1466,160399.51,302183.871
600295.SH,20220816,18.6,19.28,18.55,19.1,18.59,0.5100000000000016,2.7434,244985.58,465617.34
600295.SH,20220815,17.85,18.7,17.81,18.59,17.87,0.7199999999999989,4.0291,222260.76,410645.255
600295.SH,20220812,17.6,18.12,17.55,17.87,17.57,0.3000000000000007,1.7075,85129.22,152306.675
600295.SH,20220811,17.44,17.61,17.33,17.57,17.35,0.21999999999999886,1.268,75385.56,131820.589
600295.SH,20220810,17.35,17.61,17.26,17.35,17.45,-0.09999999999999787,-0.5731,58719.3,102281.851
600295.SH,20220809,17.32,17.6,17.24,17.45,17.32,0.129999999999999,0.7506,77806.16,135856.726
600295.SH,20220808,17.0,17.38,16.93,17.32,17.1,0.21999999999999886,1.2865,57708.48,99387.053
600295.SH,20220805,17.0,17.13,16.75,17.1,17.06,0.0400000000000027,0.2345,77212.93,130678.543
600295.SH,20220804,17.17,17.27,16.5,17.06,17.11,-0.05000000000000071,-0.2922,77454.65,131118.174
600295.SH,20220803,17.26,17.55,17.01,17.11,17.32,-0.21000000000000085,-1.2125,88076.44,152395.126
600295.SH,20220802,18.2,18.2,16.91,17.32,18.45,-1.129999999999999,-6.1247,191052.12,332321.206
600295.SH,20220801,18.1,18.5,18.06,18.45,18.24,0.21000000000000085,1.1513,100399.09,184403.616
600295.SH,20220729,18.5,18.71,18.1,18.24,18.43,-0.19000000000000128,-1.0309,110596.1,202669.317
600295.SH,20220728,18.07,18.55,18.04,18.43,17.95,0.4800000000000004,2.6741,169943.19,311262.292
600295.SH,20220727,17.87,17.97,17.61,17.95,17.85,0.09999999999999787,0.5602,53711.99,95977.464
600295.SH,20220726,17.63,17.92,17.55,17.85,17.65,0.20000000000000284,1.1331,56417.67,100424.664
600295.SH,20220725,17.91,18.08,17.63,17.65,17.91,-0.26000000000000156,-1.4517,53253.03,94699.016
600295.SH,20220722,18.02,18.21,17.76,17.91,18.22,-0.3099999999999987,-1.7014,83339.06,149940.25
600295.SH,20220721,17.9,18.66,17.7,18.22,17.97,0.25,1.3912,143346.44,261619.667
600295.SH,20220720,18.0,18.12,17.85,17.97,17.87,0.09999999999999787,0.5596,69880.53,125501.609
600295.SH,20220719,17.95,18.06,17.73,17.87,17.84,0.030000000000001137,0.1682,70165.13,125526.816
600295.SH,20220718,17.42,17.89,17.33,17.84,17.48,0.35999999999999943,2.0595,79162.61,140147.745
600295.SH,20220715,17.5,18.02,17.44,17.48,17.79,-0.3099999999999987,-1.7426,90241.22,159953.283
600295.SH,20220714,17.55,18.34,17.52,17.79,17.25,0.5399999999999991,3.1304,158599.21,283521.375
600295.SH,20220713,17.29,17.37,17.0,17.25,17.43,-0.17999999999999972,-1.0327,70128.53,120463.63
600295.SH,20220712,17.32,17.56,17.17,17.43,17.32,0.10999999999999943,0.6351,80345.19,139440.472
600295.SH,20220711,18.0,18.0,17.29,17.32,18.09,-0.7699999999999996,-4.2565,130299.33,228460.337
600295.SH,20220708,18.39,18.55,18.03,18.09,18.3,-0.21000000000000085,-1.1475,92742.74,169030.318
600295.SH,20220707,18.19,18.64,17.9,18.3,18.28,0.019999999999999574,0.1094,114194.25,208978.807
600295.SH,20220706,19.01,19.04,18.07,18.28,19.1,-0.8200000000000003,-4.2932,168337.91,311561.748
600295.SH,20220705,18.94,19.18,18.69,19.1,19.09,0.010000000000001563,0.0524,207030.43,392453.473
600295.SH,20220704,17.82,19.28,17.77,19.09,18.02,1.0700000000000003,5.9378,279766.46,518613.65
600295.SH,20220701,17.9,18.17,17.65,18.02,18.05,-0.030000000000001137,-0.1662,96259.71,172272.972
600295.SH,20220630,17.9,18.17,17.83,18.05,18.05,0.0,0.0,96022.5,173135.862
600295.SH,20220629,18.4,18.64,18.0,18.05,18.52,-0.46999999999999886,-2.5378,119179.19,217973.759
600295.SH,20220628,18.49,18.77,18.27,18.52,18.59,-0.07000000000000028,-0.3765,156286.98,288065.067
600295.SH,20220627,18.19,18.66,18.11,18.59,18.09,0.5,2.764,180323.56,333031.606
600295.SH,20220624,17.78,18.22,17.65,18.09,17.89,0.1999999999999993,1.1179,129742.78,233570.502
600295.SH,20220623,17.69,17.95,17.51,17.89,17.61,0.28000000000000114,1.59,103861.26,184261.778
600295.SH,20220622,18.33,18.35,17.6,17.61,18.23,-0.620000000000001,-3.401,143360.51,256621.982
600295.SH,20220621,18.13,18.62,17.96,18.23,18.12,0.10999999999999943,0.6071,198641.33,363485.311
600295.SH,20220620,18.65,18.66,17.76,18.12,18.68,-0.5599999999999987,-2.9979,214085.71,386826.538
600295.SH,20220617,18.98,18.98,18.36,18.68,19.03,-0.3500000000000014,-1.8392,171815.46,320411.112
600295.SH,20220616,18.88,19.24,18.66,19.03,18.93,0.10000000000000142,0.5283,179332.5,340191.854
600295.SH,20220615,19.36,19.59,18.91,18.93,19.6,-0.6700000000000017,-3.4184,203454.56,392415.441
600295.SH,20220614,20.2,20.22,18.82,19.6,20.68,-1.0799999999999983,-5.2224,288462.39,559786.758
600295.SH,20220613,20.74,20.88,20.27,20.68,20.74,-0.05999999999999872,-0.2893,125967.09,259741.157
600295.SH,20220610,19.8381,20.7535,19.6443,20.7401,20.0719,0.6682000000000023,3.329,158679.63,482546.334
600295.SH,20220609,20.1254,20.2991,19.8113,20.0719,19.9984,0.07349999999999923,0.3675,138924.1,416955.152
600295.SH,20220608,19.8381,20.1053,19.4171,19.9984,19.6309,0.3674999999999997,1.872,160293.39,475604.708
600295.SH,20220607,19.1899,20.1721,19.1766,19.6309,18.8158,0.815100000000001,4.332,206297.28,605705.619
600295.SH,20220606,18.3748,19.0363,18.2745,18.8158,18.4683,0.34750000000000014,1.8816,131176.53,368146.604
600295.SH,20220602,18.2278,18.5084,18.0941,18.4683,18.3146,0.15370000000000061,0.8392,89202.77,245045.546
600295.SH,20220601,18.054,18.4282,18.054,18.3146,18.3079,0.006699999999998596,0.0366,97193.08,265004.233
600295.SH,20220531,18.3347,18.3948,17.8469,18.3079,18.3547,-0.04680000000000106,-0.255,128504.79,349299.6
600295.SH,20220530,18.6554,18.7489,18.0407,18.3547,18.5418,-0.18709999999999738,-1.0091,105463.74,288753.124
600295.SH,20220527,18.328,19.083,18.2679,18.5418,18.2411,0.3006999999999991,1.6485,178769.56,498210.04
600295.SH,20220526,18.3079,18.5819,17.907,18.2411,18.3347,-0.09360000000000213,-0.5105,127123.64,346251.228
600295.SH,20220525,17.9672,18.4683,17.5596,18.3347,17.6865,0.6482000000000028,3.6649,133900.53,362970.642
600295.SH,20220524,18.3347,18.642,17.6264,17.6865,18.3748,-0.6883000000000017,-3.7459,159467.6,433619.503
600295.SH,20220523,18.2211,18.5017,17.8603,18.3748,18.0674,0.30740000000000123,1.7014,154406.05,421951.453
600295.SH,20220520,17.1119,18.2879,17.1119,18.0674,17.0985,0.9688999999999979,5.6666,192205.67,508348.64
600295.SH,20220519,16.985,17.1587,16.7311,17.0985,17.3859,-0.2873999999999981,-1.6531,125866.98,319563.419
600295.SH,20220518,17.1052,17.4326,16.711,17.3859,17.2389,0.14699999999999847,0.8527,142066.35,363860.31
600295.SH,20220517,17.2389,17.2923,16.9783,17.2389,17.132,0.10689999999999955,0.624,113613.67,291540.463
600295.SH,20220516,16.6509,17.152,16.6375,17.132,16.6509,0.4811000000000014,2.8893,145837.94,369437.47
600295.SH,20220513,16.6308,16.838,16.4371,16.6509,16.5907,0.06020000000000181,0.3629,113772.09,283655.996
600295.SH,20220512,16.7778,16.8246,16.123,16.5907,16.9649,-0.37420000000000186,-2.2057,163405.3,403462.272
600295.SH,20220511,16.5306,17.2322,16.4571,16.9649,16.6843,0.28059999999999974,1.6818,183361.78,465353.112
600295.SH,20220510,16.2967,16.6843,15.7021,16.6843,16.7377,-0.05339999999999989,-0.319,187828.87,456103.594
600295.SH,20220509,16.8112,16.8179,16.3235,16.7377,16.8179,-0.08020000000000138,-0.4769,137969.86,341778.439
600295.SH,20220506,17.3725,17.573,16.6576,16.8179,18.1342,-1.3162999999999982,-7.2587,229893.74,585916.021
600295.SH,20220505,18.9093,19.23,17.8603,18.1342,18.9761,-0.841899999999999,-4.4366,233849.22,641013.497
600295.SH,20220429,18.4082,19.1098,18.0941,18.9761,18.6086,0.3674999999999997,1.9749,148186.01,413282.184
600295.SH,20220428,18.0139,18.7489,17.7133,18.6086,17.7667,0.841899999999999,4.7386,176386.64,481652.351
600295.SH,20220427,16.1497,17.7667,16.0228,17.7667,16.1497,1.6170000000000009,10.0126,165729.4,424507.885
600295.SH,20220426,16.9783,17.2656,16.0696,16.1497,17.299,-1.1493000000000002,-6.6437,177149.18,437344.049
600295.SH,20220425,18.4817,18.6019,17.299,17.299,19.2233,-1.9242999999999988,-10.0102,152129.25,401172.719
600295.SH,20220422,19.2501,19.5307,18.7489,19.2233,19.2634,-0.04010000000000247,-0.2082,113535.59,326403.004
600295.SH,20220421,20.2256,20.4194,19.1632,19.2634,20.2189,-0.9555000000000007,-4.7258,173864.29,511342.055
600295.SH,20220420,20.9472,21.7424,20.0452,20.2189,21.2479,-1.029,-4.8428,163370.87,505937.478
600295.SH,20220419,20.4595,21.4884,20.1321,21.2479,20.2924,0.9555000000000007,4.7087,192555.67,605003.053
600295.SH,20220418,20.5797,21.2947,20.1788,20.2924,20.7535,-0.4610999999999983,-2.2218,168398.47,521026.195
600295.SH,20220415,22.3838,22.3838,20.0452,20.7535,21.8092,-1.0557000000000016,-4.8406,252299.68,805454.127
600295.SH,20220414,20.7935,22.0096,20.4327,21.8092,20.847,0.9621999999999993,4.6155,222492.23,708895.304
600295.SH,20220413,20.3926,21.5486,20.3926,20.847,20.3125,0.5345000000000013,2.6314,232172.76,729315.111
600295.SH,20220412,20.6465,21.3815,20.239,20.3125,21.1143,-0.8018000000000001,-3.7974,234707.52,725109.011
600295.SH,20220411,19.5975,21.7824,19.2434,21.1143,20.0652,1.0490999999999993,5.2285,363952.0,1130257.671
600295.SH,20220408,18.2745,20.0652,18.2411,20.0652,18.2411,1.8241000000000014,9.9999,314819.4,912935.049
600295.SH,20220407,18.0073,18.5685,17.9739,18.2411,18.3146,-0.07349999999999923,-0.4013,142080.66,389499.568
600295.SH,20220406,18.0808,18.348,17.3525,18.3146,18.0674,0.24719999999999942,1.3682,171594.86,459304.149
600295.SH,20220401,17.0985,18.2879,16.8781,18.0674,17.0785,0.988900000000001,5.7903,183038.12,485189.407
600295.SH,20220331,16.5774,17.2188,16.5373,17.0785,16.4437,0.6347999999999985,3.8604,134929.47,343289.505
600295.SH,20220330,16.3702,16.7377,16.3368,16.4437,16.4371,0.006599999999998829,0.0402,82373.96,203453.963
600295.SH,20220329,16.0027,16.5373,15.9693,16.4371,16.1297,0.30740000000000123,1.9058,81275.44,197937.306
600295.SH,20220328,15.7154,16.2901,15.4014,16.1297,15.7154,0.414299999999999,2.6363,93491.26,222865.757
600295.SH,20220325,15.7355,15.976,15.6353,15.7154,15.7622,-0.04679999999999929,-0.2969,75794.6,179393.302
600295.SH,20220324,15.8223,16.0027,15.662,15.7622,15.7555,0.006700000000000372,0.0425,68022.92,161091.97
600295.SH,20220323,16.0161,16.0161,15.6286,15.7555,15.9426,-0.18710000000000093,-1.1736,68085.94,160979.627
600295.SH,20220322,15.6219,16.0228,15.4548,15.9426,15.6286,0.31400000000000006,2.0091,99247.44,234748.89
600295.SH,20220321,15.7488,15.9827,15.4482,15.6286,15.809,-0.18039999999999878,-1.1411,88589.97,207753.701
600295.SH,20220318,15.1341,15.8758,15.074,15.809,15.241,0.5679999999999996,3.7268,110421.67,258189.285
600295.SH,20220317,14.9938,15.7021,14.9671,15.241,14.8268,0.41419999999999924,2.7936,146477.33,336146.715
600295.SH,20220316,15.0072,15.1608,13.8713,14.8268,15.0072,-0.18039999999999878,-1.2021,180637.38,391389.008
600295.SH,20220315,16.3702,16.4371,15.0072,15.0072,16.6776,-1.6704000000000025,-10.0158,183821.42,421323.299
600295.SH,20220314,16.7645,17.1787,16.5573,16.6776,17.1119,-0.4342999999999968,-2.538,111137.94,279500.359
600295.SH,20220311,17.0317,17.2255,16.4103,17.1119,17.0585,0.05339999999999989,0.313,135672.4,342389.821
600295.SH,20220310,17.0718,17.4527,16.8781,17.0585,17.0184,0.040099999999998914,0.2356,181156.41,465378.861
600295.SH,20220309,17.9404,18.1743,16.2967,17.0184,18.1075,-1.089100000000002,-6.0146,247262.6,635917.867
600295.SH,20220308,18.9494,19.5107,17.9872,18.1075,18.9895,-0.8819999999999979,-4.6447,267820.65,743110.442
600295.SH,20220307,19.0429,19.5574,18.3146,18.9895,18.5618,0.42769999999999797,2.3042,360179.16,1018507.774
600295.SH,20220304,17.4861,19.21,17.0384,18.5618,17.7066,0.8552,4.8298,347443.91,950643.203
600295.SH,20220303,17.3725,18.0073,17.2923,17.7066,17.4059,0.30070000000000263,1.7276,195498.06,518313.844
600295.SH,20220302,16.9115,17.8068,16.8179,17.4059,16.9382,0.46770000000000067,2.7612,173039.33,450452.294
600295.SH,20220301,17.1186,17.3391,16.8246,16.9382,17.1921,-0.25390000000000157,-1.4768,97447.05,247511.893
600295.SH,20220228,16.7043,17.2589,16.5774,17.1921,16.9716,0.22050000000000125,1.2992,109830.97,278934.195
600295.SH,20220225,17.1119,17.5061,16.7043,16.9716,16.9716,0.0,0.0,171749.63,440294.847
600295.SH,20220224,17.5195,17.7133,16.6442,16.9716,17.72,-0.7484000000000002,-4.2235,201952.85,520053.266
600295.SH,20220223,17.5128,18.2946,17.1453,17.72,17.5329,0.18709999999999738,1.0671,256659.85,680313.806
600295.SH,20220222,16.5373,17.6732,16.4504,17.5329,16.6308,0.9021000000000008,5.4243,297389.45,765259.914
600295.SH,20220221,16.6241,16.7043,16.4103,16.6308,16.711,-0.08019999999999783,-0.4799,83769.32,207659.592
600295.SH,20220218,16.1965,17.005,16.0228,16.711,16.1965,0.5144999999999982,3.1766,141417.07,352820.893
600295.SH,20220217,15.8758,16.27,15.8424,16.1965,16.0762,0.1203000000000003,0.7483,79566.71,191873.667
600295.SH,20220216,15.956,16.1431,15.8691,16.0762,15.8491,0.22710000000000008,1.4329,77768.54,186500.438
600295.SH,20220215,15.7956,15.956,15.6286,15.8491,15.8624,-0.013299999999999201,-0.0838,76660.91,180732.259
600295.SH,20220214,15.956,16.27,15.7756,15.8624,16.25,-0.38760000000000083,-2.3852,111769.76,267674.141
600295.SH,20220211,16.7711,17.0651,16.2366,16.25,16.6241,-0.37409999999999854,-2.2503,188887.13,470346.786
600295.SH,20220210,16.1765,16.9449,16.0362,16.6241,16.1097,0.5143999999999984,3.1931,196557.51,489932.038
600295.SH,20220209,15.7021,16.1564,15.7021,16.1097,16.0027,0.10699999999999932,0.6686,135646.29,324450.336
600295.SH,20220208,15.5016,16.0228,15.4148,16.0027,15.4949,0.5078000000000014,3.2772,159466.22,376286.043
600295.SH,20220207,15.2811,15.5217,15.0406,15.4949,14.9203,0.5746000000000002,3.8511,128277.31,294392.031
600295.SH,20220128,14.9671,15.2076,14.2588,14.9203,14.3323,0.5879999999999992,4.1026,147971.53,327818.001
600295.SH,20220127,14.6664,15.0673,14.3056,14.3323,14.6664,-0.3340999999999994,-2.278,70611.4,154929.972
600295.SH,20220126,14.6129,14.9003,14.2588,14.6664,14.6196,0.04679999999999929,0.3201,63223.9,137608.737
600295.SH,20220125,15.241,15.3212,14.6196,14.6196,15.3613,-0.7416999999999998,-4.8284,96578.53,215009.094
600295.SH,20220124,14.6998,15.5417,14.5662,15.3613,14.8067,0.5546000000000006,3.7456,125462.19,284498.081
600295.SH,20220121,15.6286,15.6286,14.7332,14.8067,15.5885,-0.7818000000000005,-5.0152,122603.79,273191.926
600295.SH,20220120,15.4214,16.0161,15.3747,15.5885,15.4081,0.18040000000000056,1.1708,124260.38,290680.951
600295.SH,20220119,15.8825,16.0696,15.3078,15.4081,15.6887,-0.2806000000000015,-1.7885,98295.43,230401.854
600295.SH,20220118,15.3747,15.8825,15.2878,15.6887,15.4014,0.2873000000000001,1.8654,98488.71,230149.362
600295.SH,20220117,15.535,15.5952,15.1408,15.4014,15.6887,-0.2873000000000001,-1.8313,94075.35,215765.372
600295.SH,20220114,15.6419,15.8624,15.3546,15.6887,15.8491,-0.1603999999999992,-1.012,105344.19,246189.375
600295.SH,20220113,16.4371,16.5506,15.7756,15.8491,16.103,-0.25390000000000157,-1.5767,176430.8,428339.062
600295.SH,20220112,15.956,16.103,15.7822,16.103,15.7756,0.3274000000000008,2.0754,92608.66,221483.091
600295.SH,20220111,15.7021,16.0027,15.682,15.7756,15.8557,-0.08009999999999984,-0.5052,70632.45,167380.133
600295.SH,20220110,15.6286,15.9693,15.5283,15.8557,15.5417,0.31400000000000006,2.0204,83712.39,197403.719
600295.SH,20220107,15.6419,15.8491,15.4548,15.5417,15.6419,-0.10019999999999918,-0.6406,85996.7,201229.918
600295.SH,20220106,15.1608,15.8223,15.0473,15.6419,15.2143,0.4276,2.8105,99205.83,230871.359
600295.SH,20220105,15.7021,15.7355,15.0873,15.2143,15.7956,-0.5813000000000006,-3.6801,103986.74,239049.079
600295.SH,20220104,15.829,16.2366,15.7087,15.7956,15.7622,0.03340000000000032,0.2119,98985.05,235948.162
600295.SH,20211231,15.5885,16.0094,15.535,15.7622,15.5751,0.18709999999999916,1.2013,92773.55,219178.39
600295.SH,20211230,15.6954,15.8223,15.5618,15.5751,15.682,-0.10689999999999955,-0.6817,76229.33,178882.255
600295.SH,20211229,15.6887,15.976,15.5751,15.682,15.682,0.0,0.0,99877.48,236271.624
600295.SH,20211228,15.4883,15.6954,15.3346,15.682,15.4883,0.19369999999999976,1.2506,71211.05,165531.26
600295.SH,20211227,15.3747,15.7422,15.3413,15.4883,15.4482,0.04010000000000069,0.2596,56878.93,132176.305
600295.SH,20211224,16.1564,16.2232,15.4348,15.4482,16.1698,-0.7215999999999987,-4.4626,116107.87,272115.103
600295.SH,20211223,16.27,16.3235,15.976,16.1698,16.27,-0.10020000000000095,-0.6159,88281.28,213240.261
600295.SH,20211222,16.1564,16.3636,15.9961,16.27,16.2366,0.03340000000000032,0.2057,90494.18,219382.878
600295.SH,20211221,15.956,16.2834,15.7355,16.2366,16.0696,0.16699999999999804,1.0392,122896.4,295610.027
600295.SH,20211220,17.3792,17.7266,16.0228,16.0696,17.5863,-1.5167000000000002,-8.6243,290737.78,724081.353
600295.SH,20211217,17.7667,18.6086,17.5395,17.5863,17.7133,-0.1269999999999989,-0.717,319182.73,865674.248
600295.SH,20211216,17.1052,17.76,17.0117,17.7133,17.0651,0.6481999999999992,3.7984,215740.06,566434.548
600295.SH,20211215,17.1453,17.3124,17.0451,17.0651,17.1787,-0.11359999999999815,-0.6613,110115.1,282485.186
600295.SH,20211214,17.7801,17.8803,17.1119,17.1787,17.8669,-0.6882000000000019,-3.8518,207669.2,538398.155
600295.SH,20211213,18.0273,18.2211,17.8135,17.8669,17.9605,-0.09359999999999857,-0.5211,191391.23,515290.264
600295.SH,20211210,17.3458,18.2879,17.152,17.9605,17.3725,0.588000000000001,3.3847,224902.79,600491.36
600295.SH,20211209,17.5596,17.7534,17.1921,17.3725,17.573,-0.20050000000000168,-1.141,138211.97,360479.991
600295.SH,20211208,17.3792,17.6064,17.172,17.573,17.4393,0.13370000000000104,0.7667,118498.63,308046.887
600295.SH,20211207,17.8603,18.1008,17.1052,17.4393,17.5997,-0.1603999999999992,-0.9114,145079.9,380782.993
600295.SH,20211206,17.907,18.3881,17.4727,17.5997,17.8269,-0.22719999999999985,-1.2745,208848.78,562219.202
600295.SH,20211203,17.3591,18.2879,17.2389,17.8269,17.3391,0.4878,2.8133,240220.76,639057.981
600295.SH,20211202,17.4059,17.5462,17.1854,17.3391,17.573,-0.233900000000002,-1.331,110145.69,286475.066
600295.SH,20211201,17.2589,17.573,17.0919,17.573,17.2723,0.3006999999999991,1.7409,185828.84,482128.068
600295.SH,20211130,18.1409,18.2745,17.2522,17.2723,18.1609,-0.8886000000000003,-4.8929,228063.83,601710.862
600295.SH,20211129,17.4861,18.1676,17.0919,18.1609,18.0006,0.160300000000003,0.8905,123408.01,329728.26
600295.SH,20211126,17.7734,18.4149,17.7734,18.0006,18.0874,-0.08680000000000021,-0.4799,132073.39,358208.836
600295.SH,20211125,18.5084,18.642,17.907,18.0874,18.5084,-0.4210000000000029,-2.2746,138600.0,377567.015
600295.SH,20211124,18.7489,18.8692,18.2411,18.5084,18.6621,-0.15369999999999706,-0.8236,162469.03,450363.825
600295.SH,20211123,18.1008,19.3436,18.0808,18.6621,18.1543,0.5077999999999996,2.7971,275822.8,775429.982
600295.SH,20211122,17.9939,18.4282,17.6932,18.1543,18.0273,0.1269999999999989,0.7045,177033.03,478080.791
600295.SH,20211119,17.3725,18.2077,17.1119,18.0273,17.5329,0.49439999999999884,2.8198,175404.08,465029.549
600295.SH,20211118,17.3391,17.9939,17.2389,17.5329,17.2923,0.2406000000000006,1.3914,149363.88,394482.612
600295.SH,20211117,16.8647,17.3257,16.7578,17.2923,16.9048,0.3874999999999993,2.2922,107446.33,276380.45
600295.SH,20211116,17.4393,17.4995,16.8781,16.9048,17.5061,-0.6012999999999984,-3.4348,115303.63,295757.518
600295.SH,20211115,17.446,17.7066,17.3057,17.5061,17.5997,-0.09359999999999857,-0.5318,118143.33,309199.091
600295.SH,20211112,17.74,17.9739,17.446,17.5997,17.9271,-0.3274000000000008,-1.8263,132629.56,349977.99
600295.SH,20211111,17.907,18.201,17.6665,17.9271,17.6598,0.26729999999999876,1.5136,168101.98,450529.438
600295.SH,20211110,17.4794,17.7066,16.8714,17.6598,17.8068,-0.14699999999999847,-0.8255,189785.46,492682.24
600295.SH,20211109,17.7133,17.907,17.5061,17.8068,17.8603,-0.05349999999999966,-0.2995,145465.32,385809.889
600295.SH,20211108,17.4727,18.0139,17.3124,17.8603,17.4594,0.40090000000000003,2.2962,199151.19,528948.678
600295.SH,20211105,18.9026,19.2768,17.4393,17.4594,18.9628,-1.5034000000000027,-7.9282,342724.36,933623.436
600295.SH,20211104,19.1031,19.357,18.5752,18.9628,19.23,-0.267199999999999,-1.3895,161138.45,458543.275
600295.SH,20211103,19.2434,19.4706,18.3614,19.23,19.8514,-0.6214000000000013,-3.1303,208770.24,593285.233
600295.SH,20211102,21.9161,22.2502,19.5842,19.8514,21.7624,-1.9109999999999978,-8.7812,378062.55,1160451.205
600295.SH,20211101,20.2991,21.7624,19.9717,21.7624,19.7846,1.9777999999999984,9.9967,279991.19,886710.86
600295.SH,20211029,20.0385,20.4327,19.3637,19.7846,20.2256,-0.44099999999999895,-2.1804,167142.84,496945.774
600295.SH,20211028,21.3815,21.5486,19.5173,20.2256,21.6889,-1.4633000000000003,-6.7468,319359.28,966119.964
600295.SH,20211027,20.9272,22.2702,20.7668,21.6889,21.4484,0.24050000000000082,1.1213,289971.69,933537.029
600295.SH,20211026,20.3926,21.5419,20.1321,21.4484,20.6465,0.8018999999999998,3.884,302569.52,948614.129
600295.SH,20211025,19.7178,21.2479,19.3102,20.6465,20.0986,0.5478999999999985,2.7261,288395.02,881782.203
600295.SH,20211022,19.7512,20.2323,19.1298,20.0986,20.0452,0.05339999999999989,0.2664,305340.14,896842.553
600295.SH,20211021,19.5574,20.847,19.4438,20.0452,19.2501,0.7951000000000015,4.1304,380744.69,1151313.222
600295.SH,20211020,19.0028,20.0986,19.0028,19.2501,21.1143,-1.8642000000000003,-8.8291,403637.43,1166227.317
600295.SH,20211019,20.0452,22.0497,19.9182,21.1143,20.0986,1.015699999999999,5.0536,319833.05,1021661.021
600295.SH,20211018,19.1365,20.0986,18.8425,20.0986,19.2968,0.8018000000000001,4.1551,212289.19,620759.524
600295.SH,20211015,19.0429,19.5307,18.622,19.2968,19.2902,0.006600000000002382,0.0342,197370.38,565592.736
600295.SH,20211014,19.6109,19.6309,18.3146,19.2902,20.2724,-0.9822000000000024,-4.845,270659.04,773554.987
600295.SH,20211013,22.5174,22.5174,20.2724,20.2724,22.5241,-2.2516999999999996,-9.9968,258385.61,800973.393
600295.SH,20211012,21.7824,22.5642,19.6376,22.5241,21.8159,0.7082000000000015,3.2463,281536.11,921885.98
600295.SH,20211011,21.8827,22.2769,21.4149,21.8159,21.5753,0.2406000000000006,1.1152,198525.22,647621.702
600295.SH,20211008,23.9206,23.9206,21.5753,21.5753,23.9741,-2.3988000000000014,-10.0058,217878.48,724846.371
600295.SH,20210930,22.0564,24.2413,21.435,23.9741,23.2591,0.7149999999999999,3.0741,263294.1,903551.826
600295.SH,20210929,25.2302,26.5933,23.2591,23.2591,25.8449,-2.585799999999999,-10.0051,235871.27,848654.065
600295.SH,20210928,22.5709,26.0521,22.3905,25.8449,24.228,1.6168999999999976,6.6737,421459.48,1511871.96
600295.SH,20210927,25.7247,25.7848,24.228,24.228,26.9207,-2.6926999999999985,-10.0023,104654.42,388694.278
600295.SH,20210924,28.2103,28.698,26.9207,26.9207,29.9141,-2.993400000000001,-10.0067,134990.92,558047.383
600295.SH,20210923,29.9141,29.9141,29.2927,29.9141,27.1946,2.7195,10.0001,241260.77,1077804.75
600295.SH,20210922,26.2592,27.1946,25.591,27.1946,24.7224,2.472200000000001,9.9998,228907.87,917658.133
600295.SH,20210917,26.1924,27.3216,24.3215,24.7224,26.3394,-1.6170000000000009,-6.1391,336731.56,1299488.664
600295.SH,20210916,29.2459,30.4486,25.8316,26.3394,27.796,-1.4565999999999981,-5.2403,408794.11,1730463.279
600295.SH,20210915,26.914,28.1769,26.0588,27.796,26.4931,1.302900000000001,4.9179,262382.18,1067684.615
600295.SH,20210914,25.3906,27.7025,24.7224,26.4931,25.9051,0.5879999999999974,2.2698,319566.93,1265288.383
600295.SH,20210913,24.3883,26.6935,23.9006,25.9051,24.3883,1.5168,6.2194,341025.94,1289269.257
600295.SH,20210910,25.0298,26.2926,24.2614,24.3883,26.3461,-1.9577999999999989,-7.4311,329252.1,1229386.334
600295.SH,20210909,25.8583,27.1211,23.7268,26.3461,25.6044,0.7417000000000016,2.8968,431473.85,1620231.938
600295.SH,20210908,23.2792,25.6044,22.9117,25.6044,23.2792,2.325199999999999,9.9883,371410.19,1353133.746
600295.SH,20210907,22.5108,23.7803,21.8359,23.2792,22.2435,1.0356999999999985,4.6562,347307.53,1184182.287
600295.SH,20210906,22.8248,23.4796,21.749,22.2435,23.5665,-1.3230000000000004,-5.6139,357355.49,1198292.404
600295.SH,20210903,24.9362,24.9362,23.5665,23.5665,26.1857,-2.6191999999999993,-10.0024,276437.64,986224.475
600295.SH,20210902,26.0253,26.8606,25.0565,26.1857,25.8583,0.3274000000000008,1.2661,401429.18,1560887.497
600295.SH,20210901,25.4574,26.6735,23.513,25.8583,24.248,1.6102999999999987,6.641,515010.42,1974130.482
600295.SH,20210831,23.5397,24.248,22.2769,24.248,22.043,2.205000000000002,10.0032,484880.39,1714718.91
600295.SH,20210830,21.308,22.043,21.308,22.043,20.0385,2.0045,10.0032,88786.56,290042.16
600295.SH,20210827,18.8158,20.0719,18.4883,20.0385,18.769,1.2695000000000007,6.7638,406664.08,1174109.634
600295.SH,20210826,19.2567,19.377,18.2478,18.769,19.1098,-0.34080000000000155,-1.7834,340674.85,953096.514
600295.SH,20210825,18.1409,19.5775,18.1409,19.1098,17.9939,1.1159,6.2015,564082.83,1591463.483
600295.SH,20210824,16.7043,17.9939,16.5172,17.9939,16.3569,1.6370000000000005,10.008,461940.3,1227006.866
600295.SH,20210823,15.3546,16.3569,15.3479,16.3569,14.8669,1.4900000000000002,10.0223,298631.59,717673.296
600295.SH,20210820,14.5461,15.1542,14.2588,14.8669,14.653,0.21389999999999887,1.4598,107696.57,238002.61
600295.SH,20210819,14.8334,15.0072,14.1385,14.653,15.0873,-0.43430000000000035,-2.8786,134732.47,292689.401
600295.SH,20210818,14.7399,15.2878,14.7399,15.0873,14.8401,0.2472000000000012,1.6658,103987.85,234280.433
600295.SH,20210817,15.4482,15.6219,14.7399,14.8401,15.6486,-0.8085000000000004,-5.1666,154449.59,349855.191
600295.SH,20210816,15.7021,16.3702,15.6018,15.6486,15.5684,0.0801999999999996,0.5151,173703.75,413720.799
600295.SH,20210813,15.5684,16.103,15.2343,15.5684,15.5283,0.04010000000000069,0.2582,169982.51,399972.5
600295.SH,20210812,15.5016,15.6419,15.0473,15.5283,15.8958,-0.3674999999999997,-2.3119,195162.34,449422.591
600295.SH,20210811,17.5663,17.6398,15.368,15.8958,17.0184,-1.1226000000000003,-6.5964,433526.5,1040841.107
600295.SH,20210810,16.3636,17.8335,16.3034,17.0184,16.2099,0.8084999999999987,4.9877,452255.4,1174534.038
600295.SH,20210809,15.2343,16.4571,14.7934,16.2099,15.2945,0.9154000000000018,5.9852,256851.89,606197.6
600295.SH,20210806,15.2143,15.6152,14.8,15.2945,15.5551,-0.26060000000000016,-1.6753,206257.45,467287.13
600295.SH,20210805,15.7488,16.8246,15.388,15.5551,15.3546,0.2004999999999999,1.3058,270235.21,648920.345
600295.SH,20210804,15.0539,15.5885,15.0406,15.3546,15.1408,0.2137999999999991,1.4121,150473.95,345566.332
600295.SH,20210803,15.4348,16.1698,15.0606,15.1408,15.8357,-0.6948999999999987,-4.3882,154199.27,356164.348
600295.SH,20210802,15.5952,15.8357,15.1742,15.8357,15.7021,0.1335999999999995,0.8508,164398.53,380964.265
600295.SH,20210730,16.6108,16.6108,15.0873,15.7021,16.6108,-0.9087000000000014,-5.4705,319337.49,756197.702
600295.SH,20210729,16.1163,16.6175,15.4014,16.6108,15.8157,0.7951000000000015,5.0273,332277.26,798805.439
600295.SH,20210728,14.8468,16.1564,14.5662,15.8157,14.6864,1.1292999999999989,7.6894,388798.82,914234.883
600295.SH,20210727,16.1431,16.6509,14.6798,14.6864,16.2366,-1.5501999999999985,-9.5476,257119.16,603130.348
600295.SH,20210726,15.7355,16.5373,15.4482,16.2366,15.8758,0.36079999999999934,2.2726,209527.44,504231.283
600295.SH,20210723,15.535,16.6241,15.3747,15.8758,15.6553,0.22049999999999947,1.4085,236467.03,567588.393
600295.SH,20210722,15.4014,15.662,15.1675,15.6553,15.4682,0.18710000000000093,1.2096,174434.91,404052.015
600295.SH,20210721,15.5016,15.7288,15.074,15.4682,15.3479,0.1203000000000003,0.7838,210750.56,485246.287
600295.SH,20210720,15.1943,15.4615,14.5528,15.3479,15.956,-0.6081000000000003,-3.8111,214729.23,487365.87
600295.SH,20210719,16.1832,16.6709,15.7221,15.956,16.1832,-0.22719999999999985,-1.4039,293775.13,708509.199
600295.SH,20210716,15.7021,16.6308,15.3947,16.1832,15.1943,0.9888999999999992,6.5084,380161.45,905919.194
600295.SH,20210715,13.7376,15.1943,13.6909,15.1943,13.8111,1.3832000000000004,10.0151,310514.99,691472.157
600295.SH,20210714,13.5506,13.9648,13.3835,13.8111,13.6107,0.20040000000000013,1.4724,194211.46,399683.816
600295.SH,20210713,12.5015,13.8846,12.4748,13.6107,12.6752,0.9354999999999993,7.3806,250362.28,501018.136
600295.SH,20210712,12.8957,13.1563,12.6285,12.6752,12.7755,-0.10029999999999895,-0.7851,151675.86,291535.851
600295.SH,20210709,12.1942,12.8222,12.0672,12.7755,12.2409,0.5345999999999993,4.3673,145385.75,274262.978
600295.SH,20210708,12.7822,12.8557,12.2276,12.2409,12.6552,-0.4143000000000008,-3.2738,123407.07,230396.16
600295.SH,20210707,12.1207,12.869,12.1006,12.6552,12.2944,0.3608000000000011,2.9347,125152.02,233980.869
600295.SH,20210706,12.0338,12.4614,11.9536,12.2944,12.0338,0.26060000000000016,2.1656,100662.8,183812.709
600295.SH,20210705,11.8534,12.2342,11.7264,12.0338,11.84,0.19379999999999953,1.6368,84664.14,151997.887
600295.SH,20210702,11.3589,11.9937,11.3589,11.84,11.4258,0.41419999999999924,3.6251,107875.63,189987.591
600295.SH,20210701,11.8868,11.9202,11.3723,11.4258,11.9536,-0.5277999999999992,-4.4154,117790.85,205116.642
600295.SH,20210630,12.261,12.4948,11.8801,11.9536,12.2342,-0.28059999999999974,-2.2936,111190.0,201362.801
600295.SH,20210629,12.3879,12.6485,12.2276,12.2342,12.4882,-0.25400000000000134,-2.0339,82215.39,152724.622
600295.SH,20210628,12.6819,12.7354,12.4347,12.4882,12.849,-0.36079999999999934,-2.808,101025.2,189607.957
600295.SH,20210625,12.5683,12.9492,12.428,12.849,12.5617,0.2873000000000001,2.2871,132076.96,251390.175
600295.SH,20210624,12.8289,12.9492,12.4681,12.5617,12.6619,-0.10019999999999918,-0.7914,125008.98,237842.023
600295.SH,20210623,12.3612,12.6953,12.2342,12.6619,12.3812,0.2806999999999995,2.2671,114689.16,215018.597
600295.SH,20210622,12.4748,12.6485,12.1608,12.3812,12.5082,-0.12700000000000067,-1.0153,101231.34,187552.852
600295.SH,20210621,12.4013,12.722,12.1674,12.5082,12.3812,0.12700000000000067,1.0257,117096.7,217838.182
600295.SH,20210618,12.3211,12.5282,12.0271,12.3812,12.6619,-0.2806999999999995,-2.2169,145695.83,267751.208
600295.SH,20210617,12.7621,13.1296,12.5683,12.6619,13.0294,-0.3675000000000015,-2.8205,133404.42,255736.202
600295.SH,20210616,13.4971,13.5038,13.0026,13.0294,13.6174,-0.5879999999999992,-4.318,138850.57,275301.101
600295.SH,20210615,14.0584,14.2855,13.0294,13.6174,14.1051,-0.48770000000000024,-3.4576,235241.7,474448.587
600295.SH,20210611,13.6708,14.4927,13.4637,14.1051,13.6842,0.4208999999999996,3.0758,240861.87,505624.584
600295.SH,20210610,13.3635,13.731,13.0695,13.6842,13.5238,0.160400000000001,1.1861,168716.91,337137.922
600295.SH,20210609,13.1296,13.6708,13.0294,13.5238,13.0962,0.4276,3.2651,148765.14,297775.756
600295.SH,20210608,13.1897,13.4436,12.6285,13.0962,13.457,-0.3608000000000011,-2.6811,220219.47,427893.394
600295.SH,20210607,14.0717,14.1252,13.3434,13.457,13.9247,-0.4676999999999989,-3.3588,191587.22,393705.809
600295.SH,20210604,13.7172,14.1354,13.595,13.9231,14.0389,-0.11580000000000013,-0.8249,201084.81,432786.272
600295.SH,20210603,13.3826,14.4636,13.2282,14.0389,13.1639,0.875,6.647,336938.62,730356.03
600295.SH,20210602,12.9194,13.3376,12.9194,13.1639,13.1189,0.04499999999999993,0.343,156969.14,320187.415
600295.SH,20210601,13.061,13.299,12.5527,13.1189,12.958,0.16089999999999982,1.2417,204787.0,411606.853
600295.SH,20210531,12.6106,12.9837,12.3854,12.958,12.4369,0.5211000000000006,4.19,178494.02,352042.98
600295.SH,20210528,12.3468,12.662,12.3403,12.4369,12.1473,0.2896000000000001,2.3841,180719.09,351212.162
600295.SH,20210527,12.1087,12.3082,12.0379,12.1473,12.2374,-0.09009999999999962,-0.7363,106177.66,200464.681
600295.SH,20210526,12.128,12.3789,11.9028,12.2374,12.231,0.006399999999999295,0.0523,145688.28,275614.001
600295.SH,20210525,12.2567,12.4819,11.8256,12.231,12.3854,-0.15440000000000076,-1.2466,168642.31,318372.191
600295.SH,20210524,12.3532,12.617,12.2245,12.3854,12.6878,-0.30239999999999867,-2.3834,150306.79,288986.063
600295.SH,20210521,12.128,13.0996,12.128,12.6878,12.1924,0.49540000000000006,4.0632,218310.04,430048.928
600295.SH,20210520,12.4819,12.4819,12.0894,12.1924,13.1832,-0.9908000000000001,-7.5156,245839.65,468960.597
600295.SH,20210519,13.447,13.5049,12.8744,13.1832,13.6078,-0.42459999999999987,-3.1203,236125.34,482508.919
600295.SH,20210518,13.3183,13.833,13.254,13.6078,13.2089,0.39889999999999937,3.0199,227139.77,478002.57
600295.SH,20210517,12.8358,13.5628,12.7779,13.2089,13.0738,0.13509999999999955,1.0334,228104.24,467689.264
600295.SH,20210514,13.2089,13.4856,12.5848,13.0738,13.1446,-0.0708000000000002,-0.5386,326160.87,660882.753
600295.SH,20210513,14.129,14.4571,12.9773,13.1446,14.129,-0.984399999999999,-6.9672,398627.27,849881.958
600295.SH,20210512,12.6878,14.129,12.617,14.129,12.8422,1.2867999999999995,10.0201,300498.53,625295.781
600295.SH,20210511,13.1896,13.1961,12.5012,12.8422,13.5821,-0.7399000000000004,-5.4476,265565.05,530881.389
600295.SH,20210510,13.2668,13.7558,12.8744,13.5821,12.8229,0.7591999999999999,5.9207,349050.3,722070.601
600295.SH,20210507,12.6427,13.5757,12.5462,12.8229,12.5269,0.29600000000000115,2.3629,406959.45,823423.289
600295.SH,20210506,12.0766,12.6492,12.0379,12.5269,12.083,0.4438999999999993,3.6738,247852.06,480265.799
600295.SH,20210430,11.9865,12.1988,11.6969,12.083,12.1473,-0.06429999999999936,-0.5293,260429.75,484419.0
600295.SH,20210429,11.7549,12.1538,11.4589,12.1473,11.7098,0.4375,3.7362,233530.43,429652.29
600295.SH,20210428,11.9414,11.9543,11.446,11.7098,11.8514,-0.1416000000000004,-1.1948,223375.18,406909.627
600295.SH,20210427,12.3789,12.4304,11.4525,11.8514,12.4819,-0.6304999999999996,-5.0513,313219.55,583932.517
600295.SH,20210426,11.9607,12.72,11.7806,12.4819,12.0251,0.45679999999999943,3.7987,418214.24,799619.441
600295.SH,20210423,11.5297,12.1602,11.2337,12.0251,11.4782,0.5469000000000008,4.7647,367953.32,671429.747
600295.SH,20210422,11.6905,12.083,11.401,11.4782,11.5683,-0.0901000000000014,-0.7789,341509.69,622737.413
600295.SH,20210421,11.3302,11.6905,11.1115,11.5683,11.5168,0.05150000000000077,0.4472,246464.74,437631.512
600295.SH,20210420,11.3881,11.8192,11.3881,11.5168,11.5811,-0.06429999999999936,-0.5552,313245.86,564451.279
600295.SH,20210419,11.3238,11.6648,11.0729,11.5811,11.5618,0.01929999999999943,0.1669,347311.9,616131.212
600295.SH,20210416,11.6648,11.935,11.3817,11.5618,11.2337,0.32809999999999917,2.9207,552223.6,999609.8
600295.SH,20210415,10.2622,11.2337,10.1657,11.2337,10.2107,1.0230000000000015,10.0189,475044.93,799325.795
600295.SH,20210414,9.844,10.2622,9.844,10.2107,9.8118,0.39889999999999937,4.0655,201331.82,315948.107
600295.SH,20210413,9.9726,10.037,9.7539,9.8118,9.9726,-0.16080000000000005,-1.6124,173737.94,266809.3
600295.SH,20210412,10.571,10.719,9.9662,9.9726,10.6804,-0.7078000000000007,-6.6271,304844.53,483698.599
600295.SH,20210409,10.6675,10.9892,10.5774,10.6804,10.7126,-0.03219999999999956,-0.3006,228064.45,381239.853
600295.SH,20210408,10.7769,11.0407,10.4102,10.7126,11.0021,-0.2895000000000003,-2.6313,389713.02,648241.991
600295.SH,20210407,10.23,11.2787,10.1657,11.0021,10.3523,0.6498000000000008,6.2769,471020.86,787764.503
600295.SH,20210406,10.4616,10.7061,10.275,10.3523,10.4552,-0.10289999999999999,-0.9842,262528.82,427015.209
600295.SH,20210402,10.571,10.616,10.3008,10.4552,10.7447,-0.2895000000000003,-2.6944,288558.7,468862.026
600295.SH,20210401,10.2815,10.9377,10.2364,10.7447,10.2493,0.49540000000000006,4.8335,467451.6,767818.373
600295.SH,20210331,10.3651,10.4616,10.1464,10.2493,10.5517,-0.30240000000000045,-2.8659,256049.6,408276.704
600295.SH,20210330,10.3008,10.6482,9.8761,10.5517,10.4681,0.08360000000000056,0.7986,469309.94,750349.811
600295.SH,20210329,10.3587,10.7705,10.1271,10.4681,10.3587,0.10939999999999905,1.0561,417016.68,676013.485
600295.SH,20210326,10.1013,10.4552,10.037,10.3587,10.1592,0.19950000000000045,1.9637,314142.22,502268.697
600295.SH,20210325,10.1721,10.4681,10.0692,10.1592,10.1721,-0.012900000000000134,-0.1268,324165.47,517014.613
600295.SH,20210324,10.4874,10.6225,10.0113,10.1721,10.6096,-0.4375,-4.1236,376791.82,600669.107
600295.SH,20210323,11.4911,11.5554,10.4874,10.6096,11.4975,-0.8879000000000001,-7.7225,478031.79,805282.389
600295.SH,20210322,11.3881,11.7098,10.9956,11.4975,11.5425,-0.04499999999999993,-0.3899,510270.31,903743.558
600295.SH,20210319,11.9028,12.0186,11.5039,11.5425,12.3403,-0.7977999999999987,-6.465,482223.57,877192.438
600295.SH,20210318,11.8256,12.5977,11.6069,12.3403,11.9028,0.4375,3.6756,595796.57,1116417.129
600295.SH,20210317,11.7098,12.1409,11.594,11.9028,12.2052,-0.30240000000000045,-2.4776,513024.89,940757.064
600295.SH,20210316,13.3183,13.3183,12.2052,12.2052,13.5628,-1.3575999999999997,-10.0097,600445.03,1181700.699
600295.SH,20210315,15.0297,15.0683,13.5628,13.5628,15.0683,-1.5055000000000014,-9.9912,511187.01,1102399.495
600295.SH,20210312,14.8046,15.6538,13.936,15.0683,14.367,0.7012999999999998,4.8813,722461.51,1664144.683
600295.SH,20210311,13.1832,14.367,13.1832,14.367,13.061,1.306000000000001,9.9992,337256.28,733101.88
600295.SH,20210310,12.9966,13.833,12.2052,13.061,13.1832,-0.12219999999999942,-0.9269,452336.23,923451.284
600295.SH,20210309,13.3247,14.1547,13.1832,13.1832,14.6501,-1.4669000000000008,-10.0129,514990.46,1072201.801
600295.SH,20210308,14.7981,15.8855,14.4056,14.6501,15.0555,-0.4054000000000002,-2.6927,620704.87,1462390.081
600295.SH,20210305,14.1097,15.879,13.4277,15.0555,14.9204,0.13509999999999955,0.9055,808141.54,1767038.752
600295.SH,20210304,16.7283,16.9535,14.1612,14.9204,15.731,-0.8105999999999991,-5.1529,850923.1,2068092.474
600295.SH,20210303,13.9038,15.731,13.8845,15.731,14.3027,1.4283000000000001,9.9862,289837.44,684002.322
600295.SH,20210302,14.7338,14.7402,13.4148,14.3027,13.402,0.9007000000000005,6.7206,737918.62,1640756.343
600295.SH,20210301,12.8036,13.402,12.5591,13.402,12.1859,1.216099999999999,9.9796,202065.83,411130.121
600295.SH,20210226,11.1436,13.1189,11.0857,12.1859,11.9286,0.25730000000000075,2.157,556279.98,1066364.239
600295.SH,20210225,12.1602,12.4047,11.1308,11.9286,11.7613,0.16729999999999912,1.4225,626145.68,1158189.136
600295.SH,20210224,11.6133,12.5462,10.9892,11.7613,11.5297,0.23160000000000025,2.0087,849643.6,1563599.992
600295.SH,20210223,11.5297,11.5297,11.5297,11.5297,10.4809,1.0488,10.0068,35982.17,64480.049
600295.SH,20210222,10.2943,10.4809,10.1013,10.4809,9.5287,0.9521999999999995,9.993,112684.38,181777.083
600295.SH,20210219,8.6215,9.5287,8.4928,9.5287,8.6601,0.8686000000000007,10.0299,376075.92,535846.947
600295.SH,20210218,8.6859,8.8017,8.2934,8.6601,8.2097,0.45040000000000013,5.4862,322783.86,428209.429
600295.SH,20210210,8.1904,8.3191,8.0232,8.2097,8.1969,0.012800000000000367,0.1562,249373.51,317142.934
600295.SH,20210209,7.9652,8.3513,7.8816,8.1969,7.9717,0.22519999999999918,2.825,273069.37,345259.294
600295.SH,20210208,7.2575,8.0746,7.116,7.9717,7.3412,0.6305000000000005,8.5885,370097.17,447353.292
600295.SH,20210205,7.6371,8.0939,7.3412,7.3412,7.7722,-0.43100000000000005,-5.5454,306157.78,369926.621
600295.SH,20210204,7.4505,7.7915,7.0259,7.7722,7.5599,0.21229999999999993,2.8082,285028.12,330871.949
600295.SH,20210203,7.1932,7.695,7.0902,7.5599,7.3154,0.2444999999999995,3.3423,234661.07,270364.73
600295.SH,20210202,7.2768,7.3669,7.0452,7.3154,7.2318,0.08360000000000056,1.156,181543.76,203995.306
600295.SH,20210201,7.1481,7.3026,6.9551,7.2318,7.1674,0.06440000000000001,0.8985,213264.48,236156.86
600295.SH,20210129,7.6564,7.7465,7.013,7.1674,7.7915,-0.6241000000000003,-8.01,361198.05,409676.98
600295.SH,20210128,8.332,8.332,7.7915,7.7915,8.6537,-0.8622000000000005,-9.9634,348036.61,433180.429
600295.SH,20210127,8.3642,8.6859,8.0425,8.6537,8.525,0.12870000000000026,1.5097,455977.86,590803.673
600295.SH,20210126,7.9202,8.8531,7.9202,8.525,8.0489,0.47610000000000063,5.9151,621566.21,833811.35
600295.SH,20210125,8.3642,8.525,7.8366,8.0489,8.1068,-0.05790000000000006,-0.7142,466103.94,596750.055
600295.SH,20210122,8.1068,8.4928,7.7529,8.1068,7.8366,0.2702,3.4479,581777.05,735826.727
600295.SH,20210121,7.0002,7.8366,6.9229,7.8366,7.1224,0.7142,10.0275,302529.54,360448.891
600295.SH,20210120,6.9744,7.1546,6.8393,7.1224,7.0452,0.07719999999999949,1.0958,178869.97,193986.694
600295.SH,20210119,7.161,7.4441,7.0195,7.0452,7.2446,-0.1993999999999998,-2.7524,213399.88,239258.502
600295.SH,20210118,7.1095,7.2446,6.8908,7.2446,7.1481,0.09649999999999981,1.35,228655.19,251804.72
600295.SH,20210115,7.5535,7.6886,7.1095,7.1481,7.6886,-0.5404999999999998,-7.0299,295734.69,337256.685
600295.SH,20210114,7.7401,8.1647,7.5856,7.6886,7.7851,-0.09649999999999981,-1.2395,339251.56,413189.226
600295.SH,20210113,7.3347,8.036,7.2511,7.7851,7.3669,0.4181999999999997,5.6767,357224.04,430354.688
600295.SH,20210112,7.1932,7.4119,7.0902,7.3669,7.4827,-0.11580000000000013,-1.5476,305377.71,344914.519
600295.SH,20210111,7.1288,7.7208,6.7943,7.4827,7.2382,0.24450000000000038,3.3779,457794.38,513040.931
600295.SH,20210108,7.0323,7.5213,6.8908,7.2382,6.8522,0.3860000000000001,5.6332,464730.88,519193.651
600295.SH,20210107,6.8586,6.9937,6.6592,6.8522,7.013,-0.16080000000000005,-2.2929,255309.24,271259.277
600295.SH,20210106,6.9487,7.0902,6.6334,7.013,6.8779,0.13509999999999955,1.9643,209256.33,221783.948
600295.SH,20210105,7.0774,7.0774,6.7171,6.8779,7.1546,-0.27669999999999995,-3.8674,205172.52,218050.414
600295.SH,20210104,6.6592,7.1867,6.6206,7.1546,6.7042,0.45040000000000013,6.7182,229506.84,249753.299
600295.SH,20201231,6.9036,6.9744,6.672,6.7042,6.8586,-0.15439999999999987,-2.2512,169166.51,178710.887
600295.SH,20201230,6.8522,7.0452,6.7557,6.8586,6.8457,0.012900000000000134,0.1884,151694.05,163256.408
600295.SH,20201229,7.0902,7.1224,6.7299,6.8457,7.2446,-0.39890000000000025,-5.5062,213135.85,228900.666
600295.SH,20201228,7.4312,7.502,7.116,7.2446,7.3283,-0.08369999999999944,-1.1421,233726.56,263598.898
600295.SH,20201225,6.9937,7.3605,6.9036,7.3283,6.9937,0.3346,4.7843,241906.96,269113.812
600295.SH,20201224,7.0195,7.1996,6.8972,6.9937,6.9165,0.07719999999999949,1.1162,209876.47,229653.869
600295.SH,20201223,6.6206,7.0452,6.6206,6.9165,6.775,0.14149999999999974,2.0886,220139.61,235444.427
600295.SH,20201222,6.8522,7.0388,6.6785,6.775,6.9422,-0.16719999999999935,-2.4085,240992.87,256524.62
600295.SH,20201221,6.7042,6.9551,6.6077,6.9422,6.6012,0.3409999999999993,5.1657,249593.75,264300.46
600295.SH,20201218,6.3696,6.6463,6.331,6.6012,6.3696,0.23160000000000025,3.636,193102.27,195809.0
600295.SH,20201217,6.138,6.3889,6.1058,6.3696,6.1058,0.2637999999999998,4.3205,167134.28,162855.973
600295.SH,20201216,6.3182,6.3568,6.0994,6.1058,6.3246,-0.21879999999999988,-3.4595,136930.44,132441.318
600295.SH,20201215,6.2409,6.3954,6.2023,6.3246,6.2474,0.07720000000000038,1.2357,134162.21,131521.563
600295.SH,20201214,6.3503,6.3825,6.138,6.2474,6.4275,-0.18010000000000037,-2.802,193060.52,187445.806
600295.SH,20201211,6.9744,7.116,6.2538,6.4275,6.865,-0.4375,-6.3729,322178.34,330765.858
600295.SH,20201210,6.775,7.0388,6.7106,6.865,6.7235,0.14150000000000063,2.1046,259517.81,277502.638
600295.SH,20201209,6.9487,7.0388,6.7235,6.7235,6.9873,-0.2638000000000007,-3.7754,268871.57,285978.542
600295.SH,20201208,7.3991,7.4698,6.9873,6.9873,7.7658,-0.7784999999999993,-10.0247,439400.51,493632.669
600295.SH,20201207,7.2897,7.7658,7.2897,7.7658,7.0581,0.7077,10.0268,504508.23,602873.605
600295.SH,20201204,6.6141,7.2575,6.4983,7.0581,6.5948,0.4632999999999994,7.0252,272185.13,292062.204
600295.SH,20201203,6.6656,6.7364,6.4983,6.5948,6.7428,-0.1479999999999997,-2.1949,106299.62,109009.659
600295.SH,20201202,6.6334,6.8457,6.5819,6.7428,6.6012,0.1415999999999995,2.1451,166623.44,174771.139
600295.SH,20201201,6.5433,6.6399,6.3954,6.6012,6.524,0.07720000000000038,1.1833,121216.53,122968.995
600295.SH,20201130,6.6334,6.8457,6.5112,6.524,6.6399,-0.11589999999999989,-1.7455,190236.21,197695.406
600295.SH,20201127,6.5884,6.7428,6.4983,6.6399,6.4983,0.1415999999999995,2.179,145319.9,149511.341
600295.SH,20201126,6.5691,6.6463,6.4404,6.4983,6.5691,-0.07079999999999931,-1.0778,120908.53,122489.704
600295.SH,20201125,6.9873,7.0516,6.5626,6.5691,6.9937,-0.42459999999999987,-6.0712,224357.35,234745.553
600295.SH,20201124,6.8843,7.0323,6.7878,6.9937,7.1031,-0.10940000000000083,-1.5402,237454.04,254896.673
600295.SH,20201123,6.8457,7.2639,6.7171,7.1031,6.8522,0.25090000000000057,3.6616,348247.16,380406.029
600295.SH,20201120,6.4533,6.8522,6.4275,6.8522,6.4082,0.44399999999999995,6.9286,276826.88,286524.457
600295.SH,20201119,6.479,6.7364,6.3503,6.4082,6.5369,-0.12870000000000026,-1.9688,188108.11,189706.996
600295.SH,20201118,6.3246,6.6141,6.2731,6.5369,6.3632,0.1737000000000002,2.7298,205544.22,206774.7
600295.SH,20201117,6.3053,6.4854,6.2088,6.3632,6.3632,0.0,0.0,150855.98,148447.434
600295.SH,20201116,6.1123,6.4468,6.0994,6.3632,6.0608,0.30239999999999956,4.9894,232337.24,227780.96
600295.SH,20201113,6.0029,6.1444,5.9064,6.0608,6.0351,0.0257000000000005,0.4258,104001.11,97940.077
600295.SH,20201112,6.0672,6.0737,5.9386,6.0351,6.1058,-0.07070000000000043,-1.1579,94554.62,88054.784
600295.SH,20201111,5.9386,6.1509,5.9321,6.1058,5.9643,0.14150000000000063,2.3724,160831.92,151964.049
600295.SH,20201110,6.0415,6.0994,5.9192,5.9643,6.0479,-0.08360000000000056,-1.3823,94518.4,87835.733
600295.SH,20201109,5.8871,6.0737,5.8613,6.0479,5.8292,0.21870000000000012,3.7518,113554.54,105448.899
600295.SH,20201106,5.8163,5.8806,5.7391,5.8292,5.8099,0.019300000000000317,0.3322,69384.95,62699.05
600295.SH,20201105,5.7777,5.8227,5.7262,5.8099,5.7455,0.06440000000000001,1.1209,72342.84,64932.957
600295.SH,20201104,5.7455,5.842,5.7262,5.7455,5.7327,0.012799999999999478,0.2233,71626.1,64374.138
600295.SH,20201103,5.5911,5.7648,5.5268,5.7327,5.5782,0.15450000000000053,2.7697,89594.46,79357.811
600295.SH,20201102,5.4753,5.6297,5.4045,5.5782,5.4817,0.09649999999999981,1.7604,71576.0,61969.765
600295.SH,20201030,5.6555,5.7713,5.4753,5.4817,5.5847,-0.10299999999999976,-1.8443,109727.4,95834.824
600295.SH,20201029,5.5461,5.6104,5.4753,5.5847,5.6619,-0.07720000000000038,-1.3635,70482.84,60771.744
600295.SH,20201028,5.5911,5.6941,5.5396,5.6619,5.649,0.012900000000000134,0.2284,53095.96,46306.576
600295.SH,20201027,5.6104,5.7327,5.5976,5.649,5.6362,0.012800000000000367,0.2271,55054.13,48374.333
600295.SH,20201026,5.7262,5.7648,5.5976,5.6362,5.7584,-0.12220000000000031,-2.1221,66791.77,58843.656
600295.SH,20201023,5.9192,5.9707,5.752,5.7584,5.9257,-0.1673,-2.8233,67617.94,61405.248
600295.SH,20201022,5.9257,5.99,5.8871,5.9257,5.945,-0.019300000000000317,-0.3246,54048.1,49914.187
600295.SH,20201021,6.1251,6.1251,5.8871,5.945,6.0737,-0.12869999999999937,-2.119,66058.03,61320.537
600295.SH,20201020,6.1058,6.1058,5.9707,6.0737,6.093,-0.019300000000000317,-0.3168,70557.55,66125.319
600295.SH,20201019,6.331,6.3568,6.0544,6.093,6.2474,-0.15439999999999987,-2.4714,133736.76,128850.194
600295.SH,20201016,6.0479,6.3696,6.0351,6.2474,6.0544,0.19299999999999962,3.1878,151793.68,146661.826
600295.SH,20201015,6.1509,6.1702,6.0093,6.0544,6.0801,-0.025699999999999612,-0.4227,105510.98,99755.489
600295.SH,20201014,6.1509,6.3954,6.0351,6.0801,6.1637,-0.08360000000000056,-1.3563,207866.76,200910.589
600295.SH,20201013,6.1251,6.2023,6.0479,6.1637,6.093,0.07070000000000043,1.1603,114765.75,109263.824
600295.SH,20201012,6.2152,6.2281,6.0351,6.093,6.0286,0.06440000000000001,1.0682,202832.16,192631.04
600295.SH,20201009,5.7906,6.0286,5.6362,6.0286,5.4817,0.5468999999999999,9.9768,182063.96,166835.457
600295.SH,20200930,5.4882,5.5911,5.4817,5.4817,5.4817,0.0,0.0,44965.64,38599.196
600295.SH,20200929,5.6104,5.6297,5.4496,5.4817,5.5461,-0.06440000000000001,-1.1612,69041.17,59234.368
600295.SH,20200928,5.6941,5.8227,5.5332,5.5461,5.6941,-0.1479999999999997,-2.5992,74308.44,65584.61
600295.SH,20200925,5.797,5.9064,5.6619,5.6941,5.752,-0.05790000000000006,-1.0066,66623.95,59548.712
600295.SH,20200924,5.8935,5.9514,5.7134,5.752,5.9836,-0.23160000000000025,-3.8706,135555.55,122339.111
600295.SH,20200923,5.6297,6.0994,5.6297,5.9836,5.6233,0.3602999999999996,6.4073,228698.74,211439.521
600295.SH,20200922,5.8356,5.8356,5.5976,5.6233,5.8163,-0.19299999999999962,-3.3183,75014.76,66350.149
600295.SH,20200921,5.752,5.8485,5.6941,5.8163,5.7327,0.08359999999999967,1.4583,72245.0,64849.852
600295.SH,20200918,5.6233,5.7455,5.5911,5.7327,5.6426,0.09010000000000051,1.5968,67278.6,59478.472
600295.SH,20200917,5.5911,5.6555,5.5654,5.6426,5.6233,0.01929999999999943,0.3432,41929.0,36634.102
600295.SH,20200916,5.5654,5.6941,5.5332,5.6233,5.5847,0.038600000000000634,0.6912,55471.39,48485.374
600295.SH,20200915,5.649,5.649,5.5203,5.5847,5.649,-0.06430000000000025,-1.1383,49796.97,43157.331
600295.SH,20200914,5.5847,5.6941,5.5718,5.649,5.5911,0.05790000000000006,1.0356,65843.59,57639.009
600295.SH,20200911,5.4431,5.6555,5.3852,5.5911,5.4689,0.12220000000000031,2.2345,91210.67,78131.442
600295.SH,20200910,5.649,5.6941,5.411,5.4689,5.5976,-0.12870000000000026,-2.2992,91152.26,78461.27
600295.SH,20200909,5.6619,5.752,5.5976,5.5976,5.7327,-0.13510000000000044,-2.3567,80926.04,71318.117
600295.SH,20200908,5.7069,5.7648,5.604,5.7327,5.6941,0.038600000000000634,0.6779,82625.63,72988.405
600295.SH,20200907,5.7069,5.8163,5.6683,5.6941,5.7134,-0.019300000000000317,-0.3378,87122.56,77706.251
600295.SH,20200904,5.6169,5.7455,5.5718,5.7134,5.7198,-0.006400000000000183,-0.1119,71999.38,63350.886
600295.SH,20200903,5.8485,5.8678,5.7005,5.7198,5.8356,-0.11580000000000013,-1.9844,89967.47,80738.22
600295.SH,20200902,5.9707,5.9707,5.797,5.8356,5.9643,-0.12869999999999937,-2.1578,101298.85,92062.954
600295.SH,20200901,5.8613,6.0029,5.8227,5.9643,5.8935,0.07079999999999931,1.2013,96824.23,89367.839
600295.SH,20200831,5.9257,6.0158,5.8871,5.8935,5.9257,-0.03219999999999956,-0.5434,91833.27,84808.719
600295.SH,20200828,5.9707,5.9707,5.8163,5.9257,5.9192,0.00649999999999995,0.1098,90942.15,83103.801
600295.SH,20200827,5.7262,5.9321,5.6748,5.9192,5.7455,0.1737000000000002,3.0232,119712.33,108262.817
600295.SH,20200826,5.9579,6.0479,5.7134,5.7455,5.9643,-0.21879999999999988,-3.6685,159526.71,145553.357
600295.SH,20200825,6.0737,6.1702,5.9579,5.9643,6.0994,-0.13510000000000044,-2.215,144472.98,135351.39
600295.SH,20200824,6.2088,6.2281,5.9321,6.0994,6.2281,-0.12870000000000026,-2.0664,166013.48,156619.944
600295.SH,20200821,6.3696,6.627,6.1766,6.2281,6.5305,-0.30239999999999956,-4.6306,312429.18,307586.938
600295.SH,20200820,7.0066,7.2639,6.5047,6.5305,6.9036,-0.3731,-5.4044,523602.73,561597.063
600295.SH,20200819,6.6656,6.9036,6.6592,6.9036,6.2731,0.6304999999999996,10.0509,131374.64,139623.387
600295.SH,20200818,6.2345,6.3632,6.1766,6.2731,6.2409,0.03220000000000045,0.516,182577.21,177895.035
600295.SH,20200817,6.2023,6.3439,6.1058,6.2409,6.1444,0.09649999999999981,1.5705,152518.59,147207.566
600295.SH,20200814,6.093,6.1702,5.99,6.1444,6.1444,0.0,0.0,123836.57,117108.144
600295.SH,20200813,6.3439,6.3696,6.1058,6.1444,6.2731,-0.12870000000000026,-2.0516,147362.61,141742.011
600295.SH,20200812,6.1766,6.3053,6.0351,6.2731,6.2088,0.06430000000000025,1.0356,178229.95,170964.99
600295.SH,20200811,6.6463,6.7299,6.1895,6.2088,6.6913,-0.48249999999999993,-7.2109,339306.91,337850.667
600295.SH,20200810,6.4533,6.7878,6.3889,6.6913,6.6463,0.04499999999999993,0.6771,284812.6,291378.165
600295.SH,20200807,6.4404,6.8522,6.434,6.6463,6.5755,0.0708000000000002,1.0767,375745.45,391219.235
600295.SH,20200806,6.8843,6.9616,6.5176,6.5755,7.0195,-0.44399999999999995,-6.3252,419398.86,436042.381
600295.SH,20200805,7.013,7.2446,6.6012,7.0195,7.3347,-0.3151999999999999,-4.2974,554893.3,592510.881
600295.SH,20200804,7.4184,7.6693,6.9744,7.3347,6.9744,0.3602999999999996,5.166,762560.59,882696.764
600295.SH,20200803,6.3889,6.9744,6.3889,6.9744,6.3375,0.6368999999999998,10.0497,403007.91,423788.328
600295.SH,20200731,6.2409,6.3375,5.9128,6.3375,5.7584,0.5791000000000004,10.0566,563601.14,541802.779
600295.SH,20200730,5.3788,5.7584,5.3788,5.7584,5.2372,0.5212000000000003,9.9519,166530.3,146162.107
600295.SH,20200729,5.1986,5.2437,5.115,5.2372,5.2372,0.0,0.0,80142.32,64598.005
600295.SH,20200728,5.115,5.3273,5.115,5.2372,5.0828,0.15439999999999987,3.0377,115482.42,94138.844
600295.SH,20200727,5.0507,5.1279,4.9542,5.0828,5.0635,0.01929999999999943,0.3812,54506.36,42803.979
600295.SH,20200724,5.1472,5.2308,4.9863,5.0635,5.1343,-0.07079999999999931,-1.379,97627.03,77713.563
600295.SH,20200723,5.2372,5.2372,5.0185,5.1343,5.2115,-0.07720000000000038,-1.4813,84288.75,67102.863
600295.SH,20200722,5.2952,5.4045,5.1729,5.2115,5.2372,-0.025699999999999612,-0.4907,100249.58,81903.869
600295.SH,20200721,5.1279,5.3659,5.1021,5.2372,5.1793,0.05790000000000006,1.1179,120794.95,98492.152
600295.SH,20200720,4.9349,5.1858,4.9027,5.1793,4.8705,0.30879999999999974,6.3402,118948.58,94406.268
600295.SH,20200717,4.9284,4.9799,4.8255,4.8705,4.9027,-0.03220000000000045,-0.6568,49598.8,37708.111
600295.SH,20200716,5.0507,5.1536,4.8641,4.9027,5.0507,-0.1479999999999997,-2.9303,78874.37,61787.664
600295.SH,20200715,5.2179,5.2372,5.0056,5.0507,5.2308,-0.18010000000000037,-3.4431,100937.25,80074.869
600295.SH,20200714,5.1086,5.2887,5.0442,5.2308,5.0893,0.14150000000000063,2.7803,135247.1,108881.553
600295.SH,20200713,4.922,5.1214,4.922,5.0893,4.9606,0.12869999999999937,2.5944,88170.96,69227.106
600295.SH,20200710,5.0635,5.07,4.9349,4.9606,5.1086,-0.1479999999999997,-2.8971,81786.03,63715.668
600295.SH,20200709,4.9863,5.1279,4.9542,5.1086,5.0185,0.09009999999999962,1.7954,125332.36,98179.92
600295.SH,20200708,4.9091,5.0314,4.8834,5.0185,4.9284,0.09010000000000051,1.8282,105921.73,81872.222
600295.SH,20200707,5.07,5.1214,4.9091,4.9284,5.0121,-0.08370000000000033,-1.67,120157.12,93055.796
600295.SH,20200706,4.8319,5.0121,4.7997,5.0121,4.7611,0.25100000000000033,5.2719,123474.73,94237.117
600295.SH,20200703,4.6646,4.7933,4.6453,4.7611,4.6582,0.10289999999999999,2.209,94890.06,69760.476
600295.SH,20200702,4.5874,4.6711,4.5617,4.6582,4.5874,0.0708000000000002,1.5434,68239.54,49114.115
600295.SH,20200701,4.5424,4.6196,4.5231,4.5874,4.5359,0.05149999999999988,1.1354,38201.48,27131.039
600295.SH,20200630,4.5166,4.5488,4.5166,4.5359,4.5166,0.01929999999999943,0.4273,18817.73,13255.798
600295.SH,20200629,4.5681,4.5681,4.5102,4.5166,4.5681,-0.05149999999999988,-1.1274,20939.11,14755.418
600295.SH,20200624,4.5681,4.581,4.5295,4.5681,4.581,-0.012900000000000134,-0.2816,22792.5,16126.711
600295.SH,20200623,4.5874,4.5939,4.5424,4.581,4.5745,0.0065000000000008384,0.1421,25411.17,18051.966
600295.SH,20200622,4.6067,4.6196,4.5617,4.5745,4.6003,-0.025800000000000267,-0.5608,29667.51,21140.319
600295.SH,20200619,4.6132,4.6325,4.5681,4.6003,4.626,-0.0257000000000005,-0.5556,43855.01,31301.311
600295.SH,20200618,4.5617,4.6904,4.5359,4.626,4.5617,0.06430000000000025,1.4096,85701.88,61771.268
600295.SH,20200617,4.5359,4.5939,4.5295,4.5617,4.5488,0.012900000000000134,0.2836,34355.15,24377.684
600295.SH,20200616,4.4909,4.5488,4.478,4.5488,4.478,0.0708000000000002,1.5811,27481.48,19294.858
600295.SH,20200615,4.4973,4.5359,4.478,4.478,4.5102,-0.03220000000000045,-0.7139,17961.31,12561.711
600295.SH,20200612,4.433,4.5166,4.4201,4.5102,4.5038,0.006400000000000183,0.1421,19098.66,13288.407
600295.SH,20200611,4.5359,4.5552,4.4909,4.5038,4.5359,-0.032099999999999795,-0.7077,25256.42,17770.417
600295.SH,20200610,4.5681,4.5874,4.5231,4.5359,4.5681,-0.03220000000000045,-0.7049,21391.3,15094.888
600295.SH,20200609,4.6003,4.6196,4.5488,4.5681,4.5939,-0.02579999999999938,-0.5616,28295.31,20101.036
600295.SH,20200608,4.5617,4.6646,4.5488,4.5939,4.5424,0.05149999999999988,1.1338,47280.88,33886.732
600295.SH,20200605,4.5552,4.5681,4.5166,4.5424,4.5488,-0.006400000000000183,-0.1407,17203.57,12133.026
600295.SH,20200604,4.5488,4.5617,4.5166,4.5488,4.5295,0.019300000000000317,0.4261,23179.01,16358.827
600295.SH,20200603,4.5745,4.5939,4.5231,4.5295,4.5745,-0.04499999999999993,-0.9837,35706.99,25321.97
600295.SH,20200602,4.5488,4.5745,4.5359,4.5745,4.5359,0.038599999999999746,0.851,32930.65,23331.912
600295.SH,20200601,4.478,4.5488,4.478,4.5359,4.4716,0.06430000000000025,1.438,27326.39,19214.266
600295.SH,20200529,4.5038,4.5102,4.4587,4.4716,4.4909,-0.019300000000000317,-0.4298,20081.0,14006.429
600295.SH,20200528,4.4973,4.5231,4.4394,4.4909,4.478,0.012900000000000134,0.2881,19629.4,13680.935
600295.SH,20200527,4.5231,4.5231,4.4652,4.478,4.5166,-0.038600000000000634,-0.8546,23067.63,16082.987
600295.SH,20200526,4.6003,4.6067,4.4137,4.5166,4.5745,-0.057899999999999174,-1.2657,39263.68,27504.303
600295.SH,20200525,4.5317,4.5744,4.5196,4.5744,4.5196,0.05480000000000018,1.2125,41634.81,31080.588
600295.SH,20200522,4.5439,4.5622,4.5074,4.5196,4.55,-0.030400000000000205,-0.6681,27430.54,20405.961
600295.SH,20200521,4.5561,4.5561,4.5317,4.55,4.5317,0.018299999999999983,0.4038,17833.72,13302.27
600295.SH,20200520,4.55,4.5561,4.5257,4.5317,4.5561,-0.024399999999999977,-0.5355,19685.0,14669.402
600295.SH,20200519,4.617,4.617,4.5317,4.5561,4.5561,0.0,0.0,31372.07,23532.94
600295.SH,20200518,4.5013,4.5561,4.5013,4.5561,4.4952,0.060900000000000176,1.3548,19958.81,14867.806
600295.SH,20200515,4.5135,4.5257,4.4891,4.4952,4.5013,-0.006099999999999994,-0.1355,15741.28,11649.171
600295.SH,20200514,4.5074,4.5257,4.483,4.5013,4.5135,-0.012199999999999989,-0.2703,21262.22,15714.689
600295.SH,20200513,4.5317,4.5317,4.483,4.5135,4.5317,-0.018200000000000216,-0.4016,21375.03,15826.273
600295.SH,20200512,4.6109,4.6109,4.5013,4.5317,4.5987,-0.06700000000000017,-1.4569,28256.29,21050.8
600295.SH,20200511,4.5987,4.6292,4.5744,4.5987,4.6231,-0.024399999999999977,-0.5278,34201.0,25843.307
600295.SH,20200508,4.6048,4.6414,4.5805,4.6231,4.5622,0.060900000000000176,1.3349,38554.8,29231.482
600295.SH,20200507,4.5987,4.617,4.5622,4.5622,4.617,-0.05480000000000018,-1.1869,29882.4,22501.248
600295.SH,20200506,4.5074,4.6414,4.4952,4.617,4.5683,0.04870000000000019,1.066,37880.67,28566.634
600295.SH,20200430,4.4769,4.5866,4.4769,4.5683,4.5196,0.04870000000000019,1.0775,42940.53,32005.298
600295.SH,20200429,4.4647,4.5378,4.4647,4.5196,4.4952,0.024399999999999977,0.5428,20264.55,15015.787
600295.SH,20200428,4.55,4.5622,4.3551,4.4952,4.5561,-0.060900000000000176,-1.3367,42594.41,31199.641
600295.SH,20200427,4.55,4.5866,4.5317,4.5561,4.55,0.006099999999999994,0.1341,22752.56,17039.148
600295.SH,20200424,4.5378,4.5866,4.5257,4.55,4.5378,0.012199999999999989,0.2689,23899.98,17849.552
600295.SH,20200423,4.5683,4.5744,4.5378,4.5378,4.5683,-0.03049999999999997,-0.6676,22140.2,16554.108
600295.SH,20200422,4.5378,4.5683,4.5196,4.5683,4.5805,-0.012199999999999989,-0.2663,37767.38,28169.972
600295.SH,20200421,4.6353,4.6353,4.5439,4.5805,4.6414,-0.060900000000000176,-1.3121,44683.54,33598.95
600295.SH,20200420,4.6353,4.6536,4.6109,4.6414,4.6353,0.006099999999999994,0.1316,27272.95,20747.737
600295.SH,20200417,4.6901,4.7023,4.6353,4.6353,4.6962,-0.060900000000000176,-1.2968,50476.3,38668.858
600295.SH,20200416,4.6536,4.7206,4.6048,4.6962,4.6536,0.04260000000000019,0.9154,53054.03,40582.167
600295.SH,20200415,4.6658,4.7084,4.6475,4.6536,4.6414,0.012199999999999989,0.2629,46502.53,35724.438
600295.SH,20200414,4.5927,4.6414,4.5805,4.6414,4.5866,0.05480000000000018,1.1948,36518.18,27651.767
600295.SH,20200413,4.6536,4.6536,4.55,4.5866,4.6658,-0.07920000000000016,-1.6975,42395.19,31958.206
600295.SH,20200410,4.6658,4.7815,4.6475,4.6658,4.6414,0.024399999999999977,0.5257,79393.44,61279.688
600295.SH,20200409,4.6658,4.6718,4.617,4.6414,4.6475,-0.006099999999999994,-0.1313,32750.69,24947.051
600295.SH,20200408,4.5987,4.6536,4.5805,4.6475,4.6048,0.04269999999999996,0.9273,36972.6,28124.782
600295.SH,20200407,4.5744,4.6292,4.55,4.6048,4.5196,0.08520000000000039,1.8851,38465.73,28994.565
600295.SH,20200403,4.5622,4.5744,4.5074,4.5196,4.5622,-0.04260000000000019,-0.9338,25911.07,19296.664
600295.SH,20200402,4.5074,4.5622,4.4647,4.5622,4.5074,0.05480000000000018,1.2158,32094.06,23793.071
600295.SH,20200401,4.5439,4.5987,4.5013,4.5074,4.5805,-0.07310000000000016,-1.5959,33724.33,25227.394
600295.SH,20200331,4.5987,4.6536,4.5317,4.5805,4.5744,0.006099999999999994,0.1334,42009.04,31608.131
600295.SH,20200330,4.5744,4.6353,4.483,4.5744,4.6292,-0.05480000000000018,-1.1838,36747.49,27388.134
600295.SH,20200327,4.6658,4.7023,4.5987,4.6292,4.6779,-0.04870000000000019,-1.0411,57183.92,43641.928
600295.SH,20200326,4.5378,4.8058,4.5257,4.6779,4.5744,0.10350000000000037,2.2626,80510.14,61740.171
600295.SH,20200325,4.617,4.6292,4.5439,4.5744,4.5257,0.04870000000000019,1.0761,37407.8,28125.183
600295.SH,20200324,4.4769,4.5317,4.4343,4.5257,4.4221,0.10359999999999925,2.3428,38722.08,28561.807
600295.SH,20200323,4.4099,4.5378,4.3917,4.4221,4.5196,-0.09749999999999925,-2.1573,35045.01,25566.452
600295.SH,20200320,4.483,4.5317,4.4526,4.5196,4.4526,0.06699999999999928,1.5047,34986.42,25812.651
600295.SH,20200319,4.4343,4.4952,4.3551,4.4526,4.4769,-0.024299999999999322,-0.5428,53451.96,38848.588
600295.SH,20200318,4.5744,4.617,4.4708,4.4769,4.5378,-0.060900000000000176,-1.3421,48651.0,36368.14
600295.SH,20200317,4.5927,4.6475,4.4891,4.5378,4.5866,-0.048799999999999955,-1.064,65838.63,49141.26
600295.SH,20200316,4.7328,4.7998,4.5439,4.5866,4.7267,-0.14010000000000034,-2.964,61054.34,47019.564
600295.SH,20200313,4.6109,4.7693,4.5805,4.7267,4.8302,-0.10349999999999948,-2.1428,65668.21,50403.805
600295.SH,20200312,4.8302,4.8607,4.7876,4.8302,4.8911,-0.060900000000000176,-1.2451,46518.04,36819.399
600295.SH,20200311,4.9277,4.9825,4.885,4.8911,4.9338,-0.04269999999999996,-0.8655,52814.82,42855.781
600295.SH,20200310,4.8119,4.9398,4.7998,4.9338,4.8607,0.07310000000000016,1.5039,52883.82,42382.211
600295.SH,20200309,4.9398,4.9642,4.8424,4.8607,5.0373,-0.17660000000000053,-3.5058,78322.0,62914.904
600295.SH,20200306,5.0739,5.0739,5.0008,5.0373,5.1104,-0.07310000000000016,-1.4304,71821.62,59340.87
600295.SH,20200305,5.0434,5.1226,5.019,5.1104,5.0129,0.09750000000000014,1.945,114758.83,95874.806
600295.SH,20200304,4.9581,5.0251,4.9398,5.0129,4.9764,0.0365000000000002,0.7335,50429.32,41231.887
600295.SH,20200303,5.0495,5.0556,4.9398,4.9764,4.9886,-0.012199999999999989,-0.2446,71330.13,58353.157
600295.SH,20200302,4.7571,5.0312,4.7571,4.9886,4.751,0.2375999999999996,5.0011,78060.27,63425.944
600295.SH,20200228,4.7998,4.8911,4.751,4.751,4.9581,-0.20709999999999962,-4.177,66953.63,52928.797
600295.SH,20200227,4.9825,5.0251,4.9216,4.9581,4.9581,0.0,0.0,51749.72,42175.086
600295.SH,20200226,4.8607,5.0556,4.8241,4.9581,4.9033,0.05480000000000018,1.1176,88805.23,72467.179
600295.SH,20200225,4.9338,4.9642,4.7693,4.9033,5.0373,-0.13400000000000034,-2.6602,91385.33,73318.476
600295.SH,20200224,5.0799,5.086,4.9825,5.0373,5.0982,-0.060900000000000176,-1.1945,68653.85,56682.801
600295.SH,20200221,5.0739,5.1469,5.0617,5.0982,5.1165,-0.018299999999999983,-0.3577,75465.47,63210.82
600295.SH,20200220,5.0312,5.1165,4.9825,5.1165,5.1043,0.012199999999999989,0.239,95685.59,79357.588
600295.SH,20200219,5.0556,5.1835,5.0129,5.1043,5.0495,0.05480000000000018,1.0853,98371.77,82429.315
600295.SH,20200218,5.0434,5.0799,4.9947,5.0495,5.0678,-0.018299999999999983,-0.3611,63796.36,52701.032
600295.SH,20200217,4.9764,5.0739,4.9764,5.0678,4.9703,0.09750000000000014,1.9617,75218.12,62187.41
600295.SH,20200214,4.9642,4.9947,4.9216,4.9703,4.9459,0.024399999999999977,0.4933,39941.0,32542.383
600295.SH,20200213,5.0312,5.0617,4.9338,4.9459,5.0312,-0.08530000000000015,-1.6954,57778.73,47301.91
600295.SH,20200212,4.9947,5.0739,4.952,5.0312,4.9825,0.04870000000000019,0.9774,70810.65,58323.49
600295.SH,20200211,4.9825,5.1226,4.9642,4.9825,5.0312,-0.04870000000000019,-0.968,71379.13,58997.139
600295.SH,20200210,5.0739,5.0921,4.9094,5.0312,5.0373,-0.006099999999999994,-0.1211,113182.88,92740.948
600295.SH,20200207,4.8058,5.1043,4.7876,5.0373,4.8485,0.18880000000000052,3.894,143342.68,117617.501
600295.SH,20200206,4.751,4.8789,4.6597,4.8485,4.7449,0.10359999999999925,2.1834,94715.16,74227.735
600295.SH,20200205,4.7693,4.8363,4.6901,4.7449,4.7449,0.0,0.0,83875.11,65486.422
600295.SH,20200204,4.4647,4.7754,4.4647,4.7449,4.4952,0.2497000000000007,5.5548,117816.6,89995.201
600295.SH,20200203,4.5013,4.6779,4.4952,4.4952,4.9947,-0.4995000000000003,-10.0006,90934.0,67351.198
600295.SH,20200123,5.1652,5.1774,4.9398,4.9947,5.2139,-0.21919999999999984,-4.2041,50474.19,41905.686
600295.SH,20200122,5.2139,5.2322,5.1165,5.2139,5.2139,0.0,0.0,35026.5,29756.172
600295.SH,20200121,5.3175,5.3175,5.1957,5.2139,5.3297,-0.11580000000000013,-2.1727,36972.81,31785.395
600295.SH,20200120,5.2809,5.3297,5.2444,5.3297,5.2809,0.048799999999999955,0.9241,32565.3,28288.04
600295.SH,20200117,5.3236,5.3784,5.2505,5.2809,5.3236,-0.04269999999999996,-0.8021,35628.33,31037.131
600295.SH,20200116,5.415,5.415,5.3114,5.3236,5.3967,-0.07310000000000016,-1.3545,36167.44,31721.947
600295.SH,20200115,5.4454,5.482,5.354,5.3967,5.482,-0.08530000000000015,-1.556,54369.01,48159.985
600295.SH,20200114,5.488,5.555,5.4698,5.482,5.488,-0.006000000000000227,-0.1093,42893.0,38740.69
600295.SH,20200113,5.4941,5.5002,5.4089,5.488,5.4941,-0.006099999999999994,-0.111,33312.27,29831.461
600295.SH,20200110,5.5002,5.5368,5.4454,5.4941,5.5063,-0.012199999999999989,-0.2216,45490.01,41024.241
600295.SH,20200109,5.4637,5.5672,5.4515,5.5063,5.421,0.08530000000000015,1.5735,53722.01,48532.326
600295.SH,20200108,5.5185,5.555,5.3906,5.421,5.5672,-0.14619999999999944,-2.6261,77134.0,69277.956
600295.SH,20200107,5.4515,5.5855,5.4332,5.5672,5.4454,0.12179999999999946,2.2368,78901.04,71608.04
600295.SH,20200106,5.4637,5.5063,5.4089,5.4454,5.4941,-0.04870000000000019,-0.8864,56972.0,51004.791
600295.SH,20200103,5.4941,5.5307,5.4576,5.4941,5.5246,-0.03049999999999997,-0.5521,59654.58,53737.191
600295.SH,20200102,5.5429,5.6403,5.5185,5.5246,5.4941,0.03049999999999997,0.5551,91328.03,83226.771
600295.SH,20191231,5.421,5.5185,5.3784,5.4941,5.4393,0.05480000000000018,1.0075,76047.69,68032.557
600295.SH,20191230,5.3479,5.4454,5.2992,5.4393,5.354,0.08530000000000015,1.5932,64231.76,56912.875
600295.SH,20191227,5.3601,5.4698,5.3053,5.354,5.3419,0.012100000000000222,0.2265,74878.95,66141.525
600295.SH,20191226,5.2627,5.3479,5.2627,5.3419,5.2627,0.07920000000000016,1.5049,43900.59,38330.515
600295.SH,20191225,5.2749,5.3114,5.2322,5.2627,5.2566,0.006099999999999994,0.116,33431.33,28968.119
600295.SH,20191224,5.1957,5.287,5.1957,5.2566,5.1957,0.06089999999999929,1.1721,36624.45,31487.134
600295.SH,20191223,5.2444,5.2992,5.1835,5.1957,5.2749,-0.07919999999999927,-1.5015,45736.09,39369.242
600295.SH,20191220,5.3358,5.3967,5.2627,5.2749,5.3297,-0.05480000000000018,-1.0282,54631.0,47758.67
600295.SH,20191219,5.3175,5.3419,5.2809,5.3297,5.3175,0.012199999999999989,0.2294,36519.35,31801.561
600295.SH,20191218,5.4089,5.4089,5.2992,5.3175,5.3906,-0.07310000000000016,-1.3561,59855.11,52446.257
600295.SH,20191217,5.3784,5.4271,5.3479,5.3906,5.3784,0.012199999999999989,0.2268,61628.23,54470.495
600295.SH,20191216,5.3236,5.3906,5.2688,5.3784,5.3175,0.060900000000000176,1.1453,57305.49,50174.481
600295.SH,20191213,5.3601,5.3784,5.2383,5.3175,5.3297,-0.012199999999999989,-0.2289,60439.04,52652.132
600295.SH,20191212,5.2931,5.3784,5.2749,5.3297,5.2931,0.036599999999999966,0.6915,89517.13,78368.333
600295.SH,20191211,5.2992,5.3236,5.2505,5.2931,5.2992,-0.006099999999999994,-0.1151,52586.55,45681.142
600295.SH,20191210,5.2627,5.3297,5.2261,5.2992,5.2809,0.018299999999999983,0.3465,68027.6,59018.401
600295.SH,20191209,5.0982,5.3297,5.0982,5.2809,5.1165,0.16439999999999966,3.2131,108950.82,94043.708
600295.SH,20191206,5.1774,5.1774,5.0799,5.1165,5.1409,-0.024399999999999977,-0.4746,45159.66,37874.577
600295.SH,20191205,5.0921,5.1652,5.0617,5.1409,5.0678,0.07310000000000016,1.4424,49020.81,41164.658
600295.SH,20191204,5.1104,5.1104,5.0373,5.0678,5.1104,-0.04260000000000019,-0.8336,36098.76,30017.213
600295.SH,20191203,5.1104,5.1226,5.0312,5.1104,5.1348,-0.024399999999999977,-0.4752,32123.0,26836.149
600295.SH,20191202,5.1652,5.2079,5.0921,5.1348,5.1652,-0.030399999999999316,-0.5886,38241.24,32275.976
600295.SH,20191129,5.1652,5.1896,5.1043,5.1652,5.1591,0.006099999999999994,0.1182,28719.93,24300.463
600295.SH,20191128,5.2322,5.2505,5.1165,5.1591,5.22,-0.060900000000000176,-1.1667,47191.67,39954.598
600295.SH,20191127,5.1896,5.2688,5.1469,5.22,5.1774,0.04260000000000019,0.8228,59457.14,50996.903
600295.SH,20191126,5.2383,5.287,5.019,5.1774,5.2079,-0.03050000000000086,-0.5856,82687.01,70530.283
600295.SH,20191125,5.1652,5.3236,5.1226,5.2079,5.1348,0.07310000000000016,1.4236,122827.28,105561.973
600295.SH,20191122,5.0556,5.1469,5.0069,5.1348,5.0556,0.07920000000000016,1.5666,56844.25,47498.974
600295.SH,20191121,5.086,5.1043,4.9947,5.0556,5.086,-0.030400000000000205,-0.5977,37313.58,31003.46
600295.SH,20191120,5.0739,5.1409,5.0251,5.086,5.0739,0.012100000000000222,0.2385,47226.6,39333.886
600295.SH,20191119,4.952,5.0799,4.9459,5.0739,4.9642,0.10970000000000013,2.2098,40247.31,33255.351
600295.SH,20191118,4.8728,5.0008,4.8302,4.9642,4.8485,0.11570000000000036,2.3863,39971.44,32368.722
600295.SH,20191115,4.9764,4.9825,4.8424,4.8485,4.9764,-0.12790000000000035,-2.5701,35568.49,28611.931
600295.SH,20191114,4.9459,4.9886,4.9033,4.9764,4.952,0.024399999999999977,0.4927,38560.0,31397.892
600295.SH,20191113,5.0008,5.019,4.9155,4.952,4.9947,-0.04269999999999996,-0.8549,35293.01,28760.792
600295.SH,20191112,5.0069,5.0495,4.9581,4.9947,5.019,-0.02430000000000021,-0.4842,32719.51,26807.06
600295.SH,20191111,5.0556,5.1287,4.9947,5.019,5.1043,-0.08530000000000015,-1.6711,56070.19,46578.682
600295.SH,20191108,5.1713,5.1774,5.0921,5.1043,5.153,-0.0486999999999993,-0.9451,46997.3,39527.36
600295.SH,20191107,5.1226,5.1835,5.1226,5.153,5.153,0.0,0.0,53925.49,45561.709
600295.SH,20191106,5.1469,5.2079,5.1043,5.153,5.1713,-0.018299999999999983,-0.3539,57000.82,48212.325
600295.SH,20191105,5.1287,5.1957,5.0799,5.1713,5.1287,0.042599999999999305,0.8306,71667.71,60563.104
600295.SH,20191104,5.0739,5.1957,5.0251,5.1287,5.0678,0.060900000000000176,1.2017,99251.14,83411.626
600295.SH,20191101,4.7632,5.1469,4.7632,5.0678,4.7815,0.2862999999999998,5.9877,146299.6,120463.529
600295.SH,20191031,4.8546,4.8728,4.7815,4.7815,4.8911,-0.10959999999999948,-2.2408,36644.5,29053.752
600295.SH,20191030,4.9825,4.9947,4.8668,4.8911,4.9033,-0.012199999999999989,-0.2488,53101.73,42954.89
600295.SH,20191029,4.885,4.9398,4.8363,4.9033,4.885,0.018299999999999983,0.3746,29820.76,23961.299
600295.SH,20191028,4.8546,4.8911,4.8241,4.885,4.8424,0.04260000000000019,0.8797,23707.37,18937.364
600295.SH,20191025,4.7937,4.8485,4.7693,4.8424,4.7998,0.042599999999999305,0.8875,17891.35,14136.392
600295.SH,20191024,4.7754,4.8728,4.7571,4.7998,4.7754,0.024399999999999977,0.511,14501.67,11421.47
600295.SH,20191023,4.7998,4.8241,4.7632,4.7754,4.8241,-0.0486999999999993,-1.0095,12612.67,9918.333
600295.SH,20191022,4.7998,4.8241,4.7693,4.8241,4.7815,0.042599999999999305,0.8909,13857.14,10921.06
600295.SH,20191021,4.751,4.7815,4.7206,4.7815,4.7571,0.024399999999999977,0.5129,17094.91,13344.685
600295.SH,20191018,4.8607,4.885,4.751,4.7571,4.8668,-0.10969999999999924,-2.254,25994.13,20497.308
600295.SH,20191017,4.8607,4.9033,4.8546,4.8668,4.8668,0.0,0.0,16547.66,13242.509
600295.SH,20191016,4.8972,4.9459,4.8607,4.8668,4.9033,-0.0365000000000002,-0.7444,23462.05,18881.311
600295.SH,20191015,4.9581,4.9581,4.885,4.9033,4.9398,-0.0365000000000002,-0.7389,21470.36,17281.639
600295.SH,20191014,4.8789,4.9459,4.8789,4.9398,4.8485,0.09130000000000038,1.8831,34580.36,27949.856
600295.SH,20191011,4.8607,4.8668,4.8119,4.8485,4.8424,0.006099999999999994,0.126,20548.44,16335.939
600295.SH,20191010,4.8424,4.8607,4.8058,4.8424,4.8241,0.018299999999999983,0.3793,22103.0,17535.898
600295.SH,20191009,4.7815,4.8424,4.7328,4.8241,4.7815,0.042599999999999305,0.8909,22461.07,17732.175
600295.SH,20191008,4.8607,4.8607,4.7693,4.7815,4.8241,-0.042599999999999305,-0.8831,27822.85,21979.236
600295.SH,20190930,4.7876,4.9825,4.7571,4.8241,4.7328,0.09129999999999949,1.9291,48314.3,38638.956
600295.SH,20190927,4.7388,4.7693,4.7145,4.7328,4.7388,-0.006000000000000227,-0.1266,17571.0,13697.511
600295.SH,20190926,4.8241,4.8485,4.7267,4.7388,4.8058,-0.06699999999999928,-1.3941,27456.58,21503.909
600295.SH,20190925,4.8789,4.8911,4.7998,4.8058,4.8972,-0.09140000000000015,-1.8664,26323.8,20868.972
600295.SH,20190924,4.8972,4.9398,4.8789,4.8972,4.8972,0.0,0.0,22237.0,17919.469
600295.SH,20190923,4.9764,5.019,4.885,4.8972,4.9886,-0.09140000000000015,-1.8322,26766.41,21565.51
600295.SH,20190920,5.019,5.0434,4.9642,4.9886,5.0129,-0.02430000000000021,-0.4847,21836.99,17925.525
600295.SH,20190919,4.9703,5.0312,4.9581,5.0129,4.9703,0.04260000000000019,0.8571,27205.0,22306.491
600295.SH,20190918,4.952,5.0129,4.952,4.9703,4.9581,0.012199999999999989,0.2461,25965.86,21232.989
600295.SH,20190917,5.1226,5.1226,4.9459,4.9581,5.1287,-0.1706000000000003,-3.3264,55943.0,45972.035
600295.SH,20190916,5.2261,5.2322,5.0982,5.1287,5.1043,0.024399999999999977,0.478,54559.33,46237.254
600295.SH,20190912,5.1287,5.1469,5.0617,5.1043,5.1348,-0.03049999999999997,-0.594,45340.48,37884.946
600295.SH,20190911,5.0008,5.4393,4.9703,5.1348,4.9947,0.14010000000000034,2.805,113171.32,95916.867
600295.SH,20190910,4.9947,5.0008,4.9642,4.9947,4.9825,0.012199999999999989,0.2449,34237.98,27999.075
600295.SH,20190909,4.9642,4.9886,4.9338,4.9825,4.9459,0.036599999999999966,0.74,46131.01,37617.156
600295.SH,20190906,4.9216,4.9581,4.9094,4.9459,4.9155,0.030400000000000205,0.6185,31567.8,25546.62
600295.SH,20190905,4.9277,4.9886,4.9094,4.9155,4.9033,0.012199999999999989,0.2488,64636.28,52554.765
600295.SH,20190904,4.8485,4.9033,4.8485,4.9033,4.8728,0.03049999999999997,0.6259,29683.87,23788.43
600295.SH,20190903,4.9277,4.9277,4.8607,4.8728,4.9155,-0.04269999999999996,-0.8687,35338.87,28338.739
600295.SH,20190902,4.8241,4.9277,4.8119,4.9155,4.8424,0.07310000000000016,1.5096,53209.74,42626.624
600295.SH,20190830,4.885,4.9277,4.7998,4.8424,4.7449,0.09749999999999925,2.0548,67385.22,53916.433
600295.SH,20190829,4.751,4.7815,4.7145,4.7449,4.7449,0.0,0.0,18744.0,14588.547
600295.SH,20190828,4.7206,4.7876,4.7145,4.7449,4.7388,0.006099999999999994,0.1287,18550.85,14455.757
600295.SH,20190827,4.6414,4.7876,4.6414,4.7388,4.6353,0.10350000000000037,2.2329,25213.1,19608.828
600295.SH,20190826,4.5987,4.6597,4.5805,4.6353,4.7206,-0.08530000000000015,-1.807,21165.1,16087.918
600295.SH,20190823,4.7449,4.7449,4.6901,4.7206,4.7449,-0.02430000000000021,-0.5121,15018.01,11639.646
600295.SH,20190822,4.7206,4.7571,4.6718,4.7449,4.7206,0.02430000000000021,0.5148,19814.0,15353.412
600295.SH,20190821,4.7267,4.7632,4.7084,4.7206,4.7388,-0.018200000000000216,-0.3841,15439.0,11992.115
600295.SH,20190820,4.7632,4.7876,4.7206,4.7388,4.751,-0.012199999999999989,-0.2568,28325.87,22112.524
600295.SH,20190819,4.6536,4.751,4.6475,4.751,4.6231,0.12790000000000035,2.7665,31111.03,24065.116
600295.SH,20190816,4.5987,4.6536,4.5987,4.6231,4.6109,0.012199999999999989,0.2646,17294.47,13152.968
600295.SH,20190815,4.5257,4.6231,4.5074,4.6109,4.6231,-0.012199999999999989,-0.2639,18550.0,13919.902
600295.SH,20190814,4.6597,4.6658,4.6231,4.6231,4.5987,0.024399999999999977,0.5306,19994.7,15250.082
600295.SH,20190813,4.5805,4.6658,4.5805,4.5987,4.6292,-0.03049999999999997,-0.6589,16306.2,12336.114
600295.SH,20190812,4.5561,4.6536,4.5257,4.6292,4.55,0.07920000000000016,1.7407,21630.22,16234.618
600295.SH,20190809,4.6718,4.684,4.5439,4.55,4.6414,-0.09140000000000015,-1.9692,23699.2,17904.009
600295.SH,20190808,4.6292,4.6962,4.5987,4.6414,4.6231,0.018299999999999983,0.3958,19898.0,15201.715
600295.SH,20190807,4.6597,4.7084,4.6231,4.6231,4.6292,-0.006099999999999994,-0.1318,25662.0,19621.351
600295.SH,20190806,4.751,4.7571,4.4769,4.6292,4.7998,-0.1706000000000003,-3.5543,54127.0,41028.981
600295.SH,20190805,4.8485,4.9155,4.7876,4.7998,4.8668,-0.06699999999999928,-1.3767,30247.0,24066.564
600295.SH,20190802,4.8302,4.8911,4.8119,4.8668,4.9459,-0.07910000000000039,-1.5993,33139.54,26448.465
600295.SH,20190801,4.9338,4.9581,4.8911,4.9459,4.9216,0.02430000000000021,0.4937,26249.93,21229.108
600295.SH,20190731,5.0008,5.0129,4.9094,4.9216,4.9886,-0.06700000000000017,-1.3431,32719.06,26553.089
600295.SH,20190730,4.9825,5.0495,4.9764,4.9886,4.9886,0.0,0.0,42348.73,34824.188
600295.SH,20190729,5.0921,5.0921,4.9581,4.9886,5.086,-0.09740000000000038,-1.9151,54420.06,44685.955
600295.SH,20190726,5.1165,5.1287,5.0495,5.086,5.1469,-0.06089999999999929,-1.1832,53756.24,44814.815
600295.SH,20190725,5.1896,5.1957,5.086,5.1469,5.1896,-0.04270000000000085,-0.8228,61620.87,51881.836
600295.SH,20190724,5.1896,5.2505,5.1409,5.1896,5.2322,-0.042599999999999305,-0.8142,97984.86,83469.659
600295.SH,20190723,5.2079,5.2992,5.1287,5.2322,5.22,0.012199999999999989,0.2337,81953.54,69918.775
600295.SH,20190722,5.2444,5.4576,5.1896,5.22,5.287,-0.06700000000000017,-1.2673,122361.51,106074.493
600295.SH,20190719,5.1348,5.3906,5.1043,5.287,5.0921,0.19489999999999963,3.8275,164314.71,142052.502
600295.SH,20190718,5.1287,5.2139,5.0556,5.0921,5.2139,-0.12179999999999946,-2.3361,93505.1,78599.882
600295.SH,20190717,4.9947,5.2505,4.9764,5.2139,5.0373,0.17659999999999965,3.5058,137967.48,116775.794
600295.SH,20190716,5.0129,5.1591,5.0069,5.0373,5.0129,0.024399999999999977,0.4867,81368.76,67581.655
600295.SH,20190715,5.0788,5.0847,4.9471,5.013,5.1087,-0.0956999999999999,-1.8733,104524.62,87671.098
600295.SH,20190712,4.8455,5.2223,4.8455,5.1087,4.7677,0.3410000000000002,7.1523,158463.09,133860.783
600295.SH,20190711,4.7797,4.8096,4.7497,4.7677,4.7378,0.029899999999999594,0.6311,23855.35,19061.427
600295.SH,20190710,4.8155,4.8155,4.7138,4.7378,4.7976,-0.059800000000000075,-1.2465,28680.77,22854.535
600295.SH,20190709,4.8096,4.8155,4.7438,4.7976,4.8036,-0.006000000000000227,-0.1249,25288.92,20199.337
600295.SH,20190708,4.995,4.995,4.7677,4.8036,5.001,-0.19740000000000002,-3.9472,46570.86,37686.202
600295.SH,20190705,4.983,5.0249,4.9711,5.001,4.995,0.006000000000000227,0.1201,25750.09,21522.521
600295.SH,20190704,5.0309,5.0488,4.9771,4.995,5.0309,-0.03589999999999982,-0.7136,33718.98,28218.926
600295.SH,20190703,5.0967,5.0967,5.001,5.0309,5.1146,-0.08370000000000033,-1.6365,40516.41,34081.454
600295.SH,20190702,5.0429,5.1565,5.0249,5.1146,5.0548,0.059800000000000075,1.183,63141.5,53852.231
600295.SH,20190701,5.0249,5.0728,5.0249,5.0548,4.9591,0.0956999999999999,1.9298,48067.91,40572.639
600295.SH,20190628,5.007,5.0429,4.9412,4.9591,5.0668,-0.10769999999999946,-2.1256,42390.0,35285.401
600295.SH,20190627,5.0249,5.1864,4.995,5.0668,5.0249,0.04190000000000005,0.8338,76354.14,64972.305
600295.SH,20190626,4.9651,5.0369,4.9531,5.0249,5.007,0.017900000000000027,0.3575,29221.99,24474.986
600295.SH,20190625,5.1087,5.1087,4.9651,5.007,5.1087,-0.10170000000000012,-1.9907,43803.0,36734.241
600295.SH,20190624,5.0847,5.1685,5.0668,5.1087,5.0967,0.011999999999999567,0.2354,53418.01,45657.125
600295.SH,20190621,5.0788,5.1565,5.0488,5.0967,5.0907,0.006000000000000227,0.1179,76916.59,65578.913
600295.SH,20190620,5.007,5.1027,4.9172,5.0907,5.0369,0.05379999999999985,1.0681,105094.29,88300.429
600295.SH,20190619,5.0548,5.1206,4.9412,5.0369,4.9292,0.10770000000000035,2.1849,88033.36,73772.387
600295.SH,20190618,4.9352,4.983,4.8873,4.9292,4.9232,0.006000000000000227,0.1219,27497.35,22720.149
600295.SH,20190617,4.8933,4.983,4.8694,4.9232,4.9352,-0.012000000000000455,-0.2432,20525.54,16919.885
600295.SH,20190614,5.007,5.0309,4.9232,4.9352,4.9591,-0.023900000000000254,-0.4819,41970.63,34969.062
600295.SH,20190613,4.9172,5.0189,4.9053,4.9591,4.9412,0.017900000000000027,0.3623,41636.16,34575.195
600295.SH,20190612,4.9232,4.995,4.9113,4.9412,4.9471,-0.005899999999999572,-0.1193,45389.91,37596.059
600295.SH,20190611,4.8215,5.001,4.7737,4.9471,4.7737,0.1734,3.6324,55373.0,45457.881
600295.SH,20190610,4.6839,4.8036,4.6301,4.7737,4.6899,0.0838000000000001,1.7868,29898.01,23682.966
600295.SH,20190606,4.7856,4.7976,4.66,4.6899,4.7797,-0.08980000000000032,-1.8788,26231.0,20713.209
600295.SH,20190605,4.8215,4.8335,4.7677,4.7797,4.7557,0.02400000000000002,0.5047,22144.48,17733.856
600295.SH,20190604,4.8514,4.8694,4.7557,4.7557,4.8514,-0.0956999999999999,-1.9726,28322.0,22715.742
600295.SH,20190603,4.9053,4.9232,4.8036,4.8514,4.9352,-0.0838000000000001,-1.698,36173.04,29393.512
600295.SH,20190531,4.9651,4.989,4.9292,4.9352,4.989,-0.05379999999999985,-1.0784,45084.73,37365.032
600295.SH,20190530,4.9053,4.995,4.8455,4.989,4.9172,0.07179999999999964,1.4602,56377.18,46492.824
600295.SH,20190529,4.8754,4.9591,4.8754,4.9172,4.9113,0.00590000000000046,0.1201,25131.02,20686.156
600295.SH,20190528,4.9053,4.9651,4.8813,4.9113,4.9471,-0.035800000000000054,-0.7237,38355.41,31587.627
600295.SH,20190527,4.8036,4.9651,4.8036,4.9471,4.8036,0.14349999999999952,2.9873,43333.0,35598.064
600295.SH,20190524,4.7856,4.8754,4.7617,4.8036,4.8395,-0.03589999999999982,-0.7418,23327.69,18831.187
600295.SH,20190523,4.9053,4.9232,4.8275,4.8395,4.9053,-0.0658000000000003,-1.3414,28797.86,23430.819
600295.SH,20190522,4.995,5.013,4.8694,4.9053,4.9651,-0.05979999999999919,-1.2044,42576.3,35132.696
600295.SH,20190521,4.8395,4.995,4.8096,4.9651,4.8275,0.13759999999999994,2.8503,55035.0,45345.44
600295.SH,20190520,4.8694,4.8694,4.7378,4.8275,4.8395,-0.012000000000000455,-0.248,34605.49,27714.835
600295.SH,20190517,5.001,5.007,4.8096,4.8395,5.013,-0.17349999999999977,-3.461,55325.13,45232.391
600295.SH,20190516,4.8813,5.0608,4.8694,5.013,4.8993,0.11369999999999969,2.3207,61626.89,51426.896
600295.SH,20190515,4.8754,4.9172,4.8395,4.8993,4.8155,0.0838000000000001,1.7402,40576.53,33126.693
600295.SH,20190514,4.8455,4.8993,4.7976,4.8155,4.9292,-0.11369999999999969,-2.3067,48080.6,38971.021
600295.SH,20190513,5.001,5.0249,4.9113,4.9292,5.0488,-0.11960000000000015,-2.3689,42185.31,34956.158
600295.SH,20190510,4.9771,5.0967,4.8455,5.0488,4.9531,0.0956999999999999,1.9321,54279.25,45519.642
600295.SH,20190509,4.9531,5.0249,4.9292,4.9531,4.995,-0.04190000000000005,-0.8388,30095.42,25049.574
600295.SH,20190508,4.9053,5.0548,4.8634,4.995,5.001,-0.006000000000000227,-0.12,36711.05,30561.66
600295.SH,20190507,5.0189,5.0967,4.9232,5.001,4.995,0.006000000000000227,0.1201,44755.2,37502.551
600295.SH,20190506,5.324,5.324,4.9053,4.995,5.4137,-0.4187000000000003,-7.7341,73829.06,63090.553
600295.SH,20190430,5.2223,5.4796,5.2223,5.4137,5.2522,0.1615000000000002,3.0749,41457.77,37359.489
600295.SH,20190429,5.4137,5.4437,5.0608,5.2522,5.4137,-0.1615000000000002,-2.9832,62586.81,55618.126
600295.SH,20190426,5.4855,5.5035,5.4078,5.4137,5.4915,-0.07779999999999987,-1.4167,45821.01,41723.775
600295.SH,20190425,5.7368,5.8145,5.4676,5.4915,5.7428,-0.25129999999999963,-4.3759,90657.81,85697.473
600295.SH,20190424,5.5394,5.7428,5.5394,5.7428,5.5274,0.2153999999999998,3.8969,88051.98,83428.874
600295.SH,20190423,5.6411,5.6411,5.5035,5.5274,5.6411,-0.11369999999999969,-2.0156,67781.71,62938.328
600295.SH,20190422,5.7248,5.7966,5.6231,5.6411,5.7487,-0.10760000000000058,-1.8717,59287.5,56540.65
600295.SH,20190419,5.7607,5.7667,5.671,5.7487,5.7487,0.0,0.0,61015.5,58305.29
600295.SH,20190418,5.8205,5.8325,5.7368,5.7487,5.8026,-0.053899999999999615,-0.9289,59427.13,57511.008
600295.SH,20190417,5.8026,5.8684,5.7727,5.8026,5.8145,-0.0118999999999998,-0.2047,58260.19,56692.98
600295.SH,20190416,5.659,5.8265,5.5872,5.8145,5.677,0.13750000000000018,2.4221,70769.61,67903.642
600295.SH,20190415,5.8564,5.8863,5.665,5.677,5.7787,-0.10170000000000012,-1.7599,64221.0,62244.79
600295.SH,20190412,5.8504,5.9162,5.7308,5.7787,5.8803,-0.10160000000000036,-1.7278,68323.81,66216.34
600295.SH,20190411,5.8744,6.0778,5.8325,5.8803,5.9103,-0.03000000000000025,-0.5076,95187.19,94460.023
600295.SH,20190410,5.9222,5.9641,5.8325,5.9103,5.988,-0.0777000000000001,-1.2976,94071.52,92637.017
600295.SH,20190409,6.1017,6.1376,5.9402,5.988,6.1495,-0.1614999999999993,-2.6262,120656.11,120888.244
600295.SH,20190408,6.2632,6.323,5.9282,6.1495,6.0897,0.059800000000000075,0.982,238842.72,245880.056
600295.SH,20190404,5.8803,6.0897,5.8744,6.0897,5.8923,0.19740000000000002,3.3501,232325.89,232832.453
600295.SH,20190403,5.7129,5.9461,5.6949,5.8923,5.7368,0.15549999999999997,2.7106,154152.9,151103.43
600295.SH,20190402,5.7667,5.7846,5.6829,5.7368,5.7368,0.0,0.0,152851.82,146470.53
600295.SH,20190401,5.5274,5.7547,5.5095,5.7368,5.5334,0.20339999999999936,3.6759,204934.71,194082.32
600295.SH,20190329,5.3779,5.5454,5.3779,5.5334,5.3659,0.16750000000000043,3.1216,92327.87,84765.8
600295.SH,20190328,5.4975,5.4975,5.3599,5.3659,5.5035,-0.13759999999999994,-2.5002,78953.46,71481.013
600295.SH,20190327,5.5095,5.5454,5.4018,5.5035,5.4975,0.006000000000000227,0.1091,56991.91,52032.083
600295.SH,20190326,5.665,5.6949,5.4377,5.4975,5.6231,-0.12560000000000038,-2.2336,102930.6,95587.989
600295.SH,20190325,5.4257,5.653,5.4018,5.6231,5.5274,0.0956999999999999,1.7314,145432.89,135080.018
600295.SH,20190322,5.5334,5.5633,5.4437,5.5274,5.5454,-0.017999999999999794,-0.3246,67902.27,62430.642
600295.SH,20190321,5.5334,5.5932,5.4975,5.5454,5.5214,0.02400000000000002,0.4347,83285.57,77245.964
600295.SH,20190320,5.5573,5.5693,5.4137,5.5214,5.5274,-0.006000000000000227,-0.1086,71008.46,65359.685
600295.SH,20190319,5.5932,5.6112,5.4556,5.5274,5.5812,-0.05379999999999985,-0.964,74788.24,69065.254
600295.SH,20190318,5.4437,5.5932,5.4137,5.5812,5.4197,0.1615000000000002,2.9799,94436.15,87173.192
600295.SH,20190315,5.336,5.4317,5.336,5.4197,5.342,0.0777000000000001,1.4545,56888.5,51274.772
600295.SH,20190314,5.5095,5.5573,5.2821,5.342,5.4796,-0.13759999999999994,-2.5111,80456.84,72891.293
600295.SH,20190313,5.4676,5.5454,5.4197,5.4796,5.4616,0.017999999999999794,0.3296,88649.09,81386.914
600295.SH,20190312,5.5334,5.5872,5.3898,5.4616,5.4736,-0.012000000000000455,-0.2192,109318.39,100461.943
600295.SH,20190311,5.2522,5.4975,5.2522,5.4736,5.324,0.1496000000000004,2.8099,93041.21,83915.698
600295.SH,20190308,5.5693,5.5693,5.324,5.324,5.671,-0.3470000000000004,-6.1189,137487.2,125288.027
600295.SH,20190307,5.8325,5.8325,5.5214,5.671,5.4556,0.2154000000000007,3.9482,205023.09,195646.219
600295.SH,20190305,5.3719,5.4556,5.318,5.4556,5.3659,0.08969999999999967,1.6717,87471.22,78677.233
600295.SH,20190304,5.4377,5.4676,5.33,5.3659,5.342,0.023900000000000254,0.4474,111375.11,100536.482
600295.SH,20190301,5.324,5.3779,5.2762,5.342,5.324,0.017999999999999794,0.3381,80375.79,71545.722
600295.SH,20190228,5.3061,5.3838,5.2403,5.324,5.2582,0.06579999999999941,1.2514,61644.25,54568.423
600295.SH,20190227,5.2403,5.4078,5.2104,5.2582,5.3001,-0.04189999999999916,-0.7906,92528.85,82021.149
600295.SH,20190226,5.2343,5.5154,5.1446,5.3001,5.2223,0.07779999999999987,1.4898,155372.1,138223.561
600295.SH,20190225,4.9651,5.2283,4.9651,5.2223,4.9531,0.26919999999999966,5.435,152544.31,130426.3
600295.SH,20190222,4.8694,4.989,4.8455,4.9531,4.8694,0.08370000000000033,1.7189,73960.05,60874.325
600295.SH,20190221,4.9471,4.9651,4.8574,4.8694,4.9412,-0.07180000000000053,-1.4531,67242.9,55312.586
600295.SH,20190220,4.9113,5.013,4.8813,4.9412,4.8933,0.047900000000000276,0.9789,69237.15,57317.741
600295.SH,20190219,4.9531,4.9651,4.8455,4.8933,4.9531,-0.059800000000000075,-1.2073,61648.41,50537.952
600295.SH,20190218,4.8096,4.983,4.8036,4.9531,4.7856,0.16750000000000043,3.5001,83653.85,68484.425
600295.SH,20190215,4.8455,4.8694,4.7677,4.7856,4.8275,-0.04190000000000005,-0.8679,49044.0,39510.067
600295.SH,20190214,4.8395,4.8873,4.7976,4.8275,4.8395,-0.012000000000000455,-0.248,49719.75,40227.599
600295.SH,20190213,4.7677,4.8634,4.7557,4.8395,4.7677,0.07180000000000053,1.506,72599.35,58457.446
600295.SH,20190212,4.7557,4.7976,4.7438,4.7677,4.7916,-0.023900000000000254,-0.4988,52316.26,41672.369
600295.SH,20190211,4.7737,4.8335,4.7378,4.7916,4.654,0.13759999999999994,2.9566,75072.98,59975.375
600295.SH,20190201,4.5523,4.66,4.5224,4.654,4.5523,0.10170000000000012,2.234,49669.95,38235.756
600295.SH,20190131,4.7318,4.7318,4.5164,4.5523,4.4447,0.1075999999999997,2.4209,58474.4,44976.05
600295.SH,20190130,4.4207,4.5045,4.4088,4.4447,4.4506,-0.005899999999999572,-0.1326,23590.97,17554.415
600295.SH,20190129,4.4746,4.5164,4.3789,4.4506,4.5045,-0.0539000000000005,-1.1966,30328.55,22512.461
600295.SH,20190128,4.5763,4.5822,4.4925,4.5045,4.5583,-0.05379999999999985,-1.1803,29144.01,22106.137
600295.SH,20190125,4.6122,4.6122,4.5583,4.5583,4.6002,-0.04190000000000005,-0.9108,25371.01,19441.035
600295.SH,20190124,4.5882,4.6241,4.5703,4.6002,4.6002,0.0,0.0,31679.27,24343.524
600295.SH,20190123,4.6122,4.6361,4.5763,4.6002,4.6361,-0.03589999999999982,-0.7744,27707.14,21298.322
600295.SH,20190122,4.7138,4.7318,4.6122,4.6361,4.7378,-0.10170000000000012,-2.1466,32154.0,25090.989
600295.SH,20190121,4.7797,4.8096,4.7079,4.7378,4.7378,0.0,0.0,36823.48,29174.031
600295.SH,20190118,4.648,4.8215,4.648,4.7378,4.648,0.08980000000000032,1.932,62384.18,49526.319
600295.SH,20190117,4.666,4.7198,4.6241,4.648,4.672,-0.02400000000000002,-0.5137,34645.41,27087.89
600295.SH,20190116,4.648,4.678,4.6122,4.672,4.672,0.0,0.0,24825.32,19294.267
600295.SH,20190115,4.648,4.6899,4.5882,4.672,4.6899,-0.017900000000000027,-0.3817,38841.91,30147.53
600295.SH,20190114,4.6122,4.7737,4.6062,4.6899,4.6241,0.06579999999999941,1.423,58980.71,46355.003
600295.SH,20190111,4.5942,4.6361,4.5822,4.6241,4.5942,0.029900000000000482,0.6508,19291.01,14876.881
600295.SH,20190110,4.5822,4.6301,4.5703,4.5942,4.5822,0.011999999999999567,0.2619,22312.1,17171.074
600295.SH,20190109,4.6062,4.66,4.5523,4.5822,4.6002,-0.017999999999999794,-0.3913,33973.9,26260.074
600295.SH,20190108,4.6241,4.6301,4.5882,4.6002,4.6361,-0.03589999999999982,-0.7744,21066.86,16204.66
600295.SH,20190107,4.5763,4.654,4.5763,4.6361,4.5822,0.053899999999999615,1.1763,32968.61,25431.848
600295.SH,20190104,4.4746,4.5882,4.4028,4.5822,4.4925,0.08970000000000056,1.9967,36905.77,27902.483
600295.SH,20190103,4.4626,4.5164,4.4566,4.4925,4.4805,0.011999999999999567,0.2678,15745.0,11822.735
600295.SH,20190102,4.4925,4.5105,4.4805,4.4805,4.4865,-0.006000000000000227,-0.1337,16566.0,12428.577
600295.SH,20181228,4.4805,4.5284,4.4686,4.4865,4.4746,0.011900000000000688,0.2659,15601.26,11719.715
600295.SH,20181227,4.5703,4.5942,4.4746,4.4746,4.4925,-0.017900000000000027,-0.3984,21845.0,16522.604
600295.SH,20181226,4.5344,4.5583,4.4925,4.4925,4.5284,-0.03590000000000071,-0.7928,12254.0,9240.393
600295.SH,20181225,4.5643,4.5643,4.4626,4.5284,4.6181,-0.08969999999999967,-1.9424,24541.85,18482.42
600295.SH,20181224,4.6241,4.6421,4.5882,4.6181,4.6241,-0.006000000000000227,-0.1298,15341.11,11825.807
600295.SH,20181221,4.6122,4.654,4.6002,4.6241,4.6361,-0.011999999999999567,-0.2588,15076.8,11654.605
600295.SH,20181220,4.6839,4.6899,4.6062,4.6361,4.6839,-0.04780000000000051,-1.0205,18534.07,14391.909
600295.SH,20181219,4.6959,4.7258,4.672,4.6839,4.7138,-0.029899999999999594,-0.6343,12278.25,9617.33
600295.SH,20181218,4.7258,4.7438,4.6421,4.7138,4.7258,-0.011999999999999567,-0.2539,18544.06,14572.726
600295.SH,20181217,4.7019,4.7318,4.672,4.7258,4.7138,0.011999999999999567,0.2546,19003.47,14946.323
600295.SH,20181214,4.8215,4.8275,4.7138,4.7138,4.8275,-0.11369999999999969,-2.3553,28189.8,22449.723
600295.SH,20181213,4.8215,4.8574,4.7737,4.8275,4.8036,0.023899999999999366,0.4975,30853.61,24893.59
600295.SH,20181212,4.7856,4.8215,4.7737,4.8036,4.7916,0.012000000000000455,0.2504,19666.75,15794.086
600295.SH,20181211,4.7378,4.8036,4.7198,4.7916,4.7318,0.059800000000000075,1.2638,19354.0,15413.076
600295.SH,20181210,4.7318,4.7916,4.7138,4.7318,4.7856,-0.05379999999999985,-1.1242,20055.27,15894.369
600295.SH,20181207,4.7557,4.8215,4.7438,4.7856,4.7677,0.017900000000000027,0.3754,25663.0,20513.989
600295.SH,20181206,4.8215,4.8634,4.7617,4.7677,4.8275,-0.059800000000000075,-1.2387,32770.0,26340.923
600295.SH,20181205,4.7737,4.8634,4.7378,4.8275,4.8694,-0.04190000000000005,-0.8605,35870.03,28837.504
600295.SH,20181204,4.8574,4.9053,4.8335,4.8694,4.8574,0.011999999999999567,0.247,36187.94,29431.566
600295.SH,20181203,4.8395,4.8813,4.8036,4.8574,4.7258,0.1316000000000006,2.7847,53777.49,43598.88
600295.SH,20181130,4.666,4.7378,4.6421,4.7258,4.6899,0.03589999999999982,0.7655,32845.4,25785.81
600295.SH,20181129,4.8335,4.8574,4.6899,4.6899,4.8155,-0.12560000000000038,-2.6082,39334.99,31456.573
600295.SH,20181128,4.7557,4.8155,4.678,4.8155,4.7797,0.035800000000000054,0.749,37438.18,29839.902
600295.SH,20181127,4.8036,4.8395,4.7438,4.7797,4.7976,-0.017900000000000027,-0.3731,40372.74,32263.7
600295.SH,20181126,4.8096,4.8993,4.7557,4.7976,4.9053,-0.10770000000000035,-2.1956,59450.46,47942.81
600295.SH,20181123,5.2104,5.2104,4.8933,4.9053,5.2283,-0.3229999999999995,-6.1779,103555.55,87285.414
600295.SH,20181122,5.0429,5.2463,4.9771,5.2283,5.0369,0.1913999999999998,3.8,125719.14,107467.391
600295.SH,20181121,4.8933,5.0488,4.8754,5.0369,4.9711,0.0658000000000003,1.3237,70826.67,58635.192
600295.SH,20181120,5.1027,5.1206,4.9471,4.9711,5.1266,-0.15549999999999997,-3.0332,52914.38,44623.055
600295.SH,20181119,5.1146,5.1685,5.0369,5.1266,5.1326,-0.006000000000000227,-0.1169,63016.82,53605.763
600295.SH,20181116,5.0608,5.1804,5.0249,5.1326,5.0488,0.0838000000000001,1.6598,82382.85,70397.55
600295.SH,20181115,4.9412,5.0907,4.9412,5.0488,4.9711,0.0777000000000001,1.563,61831.37,51829.43
600295.SH,20181114,4.9711,5.0788,4.9531,4.9711,4.995,-0.023900000000000254,-0.4785,66617.11,55880.183
600295.SH,20181113,4.8455,5.013,4.8275,4.995,4.9232,0.07180000000000053,1.4584,70673.78,58478.881
600295.SH,20181112,4.7856,4.9232,4.7797,4.9232,4.8395,0.08369999999999944,1.7295,40452.19,33007.506
600295.SH,20181109,4.8694,4.9172,4.8395,4.8395,4.8694,-0.029899999999999594,-0.614,28573.85,23302.764
600295.SH,20181108,4.983,5.007,4.8634,4.8694,4.9412,-0.07180000000000053,-1.4531,45776.37,37714.538
600295.SH,20181107,5.0369,5.1146,4.9352,4.9412,5.0668,-0.1255999999999995,-2.4789,65838.67,55270.355
600295.SH,20181106,4.9352,5.1326,4.8933,5.0668,4.9711,0.0956999999999999,1.9251,74229.97,62182.872
600295.SH,20181105,4.8993,4.995,4.8754,4.9711,4.9471,0.02400000000000002,0.4851,44166.59,36525.839
600295.SH,20181102,4.9053,4.9591,4.8574,4.9471,4.8335,0.11359999999999992,2.3503,60638.45,49821.973
600295.SH,20181101,4.8873,4.9292,4.8335,4.8335,4.8694,-0.03589999999999982,-0.7373,49893.04,40712.947
600295.SH,20181031,4.8036,4.9651,4.7677,4.8694,4.7737,0.0956999999999999,2.0047,52167.24,42513.789
600295.SH,20181030,4.7318,4.8275,4.666,4.7737,4.7438,0.029899999999999594,0.6303,32523.28,25842.05
600295.SH,20181029,4.8215,4.8933,4.7079,4.7438,4.8514,-0.1075999999999997,-2.2179,30291.21,24322.666
600295.SH,20181026,4.8694,4.9651,4.8215,4.8514,4.7856,0.0658000000000003,1.375,39438.43,32142.976
600295.SH,20181025,4.654,4.8036,4.6361,4.7856,4.8335,-0.047900000000000276,-0.991,29323.52,23137.483
600295.SH,20181024,4.8455,4.9172,4.8036,4.8335,4.8455,-0.012000000000000455,-0.2477,31593.5,25661.53
600295.SH,20181023,4.9651,5.0369,4.7797,4.8455,5.013,-0.16749999999999954,-3.3413,54839.06,44913.746
600295.SH,20181022,4.7079,5.1326,4.7079,5.013,4.666,0.34699999999999953,7.4368,87025.77,71578.964
600295.SH,20181019,4.5045,4.7138,4.4506,4.666,4.6122,0.053800000000000736,1.1665,38530.54,29571.272
600295.SH,20181018,4.7318,4.7856,4.5942,4.6122,4.8155,-0.20330000000000048,-4.2218,37982.41,29613.738
600295.SH,20181017,4.9113,4.9591,4.6899,4.8155,4.8395,-0.02400000000000002,-0.4959,37088.0,29925.765
600295.SH,20181016,4.8455,4.9471,4.7916,4.8395,4.8694,-0.029899999999999594,-0.614,30703.0,25051.811
600295.SH,20181015,4.9591,4.989,4.8514,4.8694,4.9471,-0.0777000000000001,-1.5706,32424.47,26718.882
600295.SH,20181012,4.8096,4.989,4.654,4.9471,4.8813,0.06579999999999941,1.348,61595.34,49862.977
600295.SH,20181011,5.0967,5.1804,4.8275,4.8813,5.3659,-0.4845999999999995,-9.0311,87938.06,73431.469
600295.SH,20181010,5.4437,5.4437,5.2702,5.3659,5.4257,-0.059800000000000075,-1.1022,63465.71,56840.26
600295.SH,20181009,5.336,5.4736,5.2821,5.4257,5.3539,0.07179999999999964,1.3411,87782.55,79086.607
600295.SH,20181008,5.2044,5.5693,5.1924,5.3539,5.3121,0.04180000000000028,0.7869,114139.09,102082.735
600295.SH,20180928,5.1386,5.3659,5.1266,5.3121,5.1266,0.18550000000000022,3.6184,101714.18,89750.612
600295.SH,20180927,5.1745,5.2163,5.1266,5.1266,5.1804,-0.05379999999999985,-1.0385,49736.89,43047.784
600295.SH,20180926,5.1804,5.2104,5.1565,5.1804,5.1804,0.0,0.0,46912.06,40605.651
600295.SH,20180925,5.2463,5.2522,5.1565,5.1804,5.2582,-0.07780000000000076,-1.4796,52434.26,45580.463
600295.SH,20180921,5.1326,5.2582,5.0967,5.2582,5.1326,0.12560000000000038,2.4471,72798.07,63322.28
600295.SH,20180920,5.1864,5.2582,5.1027,5.1326,5.2044,-0.07179999999999964,-1.3796,51322.0,44345.638
600295.SH,20180919,5.1864,5.2582,5.1446,5.2044,5.2163,-0.011900000000000688,-0.2281,59558.47,51851.184
600295.SH,20180918,5.0847,5.2463,5.0608,5.2163,5.1027,0.11360000000000081,2.2263,47413.72,40861.301
600295.SH,20180917,5.0608,5.1505,5.0369,5.1027,5.1146,-0.011900000000000688,-0.2327,33469.32,28577.278
600295.SH,20180914,5.0369,5.1804,5.013,5.1146,5.0249,0.08970000000000056,1.7851,55054.06,47153.385
600295.SH,20180913,4.9771,5.0369,4.9352,5.0249,4.9352,0.08969999999999967,1.8176,33935.99,28290.361
600295.SH,20180912,4.9232,4.9711,4.9113,4.9352,4.9292,0.006000000000000227,0.1217,21449.05,17719.855
600295.SH,20180911,4.9651,5.001,4.8873,4.9292,4.9651,-0.03589999999999982,-0.723,26689.48,21998.506
600295.SH,20180910,5.0548,5.0907,4.9651,4.9651,5.0608,-0.09570000000000078,-1.891,27001.95,22536.672
600295.SH,20180907,5.0429,5.1206,5.013,5.0608,5.0249,0.03590000000000071,0.7144,29087.54,24647.163
600295.SH,20180906,5.0967,5.1505,4.995,5.0249,5.0967,-0.07180000000000053,-1.4088,38853.4,32879.898
600295.SH,20180905,5.2403,5.2463,5.0907,5.0967,5.2522,-0.15549999999999997,-2.9607,37902.64,32770.665
600295.SH,20180904,5.2104,5.2642,5.1745,5.2522,5.2163,0.03589999999999982,0.6882,37118.73,32415.216
600295.SH,20180903,5.1745,5.2403,5.0907,5.2163,5.1745,0.04180000000000028,0.8078,33528.93,28836.152
600295.SH,20180831,5.2762,5.2821,5.1206,5.1745,5.2821,-0.1075999999999997,-2.0371,46634.05,40503.74
600295.SH,20180830,5.4317,5.4736,5.2463,5.2821,5.5035,-0.22140000000000004,-4.0229,88188.51,78554.597
600295.SH,20180829,5.4676,5.5035,5.4317,5.5035,5.4676,0.03589999999999982,0.6566,52012.64,47548.372
600295.SH,20180828,5.4137,5.4975,5.3779,5.4676,5.4197,0.047900000000000276,0.8838,69870.03,63596.987
600295.SH,20180827,5.2881,5.4496,5.2881,5.4197,5.2881,0.13159999999999972,2.4886,66119.58,59403.94
600295.SH,20180824,5.3121,5.336,5.2522,5.2881,5.324,-0.03589999999999982,-0.6743,46233.71,40878.285
600295.SH,20180823,5.336,5.4257,5.1864,5.324,5.33,-0.006000000000000227,-0.1126,71164.72,63131.357
600295.SH,20180822,5.4556,5.4915,5.3121,5.33,5.4616,-0.13159999999999972,-2.4096,64629.97,58259.771
600295.SH,20180821,5.4018,5.5274,5.3898,5.4616,5.4496,0.011999999999999567,0.2202,71660.26,65498.951
600295.SH,20180820,5.4437,5.5214,5.2642,5.4496,5.5154,-0.06579999999999941,-1.193,93481.51,84209.067
600295.SH,20180817,5.659,5.7009,5.4616,5.5154,5.4975,0.017900000000000027,0.3256,95949.91,89649.852
600295.SH,20180816,5.5992,5.6949,5.4855,5.4975,5.7129,-0.2154000000000007,-3.7704,89265.4,83486.381
600295.SH,20180815,5.8564,5.8923,5.7009,5.7129,5.8504,-0.1374999999999993,-2.3503,81859.73,79342.915
600295.SH,20180814,5.9162,6.0239,5.7966,5.8504,5.9282,-0.07780000000000076,-1.3124,128037.0,126571.469
600295.SH,20180813,5.8265,5.9402,5.7727,5.9282,5.9581,-0.029899999999999594,-0.5018,93723.7,91903.442
600295.SH,20180810,6.0538,6.0897,5.9103,5.9581,6.0778,-0.11969999999999992,-1.9695,123051.85,123025.601
600295.SH,20180809,6.0478,6.1495,5.9342,6.0778,6.1436,-0.0658000000000003,-1.071,183233.58,184960.908
600295.SH,20180808,6.0,6.2752,5.9282,6.1436,6.1196,0.02400000000000002,0.3922,230531.96,235675.812
600295.SH,20180807,5.8923,6.1854,5.8145,6.1196,6.0658,0.05379999999999985,0.8869,252601.74,254162.871
600295.SH,20180806,5.9162,6.2153,5.7069,6.0658,5.8684,0.19740000000000002,3.3638,316227.29,313008.128
600295.SH,20180803,5.336,5.8684,5.318,5.8684,5.336,0.5324,9.9775,216798.71,206220.034
600295.SH,20180802,5.5334,5.5334,5.0847,5.336,5.5035,-0.16749999999999954,-3.0435,97460.29,86081.657
600295.SH,20180801,5.7487,5.7607,5.4915,5.5035,5.7428,-0.23930000000000007,-4.167,96309.94,90454.624
600295.SH,20180731,5.6231,5.8265,5.6112,5.7428,5.6291,0.11369999999999969,2.0199,97383.72,93102.057
600295.SH,20180730,5.5812,5.7487,5.5693,5.6291,5.6171,0.012000000000000455,0.2136,82633.82,78133.075
600295.SH,20180727,5.647,5.7188,5.5693,5.6171,5.6351,-0.018000000000000682,-0.3194,62360.87,58586.58
600295.SH,20180726,5.647,5.7428,5.5753,5.6351,5.6411,-0.005999999999999339,-0.1064,77015.31,72780.659
600295.SH,20180725,5.6171,5.7727,5.5154,5.6411,5.6411,0.0,0.0,104390.76,98092.1
600295.SH,20180724,5.5095,5.8026,5.5035,5.6411,5.5334,0.10769999999999946,1.9464,136313.79,128533.309
600295.SH,20180723,5.324,5.5394,5.3121,5.5334,5.3121,0.22130000000000027,4.166,104244.03,95499.156
600295.SH,20180720,5.2343,5.3121,5.1505,5.3121,5.2702,0.04190000000000005,0.795,53420.37,46803.752
600295.SH,20180719,5.2642,5.33,5.1804,5.2702,5.2582,0.011999999999999567,0.2282,53921.0,47461.49
600295.SH,20180718,5.2762,5.342,5.2582,5.2582,5.2762,-0.017999999999999794,-0.3412,41535.39,36795.703
600295.SH,20180717,5.3479,5.3539,5.1924,5.2762,5.342,-0.06579999999999941,-1.2317,43307.12,38062.139
600295.SH,20180716,5.3599,5.3659,5.2762,5.342,5.3539,-0.011900000000000688,-0.2223,41043.11,36520.542
600295.SH,20180713,5.3719,5.4197,5.2941,5.3539,5.3719,-0.017999999999999794,-0.3351,62917.29,56185.532
600295.SH,20180712,5.2223,5.3898,5.2163,5.3719,5.2223,0.1496000000000004,2.8646,75393.89,67394.03
600295.SH,20180711,5.2044,5.324,5.1326,5.2223,5.324,-0.10170000000000012,-1.9102,67464.63,58740.274
600295.SH,20180710,5.1446,5.4377,5.1326,5.324,5.1206,0.20340000000000025,3.9722,89589.16,79279.679
600295.SH,20180709,5.0249,5.1745,5.007,5.1206,4.995,0.1255999999999995,2.5145,46456.15,39599.467
600295.SH,20180706,5.007,5.1266,4.8813,4.995,4.9531,0.04190000000000005,0.8459,49408.08,41279.495
600295.SH,20180705,5.1305,5.231,4.9,4.9532,5.2014,-0.24819999999999975,-4.7718,58427.68,50233.168
600295.SH,20180704,5.2901,5.3787,5.1896,5.2014,5.3373,-0.13590000000000035,-2.5462,55541.59,49795.225
600295.SH,20180703,5.1009,5.3433,5.1009,5.3373,5.2191,0.11819999999999986,2.2648,62019.52,54952.902
600295.SH,20180702,5.3373,5.4142,5.1305,5.2191,5.3137,-0.0945999999999998,-1.7803,81333.8,72962.537
600295.SH,20180629,5.1423,5.3433,5.1009,5.3137,5.1127,0.20099999999999962,3.9314,70752.81,62812.404
600295.SH,20180628,5.2605,5.3551,5.1068,5.1127,5.3078,-0.19510000000000005,-3.6757,52441.18,46436.297
600295.SH,20180627,5.3373,5.4319,5.2664,5.3078,5.3551,-0.0472999999999999,-0.8833,53222.28,48081.678
600295.SH,20180626,5.231,5.5206,5.0418,5.3551,5.2487,0.10639999999999983,2.0272,91315.9,81737.348
600295.SH,20180625,5.3492,5.426,5.231,5.2487,5.3314,-0.0827,-1.5512,63265.38,56473.123
600295.SH,20180622,5.0714,5.3728,5.0241,5.3314,5.2487,0.0827,1.5756,108340.83,95987.695
600295.SH,20180621,5.0359,5.5442,5.0123,5.2487,5.0418,0.20690000000000008,4.1037,173798.41,157541.113
600295.SH,20180620,4.9886,5.0891,4.8468,5.0418,5.03,0.011800000000000033,0.2346,70456.39,59405.103
600295.SH,20180619,5.4556,5.4674,5.03,5.03,5.5856,-0.5556000000000001,-9.947,88588.98,77341.222
600295.SH,20180615,5.7393,5.7688,5.562,5.5856,5.7866,-0.20099999999999962,-3.4735,62452.95,59719.191
600295.SH,20180614,5.6211,5.8161,5.5856,5.7866,5.6624,0.12420000000000009,2.1934,53514.78,51791.691
600295.SH,20180613,5.757,5.757,5.6447,5.6624,5.7334,-0.07099999999999973,-1.2384,39921.2,38578.405
600295.SH,20180612,5.7629,5.8161,5.5679,5.7334,5.7807,-0.047300000000000786,-0.8182,52293.99,50424.737
600295.SH,20180611,5.8338,5.8575,5.757,5.7807,5.7807,0.0,0.0,38612.97,37917.872
600295.SH,20180608,5.9816,5.9816,5.7334,5.7807,5.9993,-0.21859999999999946,-3.6438,75626.02,74497.948
600295.SH,20180607,6.0703,6.1708,5.9698,5.9993,6.0703,-0.07099999999999973,-1.1696,72326.74,74079.305
600295.SH,20180606,6.0525,6.1353,6.0053,6.0703,6.0585,0.011799999999999145,0.1948,48796.7,50060.75
600295.SH,20180605,5.9225,6.0585,5.9166,6.0585,5.9639,0.09460000000000068,1.5862,49415.43,50080.077
600295.SH,20180604,6.0053,6.0466,5.9225,5.9639,5.9875,-0.023600000000000065,-0.3942,47715.47,48208.872
600295.SH,20180601,6.0053,6.1294,5.9166,5.9875,6.0112,-0.023699999999999832,-0.3943,46529.93,47424.172
600295.SH,20180531,6.0171,6.0525,5.9343,6.0112,5.9402,0.07099999999999973,1.1952,29849.33,30280.587
600295.SH,20180530,6.153,6.1589,5.9107,5.9402,6.2535,-0.3132999999999999,-5.01,66623.56,68201.014
600295.SH,20180529,6.1648,6.3363,6.1412,6.2535,6.1826,0.07089999999999996,1.1468,49457.36,52170.161
600295.SH,20180528,6.2535,6.3126,6.1589,6.1826,6.2417,-0.05909999999999993,-0.9469,34538.0,36387.357
600295.SH,20180525,6.3954,6.4545,6.2358,6.2417,6.4131,-0.17140000000000022,-2.6727,60468.0,64633.011
600295.SH,20180524,6.4013,6.5195,6.3895,6.4131,6.4899,-0.07679999999999954,-1.1834,43284.3,47090.12
600295.SH,20180523,6.6495,6.7441,6.4781,6.4899,6.6909,-0.2010000000000005,-3.0041,64598.58,72032.984
600295.SH,20180522,6.7204,6.7559,6.62,6.6909,6.7559,-0.0649999999999995,-0.9621,60952.38,68761.374
600295.SH,20180521,6.7736,6.8209,6.6732,6.7559,6.7382,0.017699999999999605,0.2627,82672.29,94148.721
600295.SH,20180518,6.6495,6.8091,6.6377,6.7382,6.6909,0.0472999999999999,0.7069,68566.98,77908.948
600295.SH,20180517,6.7204,6.7441,6.6141,6.6909,6.7855,-0.0945999999999998,-1.3941,90512.71,102223.887
600295.SH,20180516,6.6081,7.0042,6.5786,6.7855,6.6377,0.14780000000000015,2.2267,151336.37,174376.3
600295.SH,20180515,6.5845,6.6732,6.5077,6.6377,6.6141,0.023600000000000065,0.3568,61155.6,68178.247
600295.SH,20180514,6.5136,6.7086,6.484,6.6141,6.4663,0.14779999999999927,2.2857,112750.01,126115.881
600295.SH,20180511,6.4426,6.5372,6.419,6.4663,6.4486,0.017700000000000493,0.2745,69722.5,76467.081
600295.SH,20180510,6.4663,6.5313,6.4131,6.4486,6.4722,-0.023600000000000065,-0.3646,68551.26,75022.353
600295.SH,20180509,6.3481,6.4958,6.3244,6.4722,6.3954,0.07679999999999954,1.2009,80043.17,86748.747
600295.SH,20180508,6.2535,6.4131,6.2535,6.3954,6.2949,0.10050000000000026,1.5965,66550.86,71519.718
600295.SH,20180507,6.2062,6.3126,6.2062,6.2949,6.1767,0.11819999999999986,1.9136,51355.65,54507.349
600295.SH,20180504,6.2062,6.2535,6.1471,6.1767,6.2594,-0.0827,-1.3212,41106.01,43157.782
600295.SH,20180503,6.1648,6.2653,6.0939,6.2594,6.1353,0.12410000000000032,2.0227,51106.78,53448.528
600295.SH,20180502,6.2594,6.2653,6.088,6.1353,6.2121,-0.07680000000000042,-1.2363,39030.21,40652.348
600295.SH,20180427,6.2594,6.3658,6.1944,6.2121,6.2003,0.011800000000000033,0.1903,43497.2,45966.689
600295.SH,20180426,6.2949,6.3481,6.1885,6.2003,6.3303,-0.1299999999999999,-2.0536,47771.79,50567.242
600295.SH,20180425,6.2712,6.4249,6.2535,6.3303,6.3776,-0.0472999999999999,-0.7417,46511.13,49734.038
600295.SH,20180424,6.2299,6.4367,6.224,6.3776,6.1412,0.23639999999999972,3.8494,71404.23,76295.978
600295.SH,20180423,6.2653,6.2831,6.0762,6.1412,6.2949,-0.15369999999999973,-2.4417,57110.0,59720.77
600295.SH,20180420,6.5018,6.555,6.2712,6.2949,6.5904,-0.29549999999999965,-4.4838,84898.0,91758.731
600295.SH,20180419,6.5431,6.6377,6.4426,6.5904,6.5313,0.05909999999999993,0.9049,89613.17,99431.63
600295.SH,20180418,6.555,6.7145,6.2771,6.5313,6.6436,-0.11230000000000029,-1.6903,116791.0,127447.79
600295.SH,20180417,6.5254,6.88,6.4958,6.6436,6.5609,0.0827,1.2605,120448.66,136714.424
600295.SH,20180416,6.6495,6.7559,6.4604,6.5609,6.8682,-0.3072999999999997,-4.4742,124565.0,139331.202
600295.SH,20180413,6.4722,7.0692,6.4249,6.8682,6.4249,0.4432999999999998,6.8997,183353.59,213605.085
600295.SH,20180412,6.549,6.5727,6.4013,6.4249,6.5786,-0.15369999999999973,-2.3364,53243.4,58160.505
600295.SH,20180411,6.6791,6.7027,6.5609,6.5786,6.5963,-0.017700000000000493,-0.2683,56283.0,62937.626
600295.SH,20180410,6.4367,6.62,6.419,6.5963,6.4249,0.17140000000000022,2.6677,74112.95,82231.09
600295.SH,20180409,6.3422,6.4958,6.3067,6.4249,6.4072,0.017700000000000493,0.2763,46289.0,50196.91
600295.SH,20180404,6.4249,6.5136,6.3954,6.4072,6.4249,-0.017700000000000493,-0.2755,45954.0,50175.027
600295.SH,20180403,6.4131,6.4722,6.2653,6.4249,6.555,-0.13009999999999966,-1.9847,65229.01,70246.626
600295.SH,20180402,6.5845,6.7086,6.5313,6.555,6.555,0.0,0.0,66260.36,74052.82
600295.SH,20180330,6.5195,6.5668,6.4663,6.555,6.5254,0.029599999999999405,0.4536,63393.13,69943.061
600295.SH,20180329,6.3658,6.5668,6.2712,6.5254,6.3008,0.22460000000000058,3.5646,85337.11,93215.505
600295.SH,20180328,6.4249,6.484,6.2949,6.3008,6.5254,-0.22460000000000058,-3.4419,63141.98,68015.979
600295.SH,20180327,6.5136,6.5963,6.4367,6.5254,6.4308,0.09460000000000068,1.471,63431.49,70030.915
600295.SH,20180326,6.2062,6.4367,6.0289,6.4308,6.4131,0.017699999999999605,0.276,69677.6,73834.548
600295.SH,20180323,6.7973,6.9037,6.4131,6.4131,7.1283,-0.7152000000000003,-10.0332,128953.55,144304.69
600295.SH,20180322,7.1815,7.3233,7.1165,7.1283,7.2406,-0.1122999999999994,-1.551,61252.0,74624.812
600295.SH,20180321,7.5007,7.542,7.1933,7.2406,7.4534,-0.21280000000000054,-2.8551,77078.96,96420.921
600295.SH,20180320,7.4061,7.5125,7.3647,7.4534,7.5125,-0.05909999999999993,-0.7867,56728.45,71334.788
600295.SH,20180319,7.6543,7.6602,7.4179,7.5125,7.6543,-0.14179999999999993,-1.8526,73598.92,93191.222
600295.SH,20180316,7.8494,7.873,7.6248,7.6543,7.8139,-0.1596000000000002,-2.0425,98429.45,128378.244
600295.SH,20180315,7.5184,7.8612,7.4947,7.8139,7.613,0.20089999999999986,2.6389,144595.88,189278.727
600295.SH,20180314,7.4711,7.7016,7.4297,7.613,7.5066,0.10640000000000072,1.4174,112399.38,145036.93
600295.SH,20180313,7.5598,7.6011,7.4534,7.5066,7.6189,-0.11230000000000029,-1.474,75098.03,95575.341
600295.SH,20180312,7.3824,7.7075,7.3647,7.6189,7.3824,0.23650000000000038,3.2036,132654.02,169145.359
600295.SH,20180309,7.4297,7.4297,7.2938,7.3824,7.3943,-0.011900000000000688,-0.1609,68127.52,84685.166
600295.SH,20180308,7.4061,7.477,7.3293,7.3943,7.3943,0.0,0.0,55789.77,69807.075
600295.SH,20180307,7.5066,7.5302,7.3352,7.3943,7.542,-0.1476999999999995,-1.9584,94534.38,118988.532
600295.SH,20180306,7.2169,7.5539,6.9923,7.542,7.1638,0.37819999999999965,5.2793,153524.65,189453.19
600295.SH,20180305,7.2997,7.3529,7.0633,7.1638,7.3056,-0.14179999999999993,-1.941,83273.99,101352.589
600295.SH,20180302,7.2761,7.4061,7.211,7.3056,7.3824,-0.07679999999999954,-1.0403,62583.92,77277.917
600295.SH,20180301,7.2997,7.4416,7.2465,7.3824,7.4002,-0.01780000000000026,-0.2405,73828.75,91942.658
600295.SH,20180228,7.2465,7.412,7.1283,7.4002,7.2465,0.15369999999999973,2.121,68536.41,84784.925
600295.SH,20180227,7.4238,7.4238,7.2229,7.2465,7.4356,-0.18909999999999982,-2.5432,69734.45,86362.424
600295.SH,20180226,7.4179,7.477,7.2701,7.4356,7.3352,0.1003999999999996,1.3687,87553.2,109593.608
600295.SH,20180223,7.2347,7.347,7.1519,7.3352,7.2406,0.09460000000000068,1.3065,60350.17,74037.858
600295.SH,20180222,7.0987,7.3293,7.0987,7.2406,7.081,0.1595999999999993,2.2539,63679.18,77957.642
600295.SH,20180214,7.1578,7.1578,6.9746,7.081,7.1578,-0.07679999999999954,-1.073,62979.48,75260.318
600295.SH,20180213,6.8505,7.3884,6.815,7.1578,6.7736,0.3841999999999999,5.672,101171.93,122030.178
600295.SH,20180212,6.7323,6.8505,6.7086,6.7736,6.6436,0.1299999999999999,1.9568,50309.66,57828.443
600295.SH,20180209,7.0514,7.0514,6.5668,6.6436,7.1933,-0.5496999999999996,-7.6418,80310.72,92180.862
600295.SH,20180208,7.0574,7.2642,7.0574,7.1933,7.1519,0.04139999999999944,0.5789,48536.37,59100.163
600295.SH,20180207,7.2701,7.3056,6.9214,7.1519,7.0042,0.1477000000000004,2.1087,78657.0,95443.236
600295.SH,20180206,7.2997,7.5598,6.9805,7.0042,7.6011,-0.5968999999999998,-7.8528,89085.97,109617.154
600295.SH,20180205,7.2288,7.7607,7.2229,7.6011,7.6071,-0.006000000000000227,-0.0789,77138.5,98684.728
600295.SH,20180202,7.5657,7.7194,6.951,7.6071,7.5302,0.07690000000000019,1.0212,89610.23,111769.157
600295.SH,20180201,7.8021,7.9794,7.4534,7.5302,7.7844,-0.2542,-3.2655,94154.0,123325.747
600295.SH,20180131,8.1095,8.1095,7.6957,7.7844,8.1922,-0.40779999999999994,-4.9779,106011.08,141135.348
600295.SH,20180130,8.2159,8.3695,8.1686,8.1922,8.2513,-0.05910000000000082,-0.7163,80115.15,111981.613
600295.SH,20180129,8.1567,8.3459,8.1331,8.2513,8.1922,0.05910000000000082,0.7214,85939.72,120015.402
600295.SH,20180126,8.2159,8.3163,8.1272,8.1922,8.3636,-0.17140000000000022,-2.0494,108228.71,150203.275
600295.SH,20180125,8.3577,8.4937,8.3222,8.3636,8.3222,0.04139999999999944,0.4975,99914.0,142334.52
600295.SH,20180124,8.4759,8.4759,8.2809,8.3222,8.4405,-0.11829999999999963,-1.4016,96432.01,136213.569
600295.SH,20180123,8.3991,8.5528,8.3518,8.4405,8.5173,-0.07680000000000042,-0.9017,88637.0,126750.321
600295.SH,20180122,8.3045,8.606,8.3045,8.5173,8.3695,0.14780000000000015,1.7659,86673.1,124509.283
600295.SH,20180119,8.4818,8.5764,8.3518,8.3695,8.4937,-0.12420000000000009,-1.4623,89608.61,128128.291
600295.SH,20180118,8.34,8.5705,8.3341,8.4937,8.3695,0.12420000000000009,1.484,94711.87,135405.849
600295.SH,20180117,8.3163,8.4937,8.1095,8.3695,8.34,0.029500000000000526,0.3537,106611.35,149937.415
600295.SH,20180116,8.2454,8.3518,8.1627,8.34,8.2336,0.10640000000000072,1.2923,104484.13,146482.609
600295.SH,20180115,8.7005,8.8187,8.0858,8.2336,8.8247,-0.5911000000000008,-6.6982,175051.09,248988.799
600295.SH,20180112,9.0729,9.1557,8.7892,8.8247,9.1025,-0.27779999999999916,-3.0519,136110.0,205677.546
600295.SH,20180111,9.0788,9.2029,8.9606,9.1025,9.0965,0.005999999999998451,0.066,136659.61,209525.652
600295.SH,20180110,9.1616,9.3034,8.9606,9.0965,9.2207,-0.12420000000000009,-1.347,166547.27,256277.861
600295.SH,20180109,9.3921,9.3921,9.1616,9.2207,9.4098,-0.18909999999999982,-2.0096,200135.74,313598.556
600295.SH,20180108,9.0729,9.5694,9.0493,9.4098,9.2384,0.17140000000000022,1.8553,316696.94,501132.21
600295.SH,20180105,8.9724,9.4275,8.9074,9.2384,9.0493,0.18909999999999982,2.0897,384742.89,600872.326
600295.SH,20180104,8.671,9.1202,8.4759,9.0493,8.6887,0.3605999999999998,4.1502,359847.21,535524.345
600295.SH,20180103,8.6769,8.8483,8.5941,8.6887,8.6769,0.01180000000000092,0.136,221310.42,325566.276
600295.SH,20180102,8.4996,8.7301,8.3045,8.6769,8.5528,0.12410000000000032,1.451,222229.17,321852.061
600295.SH,20171229,8.6651,8.6651,8.4523,8.5528,8.6473,-0.09450000000000003,-1.0928,166743.16,241151.136
600295.SH,20171228,8.4109,8.736,8.2868,8.6473,8.405,0.24230000000000018,2.8828,242476.9,350921.641
600295.SH,20171227,8.2927,8.6237,8.2868,8.405,8.3577,0.0472999999999999,0.5659,172381.41,247488.695
600295.SH,20171226,8.2631,8.4405,8.1213,8.3577,8.3045,0.05319999999999858,0.6406,142071.45,199254.868
600295.SH,20171225,8.4227,8.4523,8.204,8.3045,8.6178,-0.3132999999999999,-3.6355,163759.16,230543.223
600295.SH,20171222,8.6296,8.8069,8.4405,8.6178,8.7301,-0.1122999999999994,-1.2864,237473.67,346700.625
600295.SH,20171221,8.1686,8.7951,8.1508,8.7301,8.1567,0.5733999999999995,7.0298,313116.08,449510.143
600295.SH,20171220,8.4937,8.5409,8.0976,8.1567,8.5114,-0.35469999999999935,-4.1674,189524.82,266274.256
600295.SH,20171219,8.5823,8.6237,8.3991,8.5114,8.6769,-0.16549999999999976,-1.9074,171781.62,247647.944
600295.SH,20171218,8.5882,8.7064,8.2809,8.6769,8.5232,0.15370000000000061,1.8033,264240.61,381205.93
600295.SH,20171215,9.067,9.1616,8.5114,8.5232,9.2443,-0.7211000000000016,-7.8005,328009.26,489794.043
600295.SH,20171214,9.5871,9.7231,9.1675,9.2443,9.5871,-0.34279999999999866,-3.5756,298422.43,471584.904
600295.SH,20171213,9.4571,9.8058,9.3448,9.5871,9.6521,-0.06500000000000128,-0.6734,239089.71,388534.417
600295.SH,20171212,10.0541,10.2432,9.6226,9.6521,10.0363,-0.3841999999999999,-3.8281,357130.32,600614.861
600295.SH,20171211,9.924,10.2078,9.7526,10.0363,9.93,0.10630000000000095,1.0705,394805.12,666526.217
600295.SH,20171208,9.1025,10.0482,9.0374,9.93,9.2975,0.6325000000000003,6.8029,393375.48,634656.452
600295.SH,20171207,9.463,9.9004,9.268,9.2975,9.8649,-0.567400000000001,-5.7517,373628.46,607031.387
600295.SH,20171206,9.2561,9.9122,8.8778,9.8649,9.7408,0.12410000000000032,1.274,462670.65,726940.434
600295.SH,20171205,10.1959,10.4501,9.3862,9.7408,9.7408,0.0,0.0,621363.65,1056195.256
600295.SH,20171204,10.1073,10.3437,9.599,9.7408,9.4157,0.32510000000000083,3.4527,492042.56,819026.401
600295.SH,20171201,9.0256,9.4453,8.8247,9.4157,9.1379,0.27779999999999916,3.0401,273568.44,422760.212
600295.SH,20171130,9.3803,9.5694,8.8956,9.1379,9.5103,-0.37240000000000073,-3.9158,357385.47,557026.094
600295.SH,20171129,9.2739,9.6699,9.1261,9.5103,9.3389,0.17140000000000022,1.8353,445631.81,713465.392
600295.SH,20171128,8.9251,9.5812,8.6887,9.3389,9.0197,0.3192000000000004,3.5389,401605.16,620213.386
600295.SH,20171127,8.9783,9.333,8.7537,9.0197,9.1025,-0.08279999999999887,-0.9096,374161.46,575005.971
600295.SH,20171124,8.2809,9.3743,8.1567,9.1025,8.5291,0.5733999999999995,6.7229,444684.97,652380.218
600295.SH,20171123,7.8612,8.6473,7.808,8.5291,7.8612,0.6678999999999995,8.4962,390801.83,558254.851
600295.SH,20171122,8.0385,8.0385,7.7489,7.8612,7.9262,-0.0649999999999995,-0.8201,118334.86,157333.883
600295.SH,20171121,8.1627,8.2099,7.8376,7.9262,8.2454,-0.3192000000000004,-3.8712,161004.0,217998.469
600295.SH,20171120,8.405,8.4109,7.6248,8.2454,8.47,-0.22460000000000058,-2.6517,181560.55,245789.445
600295.SH,20171117,8.8365,8.9842,8.2631,8.47,8.931,-0.4609999999999985,-5.1618,224818.13,329447.942
600295.SH,20171116,8.5291,9.0493,8.5291,8.931,8.6178,0.31319999999999837,3.6343,300005.25,449592.101
600295.SH,20171115,8.8424,9.0729,8.4877,8.6178,8.931,-0.31319999999999837,-3.5069,318021.49,471217.533
600295.SH,20171114,8.139,8.931,8.0681,8.931,8.1213,0.8096999999999994,9.9701,394993.24,574842.688
600295.SH,20171113,7.8671,8.1508,7.8317,8.1213,7.8671,0.2542,3.2312,177180.4,240651.615
600295.SH,20171110,7.7607,7.8967,7.7134,7.8671,7.7785,0.08859999999999957,1.139,105427.67,139351.006
600295.SH,20171109,7.8671,8.0267,7.7016,7.7785,7.8494,-0.07089999999999996,-0.9033,117925.39,156994.62
600295.SH,20171108,7.6839,7.9381,7.6721,7.8494,7.7312,0.11819999999999986,1.5289,132340.5,174639.674
600295.SH,20171107,7.7075,7.9026,7.5834,7.7312,7.7075,0.02370000000000072,0.3075,125297.08,163978.095
600295.SH,20171106,7.3706,7.7253,7.3706,7.7075,7.4356,0.2718999999999996,3.6567,110624.52,141389.149
600295.SH,20171103,7.8849,7.9085,7.3233,7.4356,7.8435,-0.4078999999999997,-5.2005,140573.69,179917.926
600295.SH,20171102,7.9972,8.1095,7.8021,7.8435,7.9794,-0.13590000000000035,-1.7031,82492.24,110874.629
600295.SH,20171101,8.0208,8.2218,7.9499,7.9794,7.944,0.0354000000000001,0.4456,102906.01,140671.943
600295.SH,20171031,7.7726,7.9499,7.7726,7.944,7.7548,0.1891999999999996,2.4398,83067.67,110996.489
600295.SH,20171030,8.0976,8.1331,7.6898,7.7548,8.1863,-0.4314999999999989,-5.271,136948.61,182260.691
600295.SH,20171027,8.3932,8.3932,8.1804,8.1863,8.405,-0.21870000000000012,-2.602,110868.21,154979.718
600295.SH,20171026,8.2631,8.6532,8.204,8.405,8.2159,0.18909999999999982,2.3016,243702.09,348139.562
600295.SH,20171025,8.269,8.275,8.1272,8.2159,8.269,-0.05310000000000059,-0.6422,83016.8,114903.865
600295.SH,20171024,8.2454,8.4759,8.1922,8.269,8.3104,-0.04139999999999944,-0.4982,113202.99,159225.742
600295.SH,20171023,8.34,8.3695,8.1449,8.3104,8.3814,-0.07099999999999973,-0.8471,137265.64,191566.866
600295.SH,20171020,7.9203,8.5055,7.8671,8.3814,7.9203,0.4610999999999992,5.8217,209120.44,290486.123
600295.SH,20171019,7.7548,8.0563,7.7489,7.9203,7.8139,0.10639999999999983,1.3617,139322.47,186798.561
600295.SH,20171018,8.1331,8.1745,7.7666,7.8139,8.0858,-0.2719000000000005,-3.3627,127322.01,171225.128
600295.SH,20171017,8.3104,8.3222,8.0799,8.0858,8.2986,-0.21279999999999966,-2.5643,94169.22,130124.303
600295.SH,20171016,8.3991,8.4345,8.1567,8.2986,8.3577,-0.05909999999999904,-0.7071,101741.38,143049.126
600295.SH,20171013,8.3577,8.4345,8.2572,8.3577,8.3577,0.0,0.0,91450.56,128939.642
600295.SH,20171012,8.6,8.6,8.1095,8.3577,8.5114,-0.15370000000000061,-1.8058,150972.6,213042.58
600295.SH,20171011,8.606,8.6178,8.4168,8.5114,8.6473,-0.13589999999999947,-1.5716,113617.19,163604.408
600295.SH,20171010,8.7478,8.8187,8.5823,8.6473,8.7537,-0.10640000000000072,-1.2155,95548.24,140134.616
600295.SH,20171009,8.8365,8.9192,8.6887,8.7537,8.6887,0.0649999999999995,0.7481,81497.92,120873.834
600295.SH,20170929,8.6651,8.8424,8.4464,8.6887,8.7064,-0.017699999999999605,-0.2033,125378.69,183316.565
600295.SH,20170928,8.866,8.866,8.6887,8.7064,8.9547,-0.2483000000000004,-2.7728,120584.91,178755.557
600295.SH,20170927,8.7596,9.0374,8.7064,8.9547,8.7124,0.24230000000000018,2.7811,162163.23,244588.695
600295.SH,20170926,8.6769,8.8601,8.6414,8.7124,8.5882,0.12420000000000009,1.4462,129715.47,191663.467
600295.SH,20170925,8.866,9.0729,8.5587,8.5882,8.9133,-0.32509999999999906,-3.6474,155920.42,231449.504
600295.SH,20170922,9.1202,9.1379,8.8542,8.9133,9.2148,-0.30150000000000077,-3.2719,180641.0,274824.12
600295.SH,20170921,9.5871,9.6108,9.2088,9.2148,9.6935,-0.4786999999999999,-4.9384,224744.83,357148.962
600295.SH,20170920,9.463,9.7408,9.2502,9.6935,9.5753,0.11819999999999986,1.2344,193674.58,311425.419
600295.SH,20170919,9.599,9.7704,9.4689,9.5753,9.5044,0.07089999999999996,0.746,209836.6,342471.64
600295.SH,20170918,9.3566,9.5576,9.1793,9.5044,9.463,0.041400000000001214,0.4375,176444.24,280423.198
600295.SH,20170915,10.0541,10.1073,9.398,9.463,10.261,-0.798,-7.777,345504.74,564492.009
600295.SH,20170914,10.8816,10.9229,10.1723,10.261,11.0471,-0.7861000000000011,-7.1159,410362.1,728423.878
600295.SH,20170913,10.9466,11.2835,10.9229,11.0471,11.1416,-0.09450000000000003,-0.8482,217487.01,407135.774
600295.SH,20170912,11.1653,11.7504,10.8225,11.1416,11.1476,-0.006000000000000227,-0.0538,425389.01,807519.85
600295.SH,20170911,10.8638,11.1889,10.6451,11.1476,11.3544,-0.20679999999999943,-1.8213,275375.99,511935.268
600295.SH,20170908,10.9821,11.5199,10.8225,11.3544,11.0293,0.32510000000000083,2.9476,538755.22,1021470.279
600295.SH,20170907,10.521,11.0648,10.4146,11.0293,10.6392,0.39009999999999856,3.6666,351697.14,638242.604
600295.SH,20170906,10.5742,10.917,10.4678,10.6392,10.7397,-0.10049999999999848,-0.9358,208312.92,377120.213
600295.SH,20170905,10.5979,10.787,10.4028,10.7397,10.5919,0.14779999999999838,1.3954,235556.33,422339.477
600295.SH,20170904,10.6511,10.8166,10.3733,10.5919,10.8106,-0.21870000000000012,-2.023,326646.93,583114.721
600295.SH,20170901,10.5979,11.2007,10.5979,10.8106,10.7574,0.05320000000000036,0.4945,434139.04,803774.161
600295.SH,20170831,10.6511,10.917,10.5151,10.7574,11.0353,-0.2778999999999989,-2.5183,394710.22,712582.585
600295.SH,20170830,10.4028,11.1416,10.4028,11.0353,10.5447,0.4905999999999988,4.6526,437491.78,799312.547
600295.SH,20170829,10.6983,11.0884,10.4501,10.5447,10.9584,-0.4136999999999986,-3.7752,398382.56,720583.699
600295.SH,20170828,10.6511,11.1298,10.4915,10.9584,10.917,0.04139999999999944,0.3792,427276.48,784822.417
600295.SH,20170825,10.8225,11.3367,10.6038,10.917,10.7102,0.20679999999999943,1.9309,521441.03,966426.487
600295.SH,20170824,11.5258,11.6263,10.5388,10.7102,11.3308,-0.6205999999999996,-5.4771,591745.48,1095454.578
600295.SH,20170823,11.5849,11.8391,11.053,11.3308,12.0223,-0.6914999999999996,-5.7518,610383.82,1180080.484
600295.SH,20170822,11.6381,12.3533,11.5613,12.0223,11.2539,0.7683999999999997,6.8279,737448.4,1482151.071
600295.SH,20170821,10.5388,11.2539,10.2432,11.2539,10.2314,1.022499999999999,9.9937,547611.76,999854.596
600295.SH,20170818,9.0197,10.2314,9.0197,10.2314,9.3034,0.9280000000000008,9.9748,634468.8,1057294.241
600295.SH,20170817,9.3389,9.6994,8.535,9.3034,8.8187,0.48470000000000013,5.4963,686924.39,1057622.379
600295.SH,20170816,8.5291,9.2148,8.5232,8.8187,8.4286,0.39010000000000034,4.6283,504807.0,754961.639
600295.SH,20170815,8.074,8.5646,8.0681,8.4286,8.1686,0.2599999999999998,3.1829,329012.31,464227.03
600295.SH,20170814,8.1095,8.2986,7.7548,8.1686,8.405,-0.23639999999999972,-2.8126,338033.6,464052.367
600295.SH,20170811,8.9606,9.1025,8.405,8.405,9.3389,-0.9339000000000013,-10.0001,416736.81,610333.301
600295.SH,20170810,8.7183,9.6521,8.4937,9.3389,8.8365,0.5024000000000015,5.6855,601771.96,928695.271
600295.SH,20170809,8.5291,9.0552,8.4405,8.8365,8.3695,0.46699999999999875,5.5798,484371.62,716989.309
600295.SH,20170808,8.5646,8.6887,8.3577,8.3695,8.5528,-0.18329999999999913,-2.1432,390944.16,562896.011
600295.SH,20170807,8.1272,8.5587,8.1095,8.5528,8.0976,0.4551999999999996,5.6214,400208.41,564700.475
600295.SH,20170804,8.3932,8.7715,8.0385,8.0976,8.4168,-0.3192000000000004,-3.7924,458463.29,659295.269
600295.SH,20170803,8.3282,8.5232,8.0444,8.4168,8.4582,-0.04139999999999944,-0.4895,436298.54,611088.145
600295.SH,20170802,8.3341,8.8069,8.1095,8.4582,8.4345,0.023699999999999832,0.281,594279.37,848894.87
600295.SH,20170801,9.1616,9.1734,8.4345,8.4345,9.3743,-0.9398,-10.0253,368391.56,533342.932
600295.SH,20170731,8.8719,9.6285,8.8128,9.3743,8.9783,0.395999999999999,4.4106,699963.04,1100143.204
600295.SH,20170728,8.8306,9.0906,8.6887,8.9783,8.866,0.11230000000000118,1.2666,497078.3,747879.394
600295.SH,20170727,9.0788,9.3684,8.5705,8.866,9.1261,-0.26009999999999955,-2.8501,541975.8,824185.109
600295.SH,20170726,9.1497,9.3921,8.9724,9.1261,9.3093,-0.18320000000000114,-1.9679,498176.41,772759.605
600295.SH,20170725,9.3862,9.4453,8.9015,9.3093,9.3271,-0.017799999999999372,-0.1908,583059.18,902432.079
600295.SH,20170724,9.5162,9.6817,9.132,9.3271,9.7585,-0.4314,-4.4208,672244.84,1068102.336
600295.SH,20170721,9.3921,9.8117,9.2029,9.7585,9.2975,0.4610000000000003,4.9583,772622.78,1236803.587
600295.SH,20170720,9.1734,9.2975,8.8424,9.2975,8.4523,0.8452000000000002,9.9996,824274.51,1282080.583
600295.SH,20170719,7.8908,8.4523,7.8908,8.4523,7.6839,0.7683999999999989,10.0001,417809.46,577325.408
600295.SH,20170718,6.8564,7.6839,6.7973,7.6839,6.9864,0.6975000000000007,9.9837,481656.83,601445.035
600295.SH,20170717,6.7027,7.2406,6.0525,6.9864,6.6022,0.3841999999999999,5.8193,430877.67,495986.358
600295.SH,20170714,6.5727,6.62,6.3895,6.6022,6.4722,0.1299999999999999,2.0086,139614.16,153436.405
600295.SH,20170713,6.3126,6.5609,6.2712,6.4722,6.3126,0.1596000000000002,2.5283,194101.53,212272.05
600295.SH,20170712,6.2062,6.3481,5.9698,6.3126,6.1648,0.14780000000000015,2.3975,141569.9,147355.567
600295.SH,20170711,6.1771,6.4418,6.1418,6.1653,6.23,-0.0647000000000002,-1.0385,161470.36,172466.042
600295.SH,20170710,6.1653,6.3359,6.13,6.23,6.1536,0.07640000000000047,1.2415,122133.47,129470.333
600295.SH,20170707,6.1536,6.2241,6.0006,6.1536,6.183,-0.02939999999999987,-0.4755,80722.23,83907.324
600295.SH,20170706,6.0477,6.2065,5.9829,6.183,6.0182,0.1647999999999996,2.7384,114135.48,118382.329
600295.SH,20170705,5.9712,6.0418,5.93,6.0182,5.9771,0.041100000000000136,0.6876,59021.99,60106.442
600295.SH,20170704,6.0065,6.0947,5.8241,5.9771,6.0418,-0.0647000000000002,-1.0709,103717.24,105026.023
600295.SH,20170703,6.0006,6.1006,5.9535,6.0418,6.0006,0.0411999999999999,0.6866,65964.64,67589.467
600295.SH,20170630,5.9888,6.0594,5.9241,6.0006,6.0006,0.0,0.0,59734.65,60744.98
600295.SH,20170629,5.8006,6.0594,5.7947,6.0006,5.8065,0.1941000000000006,3.3428,86307.34,87342.11
600295.SH,20170628,5.9006,5.9006,5.7653,5.8065,5.9124,-0.1059000000000001,-1.7912,65479.79,64782.243
600295.SH,20170627,5.6947,6.1241,5.677,5.9124,5.7006,0.2118000000000002,3.7154,111985.94,112212.561
600295.SH,20170626,5.5653,5.7417,5.5476,5.7006,5.6064,0.09419999999999984,1.6802,66136.39,63634.822
600295.SH,20170623,5.4829,5.6241,5.4123,5.6064,5.477,0.12939999999999952,2.3626,51129.74,48026.487
600295.SH,20170622,5.53,5.6359,5.4711,5.477,5.5476,-0.07059999999999977,-1.2726,51371.34,48648.624
600295.SH,20170621,5.5888,5.5888,5.5123,5.5476,5.5594,-0.011800000000000033,-0.2123,26765.94,25205.182
600295.SH,20170620,5.5888,5.6064,5.5417,5.5594,5.6064,-0.04699999999999971,-0.8383,41642.29,39363.388
600295.SH,20170619,5.4829,5.677,5.4476,5.6064,5.4829,0.12349999999999994,2.2525,75226.89,71446.04
600295.SH,20170616,5.4417,5.5064,5.4241,5.4829,5.4594,0.0235000000000003,0.4305,51341.55,47729.333
600295.SH,20170615,5.4005,5.4711,5.3888,5.4594,5.4005,0.05889999999999951,1.0906,44214.32,40919.586
600295.SH,20170614,5.3829,5.4182,5.3299,5.4005,5.3947,0.005799999999999805,0.1075,35015.93,32066.746
600295.SH,20170613,5.2829,5.4123,5.2593,5.3947,5.2946,0.1001000000000003,1.8906,33454.15,30469.903
600295.SH,20170612,5.3711,5.3711,5.2888,5.2946,5.3947,-0.1001000000000003,-1.8555,31904.0,28857.645
600295.SH,20170609,5.4182,5.4594,5.3652,5.3947,5.4123,-0.017599999999999838,-0.3252,30217.67,27728.812
600295.SH,20170608,5.4535,5.4711,5.3829,5.4123,5.4652,-0.05290000000000017,-0.9679,44508.01,40989.62
600295.SH,20170607,5.3947,5.4829,5.3711,5.4652,5.4005,0.0647000000000002,1.198,51798.26,47874.067
600295.SH,20170606,5.3888,5.4064,5.3417,5.4005,5.3888,0.011700000000000266,0.2171,28128.53,25706.046
600295.SH,20170605,5.3417,5.4123,5.3182,5.3888,5.3535,0.03529999999999944,0.6594,37564.3,34368.551
600295.SH,20170602,5.177,5.377,5.1064,5.3535,5.2299,0.1236000000000006,2.3633,51799.58,46383.382
600295.SH,20170601,5.3123,5.3299,5.224,5.2299,5.2946,-0.0647000000000002,-1.222,54506.31,48874.988
600295.SH,20170531,5.3005,5.3711,5.2711,5.2946,5.2593,0.03530000000000033,0.6712,49660.03,44779.625
600295.SH,20170526,5.2888,5.3358,5.2182,5.2593,5.3241,-0.06479999999999997,-1.2171,54519.25,48793.596
600295.SH,20170525,5.1064,5.3299,5.0652,5.3241,5.1064,0.21769999999999978,4.2633,61062.37,54072.904
600295.SH,20170524,5.0064,5.1182,4.9417,5.1064,5.0358,0.07059999999999977,1.402,43213.64,37088.719
600295.SH,20170523,5.1476,5.2417,5.0005,5.0358,5.1358,-0.09999999999999964,-1.9471,49138.06,42766.685
600295.SH,20170522,5.3652,5.3829,5.124,5.1358,5.3476,-0.2118000000000002,-3.9607,59641.04,53242.492
600295.SH,20170519,5.3182,5.4829,5.3005,5.3476,5.3005,0.047099999999999476,0.8886,63864.25,58512.185
600295.SH,20170518,5.2417,5.3594,5.2005,5.3005,5.2946,0.00590000000000046,0.1114,63536.22,57142.491
600295.SH,20170517,5.2182,5.3476,5.1946,5.2946,5.2535,0.041100000000000136,0.7823,71627.0,64453.522
600295.SH,20170516,5.077,5.2652,4.9358,5.2535,5.1182,0.13529999999999998,2.6435,74608.93,64479.899
600295.SH,20170515,5.1711,5.2476,5.1123,5.1182,5.1711,-0.05290000000000017,-1.023,42938.0,37785.066
600295.SH,20170512,5.1123,5.2299,5.0652,5.1711,5.1299,0.0411999999999999,0.8031,56741.81,49625.749
600295.SH,20170511,5.1476,5.2299,4.9181,5.1299,5.1946,-0.0647000000000002,-1.2455,88970.25,76930.889
600295.SH,20170510,5.4594,5.5005,5.177,5.1946,5.4711,-0.2764999999999995,-5.0538,96289.19,87662.55
600295.SH,20170509,5.4005,5.5123,5.3594,5.4711,5.3594,0.11169999999999991,2.0842,74695.03,69148.424
600295.SH,20170508,5.6182,5.677,5.3535,5.3594,5.6653,-0.3059000000000003,-5.3995,111382.0,105013.629
600295.SH,20170505,5.8829,5.9771,5.6476,5.6653,5.9476,-0.2823000000000002,-4.7465,149228.1,146885.521
600295.SH,20170504,5.8829,6.0182,5.8418,5.9476,6.0006,-0.052999999999999936,-0.8832,109258.34,110433.438
600295.SH,20170503,6.0947,6.1947,5.9124,6.0006,6.1477,-0.1471,-2.3928,142519.13,147012.583
600295.SH,20170502,6.3536,6.3712,6.0594,6.1477,6.4771,-0.3293999999999997,-5.0856,186606.71,195448.421
600295.SH,20170428,6.4712,6.5712,6.3536,6.4771,6.583,-0.1059000000000001,-1.6087,160593.44,176210.651
600295.SH,20170427,6.4124,6.6536,6.2065,6.583,6.4477,0.13529999999999998,2.0984,188994.27,207680.696
600295.SH,20170426,6.2065,6.4712,6.1947,6.4477,6.2183,0.22940000000000005,3.6891,156661.18,169492.788
600295.SH,20170425,6.0653,6.3418,6.03,6.2183,6.1477,0.07059999999999977,1.1484,138841.06,146426.489
600295.SH,20170424,6.5065,6.5595,6.1477,6.1477,6.8301,-0.6823999999999995,-9.9911,199263.53,211895.738
600295.SH,20170421,7.0419,7.1478,6.7183,6.8301,7.2242,-0.3940999999999999,-5.4553,204480.89,240300.073
600295.SH,20170420,6.7713,7.3537,6.6536,7.2242,6.7595,0.46469999999999967,6.8748,339888.91,406955.388
600295.SH,20170419,7.0831,7.1654,6.6183,6.7595,7.2007,-0.44120000000000026,-6.1272,248285.07,286931.792
600295.SH,20170418,7.3066,7.3125,7.0007,7.2007,7.2831,-0.0823999999999998,-1.1314,271965.1,331463.72
600295.SH,20170417,7.1184,7.5655,7.0183,7.2831,6.9772,0.3059000000000003,4.3843,494613.87,609586.05
600295.SH,20170414,6.4712,6.9772,6.3948,6.9772,6.3418,0.6353999999999997,10.0192,213586.98,243830.977
600295.SH,20170413,6.3477,6.4595,6.2418,6.3418,6.2006,0.14120000000000044,2.2772,137376.45,147701.37
600295.SH,20170412,5.9947,6.3477,5.9594,6.2006,5.9888,0.21179999999999932,3.5366,124214.89,130447.347
600295.SH,20170411,5.9182,6.0006,5.8418,5.9888,5.9182,0.07060000000000066,1.1929,41296.42,41529.78
600295.SH,20170410,5.9712,6.0359,5.9006,5.9182,6.0065,-0.08830000000000027,-1.4701,38685.58,39174.224
600295.SH,20170407,6.083,6.0947,6.0006,6.0065,6.0712,-0.0647000000000002,-1.0657,39571.45,40615.029
600295.SH,20170406,6.0594,6.1006,6.0124,6.0712,6.0535,0.017700000000000493,0.2924,33268.44,34269.436
600295.SH,20170405,5.9535,6.0888,5.9241,6.0535,5.8947,0.15879999999999939,2.6939,44263.16,45303.725
600295.SH,20170331,5.9535,5.9712,5.8653,5.8947,5.9241,-0.02939999999999987,-0.4963,44732.84,44929.271
600295.SH,20170330,6.0888,6.0888,5.8829,5.9241,6.1124,-0.1882999999999999,-3.0806,57612.95,58568.239
600295.SH,20170329,6.1183,6.1653,6.0418,6.1124,6.0947,0.017700000000000493,0.2904,48217.72,50000.845
600295.SH,20170328,6.1594,6.2006,6.0888,6.0947,6.2065,-0.11180000000000057,-1.8013,48697.85,50731.93
600295.SH,20170327,6.1418,6.23,6.0359,6.2065,6.1536,0.05290000000000017,0.8597,64938.36,67720.303
600295.SH,20170324,6.0771,6.2006,6.0771,6.1536,6.1006,0.052999999999999936,0.8688,55299.27,57842.229
600295.SH,20170323,6.1947,6.2477,6.03,6.1006,6.2418,-0.14119999999999955,-2.2622,96174.09,100489.391
600295.SH,20170322,6.2889,6.3242,6.1653,6.2418,6.4006,-0.15880000000000027,-2.481,115015.55,121477.841
600295.SH,20170321,6.6183,6.6418,6.383,6.4006,6.4712,-0.07059999999999977,-1.091,152662.37,168199.124
600295.SH,20170320,6.4712,6.5771,6.283,6.4712,6.2594,0.21179999999999932,3.3837,193667.9,210792.362
600295.SH,20170317,6.0594,6.3536,6.0418,6.2594,6.083,0.1764000000000001,2.8999,175708.11,186345.373
600295.SH,20170316,6.0712,6.1065,6.0065,6.083,6.0947,-0.011699999999999378,-0.192,65215.54,67043.854
600295.SH,20170315,5.9712,6.1477,5.9006,6.0947,5.9712,0.12349999999999994,2.0683,76287.57,78098.235
600295.SH,20170314,5.9653,6.0477,5.9476,5.9712,5.9653,0.005899999999999572,0.0989,38025.5,38749.621
600295.SH,20170313,5.9182,5.9712,5.8888,5.9653,5.9182,0.047100000000000364,0.7959,49508.93,49853.486
600295.SH,20170310,5.9359,5.9712,5.9065,5.9182,5.9359,-0.017700000000000493,-0.2982,28983.21,29243.728
600295.SH,20170309,6.1241,6.1536,5.8947,5.9359,6.1241,-0.18820000000000014,-3.0731,78252.85,79497.872
600295.SH,20170308,6.2183,6.2183,6.1006,6.1241,6.23,-0.1059000000000001,-1.6998,42562.32,44452.97
600295.SH,20170307,6.3183,6.33,6.2006,6.23,6.33,-0.09999999999999964,-1.5798,55889.33,59352.418
600295.SH,20170306,6.2536,6.3359,6.2065,6.33,6.283,0.04699999999999971,0.7481,69864.84,74408.211
600295.SH,20170303,6.3065,6.3242,6.2065,6.283,6.2771,0.00590000000000046,0.094,59436.01,63271.576
600295.SH,20170302,6.3418,6.4183,6.2359,6.2771,6.3712,-0.09410000000000007,-1.477,79751.93,85556.101
600295.SH,20170301,6.0477,6.4712,6.0241,6.3712,6.0947,0.2765000000000004,4.5367,173479.25,185550.745
600295.SH,20170228,6.0065,6.1006,6.0065,6.0947,6.03,0.06469999999999931,1.073,30876.75,31866.768
600295.SH,20170227,6.2006,6.2006,6.0182,6.03,6.1888,-0.15879999999999939,-2.5659,56950.31,58780.53
600295.SH,20170224,6.2241,6.2241,6.1065,6.1888,6.23,-0.04120000000000079,-0.6613,61219.51,64105.793
600295.SH,20170223,6.2241,6.283,6.1241,6.23,6.2359,-0.005899999999999572,-0.0946,71710.47,75873.455
600295.SH,20170222,6.2065,6.2712,6.1359,6.2359,6.2065,0.02939999999999987,0.4737,93218.55,98574.57
600295.SH,20170221,6.0888,6.23,6.0771,6.2065,6.0888,0.11770000000000014,1.9331,98933.37,103782.034
600295.SH,20170220,5.9712,6.1065,5.9712,6.0888,6.0124,0.07639999999999958,1.2707,52871.39,54307.642
600295.SH,20170217,6.1771,6.2889,5.9771,6.0124,6.2241,-0.21169999999999956,-3.4013,78704.8,81608.235
600295.SH,20170216,6.0653,6.283,6.0477,6.2241,6.0712,0.1528999999999998,2.5184,88424.41,92838.913
600295.SH,20170215,6.1653,6.2947,6.0594,6.0712,6.183,-0.11179999999999968,-1.8082,81747.39,85851.372
600295.SH,20170214,6.1947,6.2006,6.0888,6.183,6.2124,-0.02939999999999987,-0.4732,51397.16,53622.929
600295.SH,20170213,6.2065,6.3595,6.1241,6.2124,6.1947,0.017699999999999605,0.2857,89870.41,95093.765
600295.SH,20170210,6.0771,6.2947,5.9712,6.1947,6.0653,0.1294000000000004,2.1334,117325.54,122887.207
600295.SH,20170209,6.03,6.1065,6.0006,6.0653,6.0712,-0.00590000000000046,-0.0972,57753.77,59453.962
600295.SH,20170208,5.8771,6.0771,5.8418,6.0712,5.8771,0.19409999999999972,3.3026,75219.52,76400.157
600295.SH,20170207,5.8065,5.8947,5.8065,5.8771,5.8535,0.023600000000000065,0.4032,36154.47,35964.689
600295.SH,20170206,5.8006,5.8653,5.7653,5.8535,5.8006,0.05290000000000017,0.912,38486.83,38064.811
600295.SH,20170203,5.9594,6.0006,5.777,5.8006,5.9712,-0.17059999999999942,-2.857,47919.7,47524.264
600295.SH,20170126,5.8535,5.9771,5.8535,5.9712,5.8535,0.11769999999999925,2.0108,30022.64,30240.404
600295.SH,20170125,5.8241,5.9182,5.8123,5.8535,5.8535,0.0,0.0,21012.52,20979.54
600295.SH,20170124,5.93,5.9653,5.8241,5.8535,5.9476,-0.09410000000000007,-1.5822,32728.21,32657.569
600295.SH,20170123,5.7182,6.1771,5.7123,5.9476,5.7182,0.22940000000000005,4.0118,47162.51,47560.973
600295.SH,20170120,5.6006,5.7359,5.5653,5.7182,5.6006,0.11760000000000037,2.0998,17299.85,16734.465
600295.SH,20170119,5.6006,5.6064,5.5417,5.6006,5.6241,-0.0235000000000003,-0.4178,17384.88,16484.596
600295.SH,20170118,5.5358,5.6594,5.5358,5.6241,5.577,0.047100000000000364,0.8445,21738.65,20786.124
600295.SH,20170117,5.4535,5.6476,5.4535,5.577,5.4829,0.09410000000000007,1.7162,33218.84,31450.545
600295.SH,20170116,5.7594,5.7829,5.3241,5.4829,5.7241,-0.24120000000000008,-4.2138,51757.15,49140.744
600295.SH,20170113,5.93,5.9594,5.4476,5.7241,5.9418,-0.21769999999999978,-3.6639,33776.78,33568.677
600295.SH,20170112,5.9947,6.083,5.9124,5.9418,6.0241,-0.08230000000000004,-1.3662,67876.06,69240.239
600295.SH,20170111,5.7653,6.03,5.7653,6.0241,5.8065,0.21760000000000002,3.7475,115013.82,116090.927
600295.SH,20170110,5.8535,5.8771,5.7712,5.8065,5.8535,-0.0470000000000006,-0.8029,34261.86,33822.504
600295.SH,20170109,5.7888,5.9124,5.7888,5.8535,5.8123,0.04120000000000079,0.7088,31072.3,30927.511
600295.SH,20170106,5.8653,5.8829,5.7829,5.8123,5.8888,-0.07650000000000023,-1.2991,30860.3,30511.949
600295.SH,20170105,5.7594,5.9241,5.7359,5.8888,5.7653,0.12349999999999994,2.1421,49155.24,48849.515
600295.SH,20170104,5.7006,5.7888,5.677,5.7653,5.7064,0.05889999999999951,1.0322,37847.94,36955.438
600295.SH,20170103,5.5829,5.7359,5.5829,5.7064,5.5829,0.12349999999999994,2.2121,47558.93,45932.287
600295.SH,20161230,5.5711,5.5947,5.53,5.5829,5.5594,0.0235000000000003,0.4227,25643.23,24298.025
600295.SH,20161229,5.6241,5.6476,5.5358,5.5594,5.6241,-0.0647000000000002,-1.1504,41423.85,39334.01
600295.SH,20161228,5.7182,5.7359,5.6182,5.6241,5.677,-0.05289999999999928,-0.9318,35308.22,33967.331
600295.SH,20161227,5.6476,5.7417,5.63,5.677,5.6712,0.005799999999999805,0.1023,32004.73,31039.76
600295.SH,20161226,5.7594,5.7594,5.53,5.6712,5.7829,-0.11169999999999991,-1.9316,67823.68,64483.283
600295.SH,20161223,5.9241,5.93,5.7653,5.7829,5.9182,-0.13529999999999998,-2.2862,42472.25,41970.806
600295.SH,20161222,6.0124,6.0124,5.8594,5.9182,5.9947,-0.07650000000000023,-1.2761,46263.01,46547.338
600295.SH,20161221,5.9418,6.0477,5.9359,5.9947,5.9829,0.011800000000000033,0.1972,63312.9,64435.995
600295.SH,20161220,5.8123,5.9888,5.7417,5.9829,5.8241,0.15880000000000027,2.7266,66675.37,66415.765
600295.SH,20161219,5.7888,5.8359,5.7417,5.8241,5.8065,0.017599999999999838,0.3031,43219.37,42503.213
600295.SH,20161216,5.8241,5.8359,5.7476,5.8065,5.8065,0.0,0.0,52256.34,51388.594
600295.SH,20161215,5.7829,5.93,5.7241,5.8065,5.83,-0.0235000000000003,-0.4031,66495.98,65892.682
600295.SH,20161214,5.9006,5.9653,5.7888,5.83,5.9359,-0.1059000000000001,-1.7841,53209.43,52888.641
600295.SH,20161213,5.7712,5.9947,5.7064,5.9359,5.83,0.1059000000000001,1.8165,68922.29,68571.145
600295.SH,20161212,6.3065,6.3712,5.7947,5.83,6.3006,-0.47060000000000013,-7.4691,95485.95,97793.084
600295.SH,20161209,6.3359,6.3359,6.23,6.3006,6.3595,-0.05889999999999951,-0.9262,40288.05,43004.586
600295.SH,20161208,6.4006,6.483,6.3065,6.3595,6.4595,-0.10000000000000053,-1.5481,56016.48,60820.329
600295.SH,20161207,6.2065,6.5006,6.183,6.4595,6.1888,0.2707000000000006,4.374,111021.28,120163.845
600295.SH,20161206,6.2653,6.2653,6.1536,6.1888,6.3065,-0.11770000000000014,-1.8663,55298.05,58299.725
600295.SH,20161205,6.2359,6.383,6.1183,6.3065,6.2889,0.017599999999999838,0.2799,59684.73,63698.776
600295.SH,20161202,6.4418,6.5301,6.2594,6.2889,6.4889,-0.20000000000000018,-3.0822,65957.54,71570.635
600295.SH,20161201,6.6124,6.6418,6.3536,6.4889,6.5654,-0.07650000000000023,-1.1652,99071.42,109067.528
600295.SH,20161130,6.5595,6.683,6.4124,6.5654,6.5536,0.011800000000000033,0.1801,108376.91,120583.208
600295.SH,20161129,6.9301,6.9301,6.483,6.5536,6.9654,-0.4117999999999995,-5.9121,133686.67,151701.927
600295.SH,20161128,6.9595,7.0536,6.7771,6.9654,7.0654,-0.10000000000000053,-1.4153,137639.83,161373.639
600295.SH,20161125,6.7007,7.1595,6.7007,7.0654,6.7536,0.31180000000000074,4.6168,245045.49,291541.44
600295.SH,20161124,6.3418,6.9301,6.2947,6.7536,6.3359,0.41769999999999996,6.5926,227784.81,258060.742
600295.SH,20161123,6.4006,6.6065,6.3006,6.3359,6.3653,-0.02940000000000076,-0.4619,161073.55,177232.842
600295.SH,20161122,6.1006,6.3948,6.1006,6.3653,6.0888,0.2765000000000004,4.5411,135039.9,145070.275
600295.SH,20161121,6.03,6.0947,5.9829,6.0888,6.0241,0.0647000000000002,1.074,43075.73,44346.703
600295.SH,20161118,6.1712,6.183,5.9712,6.0241,6.1712,-0.1471,-2.3837,49374.31,51055.151
600295.SH,20161117,6.0888,6.183,6.0359,6.1712,6.1418,0.02939999999999987,0.4787,65217.6,67768.464
600295.SH,20161116,6.1712,6.2771,6.1124,6.1418,6.2065,-0.0647000000000002,-1.0425,107179.83,112493.58
600295.SH,20161115,6.3889,6.5595,6.1594,6.2065,6.3595,-0.15299999999999958,-2.4058,121985.59,130878.663
600295.SH,20161114,5.8888,6.6301,5.8888,6.3595,6.03,0.32949999999999946,5.4643,227160.22,242338.681
600295.SH,20161111,5.8182,6.1065,5.7653,6.03,5.7829,0.24710000000000054,4.2729,102569.52,103574.973
600295.SH,20161110,5.7064,5.8123,5.6947,5.7829,5.6123,0.17059999999999942,3.0398,79747.42,78194.188
600295.SH,20161109,5.7182,5.7359,5.4888,5.6123,5.7064,-0.09410000000000007,-1.649,51900.32,49534.275
600295.SH,20161108,5.677,5.73,5.6535,5.7064,5.6947,0.011700000000000266,0.2055,53156.96,51450.665
600295.SH,20161107,5.5888,5.7476,5.5005,5.6947,5.577,0.11770000000000014,2.1105,86241.15,82739.415
600295.SH,20161104,5.5829,5.6241,5.53,5.577,5.5829,-0.00590000000000046,-0.1057,38901.24,36956.5
600295.SH,20161103,5.5358,5.6594,5.5005,5.5829,5.5535,0.02940000000000076,0.5294,59447.43,56565.653
600295.SH,20161102,5.6417,5.6712,5.5123,5.5535,5.6712,-0.11770000000000014,-2.0754,82280.89,77883.435
600295.SH,20161101,5.5888,5.677,5.5535,5.6712,5.577,0.09419999999999984,1.6891,59795.21,57147.498
600295.SH,20161031,5.7712,5.7829,5.5476,5.577,5.8653,-0.28830000000000044,-4.9153,130478.13,124949.218
600295.SH,20161028,6.0006,6.0947,5.8535,5.8653,6.03,-0.16469999999999985,-2.7313,55943.65,56729.643
600295.SH,20161027,6.0594,6.1065,5.9182,6.03,6.0535,-0.02349999999999941,-0.3882,69696.38,71185.963
600295.SH,20161026,6.1065,6.3653,6.0359,6.0535,6.0947,-0.0411999999999999,-0.676,184956.68,195083.223
600295.SH,20161025,5.9712,6.2065,5.9182,6.0947,5.9182,0.17649999999999988,2.9823,118413.09,121960.017
600295.SH,20161024,5.8829,6.0006,5.8065,5.9182,5.8653,0.05289999999999928,0.9019,71726.85,72148.437
600295.SH,20161021,5.8418,5.8712,5.7064,5.8653,5.8947,-0.02939999999999987,-0.4988,87605.27,86219.431
600295.SH,20161020,5.8771,6.0006,5.83,5.8947,5.8653,0.02939999999999987,0.5013,72686.95,73075.536
600295.SH,20161019,5.93,6.0359,5.8359,5.8653,5.9888,-0.12349999999999994,-2.0622,95378.96,95842.503
600295.SH,20161018,6.03,6.083,5.8241,5.9888,5.9829,0.00590000000000046,0.0986,126176.14,127620.177
600295.SH,20161017,6.0477,6.2065,5.9359,5.9829,5.9359,0.04699999999999971,0.7918,174727.45,180288.484
600295.SH,20161014,6.0006,6.0006,5.8123,5.9359,5.9241,0.011800000000000033,0.1992,86134.11,86182.322
600295.SH,20161013,5.9359,6.0771,5.8712,5.9241,5.9653,-0.0411999999999999,-0.6907,158521.17,160221.916
600295.SH,20161012,5.6417,6.0006,5.6182,5.9653,5.6947,0.27059999999999995,4.7518,206798.16,204463.042
600295.SH,20161011,5.477,5.7123,5.4417,5.6947,5.4652,0.22949999999999982,4.1993,129400.77,122853.981
600295.SH,20161010,5.4888,5.5064,5.3594,5.4652,5.4535,0.011700000000000266,0.2145,65387.03,60432.318
600295.SH,20160930,5.477,5.5123,5.4005,5.4535,5.5123,-0.05879999999999974,-1.0667,39121.44,36175.257
600295.SH,20160929,5.5653,5.63,5.477,5.5123,5.5653,-0.052999999999999936,-0.9523,50089.77,47110.193
600295.SH,20160928,5.4829,5.6241,5.4299,5.5653,5.4711,0.09419999999999984,1.7218,74364.26,70126.326
600295.SH,20160927,5.4476,5.5182,5.3535,5.4711,5.5182,-0.047100000000000364,-0.8535,65820.54,60883.447
600295.SH,20160926,5.577,5.6417,5.4299,5.5182,5.5064,0.011800000000000033,0.2143,108192.45,102110.172
600295.SH,20160923,5.5888,5.63,5.4535,5.5064,5.4947,0.011700000000000266,0.2129,85737.77,80481.474
600295.SH,20160922,5.4476,5.5358,5.3888,5.4947,5.4241,0.07059999999999977,1.3016,108157.29,100491.526
600295.SH,20160921,5.3241,5.53,5.2946,5.4241,5.3358,0.08830000000000027,1.6549,100044.73,92215.556
600295.SH,20160920,5.2064,5.3476,5.1299,5.3358,5.1711,0.16469999999999985,3.185,62342.1,55706.823
600295.SH,20160919,5.1535,5.2005,5.1182,5.1711,5.1005,0.07059999999999977,1.3842,26113.2,22935.405
600295.SH,20160914,5.0652,5.1652,5.0593,5.1005,5.0887,0.011800000000000033,0.2319,30458.51,26459.153
600295.SH,20160913,5.0593,5.1476,5.0593,5.0887,5.024,0.0647000000000002,1.2878,45232.83,39209.417
600295.SH,20160912,5.2417,5.3005,5.0064,5.024,5.3535,-0.32950000000000035,-6.1549,85275.56,74575.279
600295.SH,20160909,5.4064,5.4358,5.3476,5.3535,5.3711,-0.017599999999999838,-0.3277,41622.05,38105.631
600295.SH,20160908,5.3711,5.3829,5.3005,5.3711,5.3711,0.0,0.0,48396.53,43967.311
600295.SH,20160907,5.4417,5.4476,5.3652,5.3711,5.4123,-0.0411999999999999,-0.7612,41621.32,38200.338
600295.SH,20160906,5.3535,5.4241,5.2711,5.4123,5.3535,0.05879999999999974,1.0983,52091.21,47520.5
600295.SH,20160905,5.3005,5.4005,5.2946,5.3535,5.3005,0.052999999999999936,0.9999,48277.0,43968.26
600295.SH,20160902,5.3064,5.3299,5.224,5.3005,5.3064,-0.005899999999999572,-0.1112,46636.03,41870.938
600295.SH,20160901,5.4005,5.4123,5.3005,5.3064,5.3947,-0.08830000000000027,-1.6368,55523.6,50578.221
600295.SH,20160831,5.4064,5.4652,5.3299,5.3947,5.4005,-0.005799999999999805,-0.1074,57833.57,53060.673
600295.SH,20160830,5.53,5.5476,5.377,5.4005,5.5476,-0.1471,-2.6516,73055.51,67492.833
600295.SH,20160829,5.3711,5.6182,5.3711,5.5476,5.4064,0.14120000000000044,2.6117,113559.0,106976.476
600295.SH,20160826,5.3652,5.4358,5.3594,5.4064,5.3535,0.05289999999999928,0.9881,55268.08,50745.292
600295.SH,20160825,5.4005,5.4005,5.2476,5.3535,5.4476,-0.09410000000000007,-1.7274,78129.62,70763.399
600295.SH,20160824,5.4417,5.4829,5.3594,5.4476,5.4299,0.017700000000000493,0.326,65261.8,60247.675
600295.SH,20160823,5.6476,5.6653,5.3358,5.4299,5.6476,-0.21769999999999978,-3.8547,143213.7,133565.42
600295.SH,20160822,5.7653,5.9006,5.6417,5.6476,5.7947,-0.1471,-2.5385,121716.63,118905.447
600295.SH,20160819,5.6064,5.8182,5.5888,5.7947,5.6006,0.19409999999999972,3.4657,187639.85,182808.631
600295.SH,20160818,5.7064,5.7064,5.5888,5.6006,5.7359,-0.13529999999999998,-2.3588,121662.63,116560.394
600295.SH,20160817,5.6594,5.7535,5.5653,5.7359,5.6829,0.052999999999999936,0.9326,160319.3,154284.914
600295.SH,20160816,5.6712,5.8123,5.6123,5.6829,5.6712,0.011700000000000266,0.2063,189310.92,183798.783
600295.SH,20160815,5.6417,5.7476,5.4947,5.6712,5.6417,0.029499999999999638,0.5229,201246.1,192648.913
600295.SH,20160812,5.6241,5.6712,5.5123,5.6417,5.5829,0.05879999999999974,1.0532,125729.83,119460.845
600295.SH,20160811,5.7888,5.8241,5.5476,5.5829,5.7653,-0.18239999999999945,-3.1638,163319.92,156390.557
600295.SH,20160810,5.93,5.9535,5.7417,5.7653,6.0182,-0.25290000000000035,-4.2023,228168.82,225966.248
600295.SH,20160809,5.7241,6.1418,5.6594,6.0182,5.7417,0.2765000000000004,4.8156,349872.25,351193.37
600295.SH,20160808,5.7653,5.8123,5.5535,5.7417,5.8594,-0.11770000000000014,-2.0087,241860.91,233736.997
600295.SH,20160805,5.8829,6.0535,5.7712,5.8594,5.8712,-0.011800000000000033,-0.201,264440.29,265419.879
600295.SH,20160804,6.2653,6.3242,5.8535,5.8712,6.0535,-0.18229999999999968,-3.0115,433540.85,443184.34
600295.SH,20160803,5.4241,6.0535,5.3947,6.0535,5.5005,0.5529999999999999,10.0536,299669.7,296284.379
600295.SH,20160802,5.2652,5.5241,5.1358,5.5005,5.3299,0.17059999999999942,3.2008,250505.78,226485.677
600295.SH,20160801,5.1182,5.4005,5.0829,5.3299,5.024,0.3059000000000003,6.0888,264677.11,235078.191
600295.SH,20160729,4.8711,5.2593,4.8711,5.024,4.8652,0.15880000000000027,3.264,127861.66,109725.117
600295.SH,20160728,4.877,4.9299,4.8005,4.8652,4.8711,-0.00590000000000046,-0.1211,61330.8,50637.682
600295.SH,20160727,5.124,5.1358,4.8064,4.8711,5.1299,-0.2587999999999999,-5.0449,128282.45,108779.906
600295.SH,20160726,4.824,5.2299,4.8122,5.1299,4.7534,0.37650000000000006,7.9206,179492.97,153813.534
600295.SH,20160725,4.7534,4.8064,4.7122,4.7534,4.7887,-0.03530000000000033,-0.7372,35354.84,28629.477
600295.SH,20160722,4.824,4.8534,4.7358,4.7887,4.8181,-0.02939999999999987,-0.6102,42547.18,34663.393
600295.SH,20160721,4.7828,4.8417,4.7769,4.8181,4.7946,0.0235000000000003,0.4901,38572.54,31513.485
600295.SH,20160720,4.824,4.8711,4.7887,4.7946,4.824,-0.02939999999999987,-0.6095,33157.57,27197.179
600295.SH,20160719,4.8122,4.8711,4.7652,4.824,4.8299,-0.00590000000000046,-0.1222,41848.25,34264.455
600295.SH,20160718,4.7711,4.9005,4.7711,4.8299,4.8122,0.017700000000000493,0.3678,74774.49,61598.645
600295.SH,20160715,4.8652,4.877,4.7652,4.8122,4.9123,-0.1001000000000003,-2.0377,94914.15,77504.63
600295.SH,20160714,4.977,4.9887,4.8534,4.9123,4.6416,0.2706999999999997,5.832,156185.54,130748.015
600295.SH,20160629,4.6416,4.6593,4.6122,4.6416,4.6299,0.011700000000000266,0.2527,40696.99,32047.844
600295.SH,20160628,4.6122,4.6416,4.5652,4.6299,4.6475,-0.017599999999999838,-0.3787,41437.34,32422.651
600295.SH,20160627,4.5416,4.6475,4.5416,4.6475,4.6005,0.04699999999999971,1.0216,64293.84,50345.694
600295.SH,20160624,4.624,4.624,4.4004,4.6005,4.624,-0.02349999999999941,-0.5082,52567.31,40666.345
600295.SH,20160623,4.6063,4.6711,4.5004,4.624,4.6063,0.017699999999999605,0.3843,36847.47,28570.36
600295.SH,20160622,4.5828,4.6181,4.524,4.6063,4.5299,0.07640000000000047,1.6866,26694.55,20821.467
600295.SH,20160621,4.6005,4.6299,4.5063,4.5299,4.5652,-0.03530000000000033,-0.7732,22856.39,17809.902
600295.SH,20160620,4.5827,4.5885,4.495,4.5652,4.5944,-0.029200000000000337,-0.6356,19941.77,15448.806
600295.SH,20160617,4.6178,4.6353,4.5242,4.5944,4.5769,0.01750000000000007,0.3824,31284.27,24508.096
600295.SH,20160616,4.4541,4.6119,4.4541,4.5769,4.4716,0.10530000000000062,2.3549,40872.67,31845.599
600295.SH,20160615,4.3372,4.5126,4.3138,4.4716,4.3606,0.11099999999999977,2.5455,25458.61,19389.392
600295.SH,20160614,4.3723,4.4015,4.3255,4.3606,4.4015,-0.0409000000000006,-0.9292,27076.21,20195.784
600295.SH,20160613,4.5009,4.5885,4.3956,4.4015,4.5242,-0.12270000000000003,-2.7121,33506.22,25762.743
600295.SH,20160608,4.5827,4.6119,4.5067,4.5242,4.5652,-0.04099999999999948,-0.8981,36559.26,28369.352
600295.SH,20160607,4.5652,4.6178,4.5301,4.5652,4.5652,0.0,0.0,34871.09,27285.213
600295.SH,20160606,4.5476,4.647,4.5184,4.5652,4.5652,0.0,0.0,45999.77,36021.404
600295.SH,20160603,4.5301,4.5827,4.4892,4.5652,4.5301,0.03509999999999991,0.7748,34864.06,27051.453
600295.SH,20160602,4.4892,4.5418,4.4599,4.5301,4.5067,0.023399999999999643,0.5192,30066.42,23265.728
600295.SH,20160601,4.4599,4.5418,4.4599,4.5067,4.4892,0.01750000000000007,0.3898,40696.88,31335.758
600295.SH,20160531,4.3255,4.495,4.3255,4.4892,4.3372,0.15200000000000014,3.5046,53715.62,40783.666
600295.SH,20160530,4.3372,4.3547,4.2671,4.3372,4.3547,-0.01750000000000007,-0.4019,25877.68,19093.435
600295.SH,20160527,4.3489,4.3898,4.3138,4.3547,4.3489,0.005799999999999805,0.1334,19309.25,14378.049
600295.SH,20160526,4.3781,4.4073,4.2612,4.3489,4.3547,-0.005799999999999805,-0.1332,25081.36,18518.701
600295.SH,20160525,4.3664,4.4073,4.343,4.3547,4.3313,0.02340000000000053,0.5403,21980.08,16459.382
600295.SH,20160524,4.3781,4.384,4.2846,4.3313,4.4073,-0.07600000000000051,-1.7244,23373.9,17293.509
600295.SH,20160523,4.3956,4.4424,4.384,4.4073,4.384,0.023299999999999876,0.5315,27774.05,20946.243
600295.SH,20160520,4.2904,4.384,4.232,4.384,4.2904,0.09360000000000035,2.1816,28184.94,20828.549
600295.SH,20160519,4.2671,4.3547,4.2671,4.2904,4.2612,0.029200000000000337,0.6853,26421.0,19498.99
600295.SH,20160518,4.3898,4.4132,4.2203,4.2612,4.4307,-0.1695000000000002,-3.8256,43835.35,32231.845
600295.SH,20160517,4.4307,4.4716,4.3898,4.4307,4.4541,-0.02340000000000053,-0.5254,48525.53,36774.583
600295.SH,20160516,4.3956,4.4599,4.3372,4.4541,4.4073,0.046800000000000175,1.0619,49933.22,37471.823
600295.SH,20160513,4.4307,4.4599,4.3898,4.4073,4.4307,-0.023399999999999643,-0.5281,37227.47,28160.946
600295.SH,20160512,4.4716,4.4892,4.3606,4.4307,4.5126,-0.08190000000000008,-1.8149,40287.4,30379.971
600295.SH,20160511,4.5827,4.5944,4.4775,4.5126,4.5301,-0.01750000000000007,-0.3863,29492.15,22824.334
600295.SH,20160510,4.5476,4.5769,4.5009,4.5301,4.5476,-0.01750000000000007,-0.3848,29527.99,22925.127
600295.SH,20160509,4.5593,4.6645,4.4775,4.5476,4.5593,-0.011700000000000266,-0.2566,85198.48,66793.647
600295.SH,20160506,4.8867,4.91,4.5476,4.5593,4.8867,-0.3273999999999999,-6.6998,74936.26,60502.612
600295.SH,20160505,4.8691,4.8983,4.834,4.8867,4.8867,0.0,0.0,38283.77,31881.241
600295.SH,20160504,4.8867,4.9276,4.8516,4.8867,4.9159,-0.02919999999999945,-0.594,48583.41,40625.83
600295.SH,20160503,4.7581,4.9334,4.7347,4.9159,4.7639,0.15200000000000014,3.1907,67729.83,56345.448
600295.SH,20160429,4.7697,4.799,4.6996,4.7639,4.7756,-0.011700000000000266,-0.245,37546.96,30585.317
600295.SH,20160428,4.7931,4.8107,4.6645,4.7756,4.7814,-0.005799999999999805,-0.1213,49850.88,40425.966
600295.SH,20160427,4.8282,4.8574,4.7405,4.7814,4.834,-0.05259999999999998,-1.0881,56007.44,46009.329
600295.SH,20160426,4.7522,4.8399,4.6996,4.834,4.7581,0.07589999999999986,1.5952,54717.21,44684.275
600295.SH,20160425,4.8574,4.8808,4.6879,4.7581,4.8983,-0.1402000000000001,-2.8622,65349.78,53304.729
600295.SH,20160422,4.9685,4.9685,4.799,4.8983,5.0445,-0.14620000000000033,-2.8982,96351.76,80279.364
600295.SH,20160421,5.1322,5.3367,5.0152,5.0445,5.1555,-0.11099999999999977,-2.153,171900.91,152079.627
600295.SH,20160420,5.1088,5.2257,4.8224,5.1555,5.1322,0.023299999999999876,0.454,201078.02,176238.707
600295.SH,20160419,5.1555,5.2023,5.0152,5.1322,5.2081,-0.07589999999999986,-1.4573,158762.61,138442.233
600295.SH,20160418,5.1614,5.2549,4.9626,5.2081,5.2374,-0.029300000000000104,-0.5594,173839.53,151672.768
600295.SH,20160415,5.1322,5.2724,5.1322,5.2374,5.214,0.023399999999999643,0.4488,244827.8,217714.235
600295.SH,20160414,5.29,5.3543,5.1205,5.214,5.29,-0.07599999999999962,-1.4367,185488.36,165354.854
600295.SH,20160413,5.2666,5.4653,5.2432,5.29,5.2724,0.017599999999999838,0.3338,302016.55,276403.758
600295.SH,20160412,5.29,5.325,5.2023,5.2724,5.2841,-0.011699999999999378,-0.2214,164189.98,147934.78
600295.SH,20160411,5.2198,5.4127,5.2023,5.2841,5.2724,0.011699999999999378,0.2219,276155.42,249848.495
600295.SH,20160408,4.9276,5.3484,4.8925,5.2724,4.9276,0.3448000000000002,6.9973,243481.22,214974.878
600295.SH,20160407,5.0269,5.0269,4.8808,4.9276,4.9393,-0.011700000000000266,-0.2369,86833.6,73306.273
600295.SH,20160406,4.7814,4.986,4.7347,4.9393,4.8048,0.13450000000000006,2.7993,153555.76,129079.786
600295.SH,20160405,4.723,4.8165,4.6411,4.8048,4.7288,0.07600000000000051,1.6072,80553.53,65340.934
600295.SH,20160401,4.7756,4.8107,4.6295,4.7288,4.8574,-0.1286000000000005,-2.6475,86363.54,69486.245
600295.SH,20160331,4.6938,4.9159,4.6295,4.8574,4.6879,0.1695000000000002,3.6157,124863.95,102032.592
600295.SH,20160330,4.6061,4.6996,4.5593,4.6879,4.5769,0.11099999999999977,2.4252,64087.47,50830.894
600295.SH,20160329,4.5769,4.6236,4.5242,4.5769,4.5769,0.0,0.0,37971.03,29699.917
600295.SH,20160328,4.6411,4.7171,4.5476,4.5769,4.6236,-0.04669999999999952,-1.01,59442.06,47210.157
600295.SH,20160325,4.5359,4.6295,4.5359,4.6236,4.5476,0.07599999999999962,1.6712,48350.26,37916.624
600295.SH,20160324,4.5652,4.6353,4.5126,4.5476,4.6236,-0.07599999999999962,-1.6437,74441.75,58233.318
600295.SH,20160323,4.5827,4.6411,4.5593,4.6236,4.6119,0.011699999999999378,0.2537,49776.05,39154.913
600295.SH,20160322,4.6587,4.6645,4.5885,4.6119,4.7054,-0.0934999999999997,-1.9871,62654.36,49544.068
600295.SH,20160321,4.5885,4.7288,4.5535,4.7054,4.5827,0.12270000000000003,2.6775,133689.46,106601.032
600295.SH,20160318,4.4716,4.6645,4.4716,4.5827,4.4483,0.1344000000000003,3.0214,112017.48,87731.716
600295.SH,20160317,4.3372,4.4775,4.3313,4.4483,4.2846,0.1636999999999995,3.8207,70930.91,53444.242
600295.SH,20160316,4.3898,4.4073,4.2671,4.2846,4.3547,-0.07010000000000005,-1.6098,56982.63,42190.204
600295.SH,20160315,4.4599,4.4599,4.2963,4.3547,4.4775,-0.1227999999999998,-2.7426,80423.53,60008.684
600295.SH,20160314,4.3898,4.5476,4.3723,4.4775,4.3606,0.11690000000000023,2.6808,80152.9,61347.695
600295.SH,20160311,4.2671,4.4015,4.2261,4.3606,4.343,0.017599999999999838,0.4052,61005.86,45132.782
600295.SH,20160310,4.5242,4.5652,4.3197,4.343,4.4775,-0.13450000000000006,-3.0039,116170.14,87882.303
600295.SH,20160309,4.7347,4.7581,4.4775,4.4775,4.9743,-0.49680000000000035,-9.9873,181058.05,141949.756
600295.SH,20160308,5.2081,5.3192,4.8867,4.9743,5.1029,-0.1285999999999996,-2.5201,218492.35,189113.628
600295.SH,20160307,4.8399,5.1029,4.799,5.1029,4.6411,0.4618000000000002,9.9502,242721.94,206206.32
600295.SH,20160304,4.7113,4.8516,4.4716,4.6411,4.6353,0.005799999999999805,0.1251,155209.68,123438.86
600295.SH,20160303,4.5885,4.7464,4.495,4.6353,4.5184,0.11690000000000023,2.5872,154226.23,122738.826
600295.SH,20160302,4.1911,4.5652,4.1911,4.5184,4.1911,0.32730000000000015,7.8094,84648.54,63882.769
600295.SH,20160301,4.0917,4.1969,4.0391,4.1911,4.0683,0.1227999999999998,3.0185,37891.06,26833.774
600295.SH,20160229,4.2671,4.2729,3.9748,4.0683,4.2904,-0.2221000000000002,-5.1767,42389.77,29625.052
600295.SH,20160226,4.3021,4.3313,4.1911,4.2904,4.2612,0.029200000000000337,0.6853,34930.38,25518.029
600295.SH,20160225,4.5359,4.5418,4.1735,4.2612,4.5535,-0.2923,-6.4192,66094.29,49635.331
600295.SH,20160224,4.5126,4.5652,4.4541,4.5535,4.5301,0.023399999999999643,0.5165,37309.0,28784.867
600295.SH,20160223,4.571,4.571,4.4833,4.5301,4.5652,-0.03509999999999991,-0.7689,40618.63,31355.409
600295.SH,20160222,4.4658,4.5944,4.4658,4.5652,4.4599,0.10529999999999973,2.361,55181.84,42859.189
600295.SH,20160219,4.4307,4.495,4.4015,4.4599,4.4716,-0.011699999999999378,-0.2617,40218.46,30568.286
600295.SH,20160218,4.4015,4.4833,4.343,4.4716,4.384,0.08759999999999923,1.9982,86168.25,65246.189
600295.SH,20160217,4.3255,4.4015,4.2963,4.384,4.343,0.04100000000000037,0.944,44864.01,33358.755
600295.SH,20160216,4.2378,4.3606,4.2028,4.343,4.1911,0.15190000000000037,3.6243,47442.49,34886.511
600295.SH,20160215,4.1209,4.232,4.0917,4.1911,4.2378,-0.04670000000000041,-1.102,25505.43,18117.789
600295.SH,20160205,4.2846,4.343,4.2261,4.2378,4.2846,-0.046800000000000175,-1.0923,22914.66,16753.582
600295.SH,20160204,4.1969,4.3372,4.1969,4.2846,4.1969,0.08769999999999989,2.0896,52584.59,38444.23
600295.SH,20160203,4.1385,4.2144,4.1151,4.1969,4.1969,0.0,0.0,28898.53,20565.925
600295.SH,20160202,4.0917,4.232,4.0917,4.1969,4.1092,0.08769999999999989,2.1342,46634.85,33355.255
600295.SH,20160201,4.1618,4.1618,4.0332,4.1092,4.156,-0.04679999999999929,-1.1261,41171.1,28863.993
600295.SH,20160129,4.0391,4.2144,3.9982,4.156,4.0391,0.11689999999999934,2.8942,40709.91,28805.767
600295.SH,20160128,4.1443,4.2144,4.0332,4.0391,4.2086,-0.16949999999999932,-4.0275,39338.47,27711.887
600295.SH,20160127,4.1969,4.2437,4.004,4.2086,4.2378,-0.029200000000000337,-0.689,47768.7,33691.046
600295.SH,20160126,4.4424,4.4541,4.1092,4.2378,4.5067,-0.26890000000000036,-5.9667,66186.75,48511.786
600295.SH,20160125,4.4366,4.5535,4.3664,4.5067,4.3723,0.1344000000000003,3.0739,71795.23,54894.376
600295.SH,20160122,4.3547,4.4599,4.2671,4.3723,4.3372,0.03509999999999991,0.8093,58384.99,43631.074
600295.SH,20160121,4.4366,4.5885,4.3197,4.3372,4.4892,-0.15200000000000014,-3.3859,85160.68,65369.215
600295.SH,20160120,4.4073,4.6061,4.3138,4.4892,4.4541,0.03509999999999991,0.788,92344.11,70229.633
600295.SH,20160119,4.2261,4.5126,4.2086,4.4541,4.2495,0.20460000000000012,4.8147,65869.75,49117.971
600295.SH,20160118,4.1268,4.2904,4.0975,4.2495,4.2086,0.0409000000000006,0.9718,55129.23,39793.317
600295.SH,20160115,4.4716,4.5301,4.0975,4.2086,4.495,-0.28640000000000043,-6.3715,66255.58,49230.371
600295.SH,20160114,4.2086,4.5359,4.2086,4.495,4.3547,0.14029999999999987,3.2218,59409.53,44851.276
600295.SH,20160113,4.4366,4.5359,4.3372,4.3547,4.4424,-0.08769999999999989,-1.9742,68295.39,52077.852
600295.SH,20160112,4.4132,4.5359,4.2846,4.4424,4.3781,0.06430000000000025,1.4687,76095.65,57855.936
600295.SH,20160111,4.647,4.723,4.3723,4.3781,4.7464,-0.3683000000000005,-7.7596,129073.55,100354.063
600295.SH,20160108,4.6938,4.8107,4.384,4.7464,4.6119,0.13450000000000006,2.9164,144961.61,116445.171
600295.SH,20160107,5.0269,5.0562,4.6119,4.6119,5.1263,-0.5143999999999993,-10.0345,35040.0,28648.884
600295.SH,20160106,4.9626,5.1438,4.91,5.1263,4.9685,0.15779999999999994,3.176,143794.64,124183.309
600295.SH,20160105,4.8574,5.1263,4.6821,4.9685,5.2023,-0.23380000000000045,-4.4942,201321.55,169723.142
600295.SH,20160104,5.7401,5.7927,5.2023,5.2023,5.781,-0.5786999999999995,-10.0104,145548.6,135487.831
600295.SH,20151231,6.0791,6.1258,5.7634,5.781,6.1434,-0.36240000000000006,-5.899,221966.18,224469.951
600295.SH,20151230,6.2077,6.2954,6.044,6.1434,6.3655,-0.2221000000000002,-3.4891,293179.25,307954.524
600295.SH,20151229,6.0265,6.5116,5.968,6.3655,6.1025,0.2629999999999999,4.3097,553421.11,588469.181
600295.SH,20151228,5.6699,6.1025,5.5296,6.1025,5.5472,0.5552999999999999,10.0105,361909.77,371580.194
600295.SH,20151225,5.5881,5.5881,5.4946,5.5472,5.5238,0.02340000000000053,0.4236,66972.69,63374.475
600295.SH,20151224,5.4127,5.5822,5.3952,5.5238,5.4244,0.09939999999999927,1.8325,100327.35,94303.246
600295.SH,20151223,5.3426,5.4361,5.2607,5.4244,5.3484,0.07600000000000051,1.421,138825.67,127362.338
600295.SH,20151222,5.4536,5.5647,5.3426,5.3484,5.3484,0.0,0.0,106131.68,98416.463
600295.SH,20151221,5.3134,5.401,5.2783,5.3484,5.3134,0.03500000000000014,0.6587,70597.96,64447.113
600295.SH,20151218,5.2724,5.3543,5.1906,5.3134,5.3134,0.0,0.0,51036.51,45976.836
600295.SH,20151217,5.2023,5.3309,5.1906,5.3134,5.1965,0.11689999999999934,2.2496,65561.92,59127.391
600295.SH,20151216,5.0971,5.2315,5.0971,5.1965,5.1088,0.08770000000000078,1.7166,44718.13,39625.964
600295.SH,20151215,5.1205,5.138,5.062,5.1088,5.0971,0.011699999999999378,0.2295,27828.72,24304.374
600295.SH,20151214,4.8457,5.1205,4.8282,5.0971,4.9159,0.18120000000000047,3.686,35697.97,30716.953
600295.SH,20151211,5.0094,5.0679,4.8516,4.9159,5.062,-0.14610000000000056,-2.8862,26009.85,21984.706
600295.SH,20151210,5.0503,5.1088,4.9977,5.062,5.0737,-0.011699999999999378,-0.2306,25263.87,21932.995
600295.SH,20151209,5.0152,5.1263,4.9568,5.0737,5.0386,0.03509999999999991,0.6966,24680.56,21394.21
600295.SH,20151208,5.1438,5.1438,5.0036,5.0386,5.1789,-0.14029999999999987,-2.7091,38611.18,33510.704
600295.SH,20151207,5.1497,5.214,5.1088,5.1789,5.1672,0.011699999999999378,0.2264,41785.69,37007.759
600295.SH,20151204,5.1322,5.2491,5.1088,5.1672,5.1731,-0.005899999999999572,-0.1141,38863.93,34433.348
600295.SH,20151203,5.1497,5.1789,5.0445,5.1731,5.1322,0.040899999999999714,0.7969,41153.58,36212.49
600295.SH,20151202,5.0912,5.138,4.9685,5.1322,5.0854,0.046800000000000175,0.9203,55751.6,48417.97
600295.SH,20151201,4.8691,5.1146,4.8633,5.0854,4.91,0.17539999999999978,3.5723,71368.43,61032.861
600295.SH,20151130,4.8399,4.9451,4.6236,4.91,4.8282,0.08180000000000032,1.6942,76372.15,63051.987
600295.SH,20151127,5.2432,5.2724,4.7288,4.8282,5.2432,-0.41500000000000004,-7.915,74958.23,64568.361
600295.SH,20151126,5.325,5.3543,5.2023,5.2432,5.3192,-0.07600000000000051,-1.4288,71520.67,64716.006
600295.SH,20151125,5.3017,5.3367,5.2549,5.3192,5.3017,0.01750000000000007,0.3301,61136.34,55364.415
600295.SH,20151124,5.2549,5.3134,5.1438,5.3017,5.2257,0.07600000000000051,1.4544,59962.96,53719.689
600295.SH,20151123,5.2724,5.3075,5.1965,5.2257,5.2724,-0.04670000000000041,-0.8857,58708.83,52888.747
600295.SH,20151120,5.2666,5.3075,5.2374,5.2724,5.3192,-0.046800000000000175,-0.8798,66289.59,59798.002
600295.SH,20151119,5.138,5.6056,5.138,5.3192,5.138,0.18120000000000047,3.5267,107126.35,97037.659
600295.SH,20151118,5.1848,5.2198,5.1146,5.138,5.1965,-0.05850000000000044,-1.1258,42674.49,37673.931
600295.SH,20151117,5.2666,5.366,5.1789,5.1965,5.2491,-0.05259999999999998,-1.0021,93889.32,84837.495
600295.SH,20151116,4.9977,5.3134,4.9393,5.2491,5.0737,0.17540000000000067,3.457,82788.09,73514.026
600295.SH,20151113,5.1322,5.1497,5.0269,5.0737,5.1672,-0.09350000000000058,-1.8095,45943.21,39986.861
600295.SH,20151112,5.2491,5.2724,5.1146,5.1672,5.2491,-0.08190000000000008,-1.5603,63148.26,56061.97
600295.SH,20151111,5.2432,5.2783,5.1789,5.2491,5.2783,-0.02919999999999945,-0.5532,77462.62,69182.895
600295.SH,20151110,5.2549,5.29,5.1438,5.2783,5.2549,0.023399999999999643,0.4453,108794.52,97177.701
600295.SH,20151109,5.1848,5.2958,5.1555,5.2549,5.2432,0.011700000000000266,0.2231,93386.97,83682.2
600295.SH,20151106,5.0854,5.2666,5.0503,5.2432,5.0912,0.15200000000000014,2.9855,105274.65,92685.965
600295.SH,20151105,5.2023,5.2549,5.0795,5.0912,5.1965,-0.10530000000000062,-2.0264,130973.97,115328.079
600295.SH,20151104,5.0152,5.2432,4.9626,5.1965,5.0152,0.18130000000000024,3.615,115717.56,102049.386
600295.SH,20151103,4.9276,5.0445,4.8808,5.0152,4.9451,0.07010000000000005,1.4176,45813.03,39097.071
600295.SH,20151102,4.9685,5.0094,4.8633,4.9451,5.0269,-0.08180000000000032,-1.6272,67996.73,57385.891
600295.SH,20151030,5.1146,5.1146,4.9743,5.0269,5.1205,-0.09359999999999946,-1.8279,68845.88,59368.706
600295.SH,20151029,5.0386,5.2023,4.9919,5.1205,4.9977,0.1227999999999998,2.4571,114711.56,100134.145
600295.SH,20151028,4.9977,5.0795,4.8574,4.9977,4.9802,0.01750000000000007,0.3514,108502.93,92320.549
600295.SH,20151027,4.8282,5.0094,4.6645,4.9802,4.8808,0.09940000000000015,2.0366,94702.05,78789.296
600295.SH,20151026,4.8633,4.91,4.7873,4.8808,4.8107,0.07010000000000005,1.4572,74104.77,61332.19
600295.SH,20151023,4.7171,4.8282,4.6938,4.8107,4.7171,0.09359999999999946,1.9843,68617.14,55840.436
600295.SH,20151022,4.5593,4.7347,4.5242,4.7171,4.5652,0.15190000000000037,3.3273,69344.89,55224.862
600295.SH,20151021,4.7931,4.834,4.4015,4.5652,4.8107,-0.24549999999999983,-5.1032,101340.96,81482.673
600295.SH,20151020,4.7639,4.8224,4.6879,4.8107,4.7756,0.03509999999999991,0.735,83103.33,67657.55
600295.SH,20151019,4.6762,4.8224,4.6587,4.7756,4.7054,0.07019999999999982,1.4919,108806.89,88404.84
600295.SH,20151016,4.6528,4.7113,4.6002,4.7054,4.6236,0.08180000000000032,1.7692,94885.22,75705.118
600295.SH,20151015,4.5359,4.6528,4.5009,4.6236,4.5242,0.09939999999999927,2.1971,78787.34,62024.578
600295.SH,20151014,4.5944,4.6411,4.5126,4.5242,4.6236,-0.09939999999999927,-2.1498,48418.18,37926.073
600295.SH,20151013,4.5359,4.6295,4.5242,4.6236,4.5652,0.058399999999999785,1.2792,57485.53,45015.19
600295.SH,20151012,4.4366,4.6353,4.419,4.5652,4.4132,0.15200000000000014,3.4442,96737.59,75101.904
600295.SH,20151009,4.3898,4.4658,4.3313,4.4132,4.384,0.02919999999999945,0.6661,58928.29,44375.834
600295.SH,20151008,4.3547,4.4307,4.2846,4.384,4.2378,0.14620000000000033,3.4499,68382.9,51081.083
600295.SH,20150930,4.1385,4.2729,4.1268,4.2378,4.1151,0.12270000000000003,2.9817,64674.35,46681.262
600295.SH,20150929,4.1618,4.2086,4.0274,4.1151,4.2144,-0.09930000000000039,-2.3562,33718.71,23854.29
600295.SH,20150928,4.1735,4.2378,4.1209,4.2144,4.156,0.058400000000000674,1.4052,27206.0,19503.037
600295.SH,20150925,4.2086,4.2963,4.0917,4.156,4.2729,-0.11690000000000023,-2.7358,42898.03,30853.784
600295.SH,20150924,4.2378,4.3138,4.2086,4.2729,4.2144,0.05849999999999955,1.3881,48121.13,35158.835
600295.SH,20150923,4.2086,4.2612,4.156,4.2144,4.2963,-0.0818999999999992,-1.9063,50344.62,36242.887
600295.SH,20150922,4.2671,4.343,4.2378,4.2963,4.2671,0.02919999999999945,0.6843,59923.62,43894.431
600295.SH,20150921,4.0917,4.2904,4.0332,4.2671,4.1677,0.09940000000000015,2.385,60866.64,43710.866
600295.SH,20150918,4.1677,4.2203,4.0917,4.1677,4.1443,0.023399999999999643,0.5646,39001.58,27799.062
600295.SH,20150917,4.2203,4.3781,4.1385,4.1443,4.2787,-0.1343999999999994,-3.1411,84883.47,61986.337
600295.SH,20150916,3.9514,4.308,3.9163,4.2787,3.9163,0.3623999999999996,9.2536,72259.16,50752.675
600295.SH,20150915,3.9748,4.1443,3.8579,3.9163,4.004,-0.08769999999999945,-2.1903,79511.86,54415.81
600295.SH,20150914,4.4483,4.5009,4.004,4.004,4.4483,-0.44430000000000014,-9.9881,81376.47,58070.427
600295.SH,20150911,4.384,4.4541,4.3606,4.4483,4.384,0.06429999999999936,1.4667,51048.42,38525.825
600295.SH,20150910,4.4015,4.4658,4.3255,4.384,4.4775,-0.0934999999999997,-2.0882,50956.76,38475.329
600295.SH,20150909,4.3606,4.5242,4.3255,4.4775,4.3372,0.14029999999999987,3.2348,97276.69,73722.4
600295.SH,20150908,4.1209,4.3547,4.0742,4.3372,4.1677,0.1695000000000002,4.067,65841.33,47467.058
600295.SH,20150907,4.1209,4.2729,4.1092,4.1677,4.0683,0.09940000000000015,2.4433,56542.28,40590.546
600295.SH,20150902,4.0917,4.2671,4.004,4.0683,4.1618,-0.09350000000000058,-2.2466,70937.97,49971.127
600295.SH,20150901,4.4307,4.4307,4.1209,4.1618,4.4599,-0.2980999999999998,-6.684,81372.58,58856.514
600295.SH,20150831,4.6119,4.647,4.4132,4.4599,4.7405,-0.28059999999999974,-5.9192,88483.9,68470.985
600295.SH,20150828,4.5242,4.7464,4.4424,4.7405,4.4366,0.3038999999999996,6.8498,122957.75,95891.152
600295.SH,20150827,4.3547,4.5476,4.1969,4.4366,4.2086,0.22800000000000065,5.4175,79784.83,59363.643
600295.SH,20150826,4.4599,4.6587,4.1151,4.2086,4.4599,-0.2513000000000005,-5.6347,96618.82,73374.923
600295.SH,20150825,4.5009,4.6762,4.4599,4.4599,4.9568,-0.4969000000000001,-10.0246,77863.43,60512.993
600295.SH,20150824,5.2666,5.3192,4.9568,4.9568,5.5062,-0.5493999999999994,-9.9778,79984.08,68902.663
600295.SH,20150821,5.629,6.2895,5.3893,5.5062,5.7167,-0.21050000000000058,-3.6822,126773.37,123627.484
600295.SH,20150820,5.8453,5.9856,5.6875,5.7167,5.9739,-0.2572000000000001,-4.3054,149274.14,148976.011
600295.SH,20150819,5.5238,6.1258,5.2841,5.9739,5.7576,0.21630000000000038,3.7568,212078.64,205625.365
600295.SH,20150818,6.4006,6.5409,5.7576,5.7576,6.3947,-0.6371000000000002,-9.9629,239501.34,256201.934
600295.SH,20150817,6.0791,6.4181,6.0031,6.3947,6.1083,0.28640000000000043,4.6887,198293.54,211572.199
600295.SH,20150814,6.2077,6.2486,6.0849,6.1083,6.2018,-0.09350000000000058,-1.5076,120561.82,127354.278
600295.SH,20150813,5.9622,6.3714,5.9563,6.2018,6.044,0.15780000000000083,2.6109,124836.06,131066.956
600295.SH,20150812,6.1375,6.2603,6.0148,6.044,6.2135,-0.1695000000000002,-2.7279,131349.88,138188.699
600295.SH,20150811,6.1434,6.3421,6.0732,6.2135,6.2252,-0.011700000000000266,-0.1879,211385.42,224391.301
600295.SH,20150810,6.0031,6.2544,5.892,6.2252,6.0031,0.2221000000000002,3.6998,223739.98,233997.101
600295.SH,20150807,5.8336,6.1025,5.7634,6.0031,5.7693,0.23379999999999956,4.0525,171905.57,174529.425
600295.SH,20150806,5.6991,5.8628,5.6524,5.7693,5.7693,0.0,0.0,98938.92,97682.812
600295.SH,20150805,5.6232,5.892,5.5881,5.7693,5.6173,0.15200000000000014,2.7059,158175.12,155346.364
600295.SH,20150804,5.3484,5.629,5.3192,5.6173,5.3484,0.26890000000000036,5.0277,102639.52,96323.076
600295.SH,20150803,5.5355,5.5355,5.1555,5.3484,5.5472,-0.1988000000000003,-3.5838,72668.81,66161.119
600295.SH,20150731,5.5004,6.0791,5.4244,5.5472,5.5413,0.00590000000000046,0.1065,87135.77,83570.294
600295.SH,20150730,5.7284,5.781,5.4887,5.5413,5.781,-0.23970000000000002,-4.1463,101107.16,98333.894
600295.SH,20150729,5.6524,5.781,5.3484,5.781,5.5472,0.23379999999999956,4.2147,95513.28,91157.545
600295.SH,20150728,5.3777,5.7751,5.2023,5.5472,5.6582,-0.11099999999999977,-1.9618,135301.13,127311.731
600295.SH,20150727,5.9388,6.1609,5.5238,5.6582,6.0557,-0.39749999999999996,-6.5641,143652.54,144392.537
600295.SH,20150724,6.2311,6.348,6.0031,6.0557,6.1901,-0.1344000000000003,-2.1712,150765.72,159804.723
600295.SH,20150723,5.968,6.2135,5.9563,6.1901,6.0089,0.18120000000000047,3.0155,150514.92,157738.836
600295.SH,20150722,6.0206,6.1726,5.8453,6.0089,5.9914,0.01750000000000007,0.2921,110407.23,113913.931
600295.SH,20150721,5.8394,6.0791,5.7459,5.9914,5.9213,0.07010000000000005,1.1839,117224.93,119615.616
600295.SH,20150720,5.9096,6.044,5.7985,5.9213,5.9388,-0.01750000000000007,-0.2947,109677.09,111131.036
600295.SH,20150717,5.5705,6.0031,5.553,5.9388,5.5355,0.40329999999999977,7.2857,109313.87,107782.763
600295.SH,20150716,5.2549,5.7576,5.2549,5.5355,5.4069,0.1285999999999996,2.3784,99683.92,94254.04
600295.SH,20150715,5.8453,5.9037,5.4069,5.4069,6.0089,-0.6019999999999994,-10.0185,161852.16,156563.152
600295.SH,20150714,6.1726,6.4356,5.9213,6.0089,6.4181,-0.40920000000000023,-6.3757,238292.91,251104.187
600295.SH,20150713,5.9622,6.4766,5.8453,6.4181,5.9388,0.4793000000000003,8.0707,293546.62,311044.772
600295.SH,20150710,5.4244,5.9388,5.3543,5.9388,5.401,0.5377999999999998,9.9574,227893.34,227376.342
600295.SH,20150709,4.5593,5.401,4.5593,5.401,4.91,0.49099999999999966,10.0,236902.7,211103.885
600295.SH,20150708,4.91,4.9977,4.91,4.91,5.4536,-0.5435999999999996,-9.9677,79817.16,67068.485
600295.SH,20150707,5.8219,6.0206,5.4536,5.4536,6.0616,-0.6080000000000005,-10.0304,130366.12,124330.008
600295.SH,20150706,6.4298,6.4298,5.5705,6.0616,5.857,0.20460000000000012,3.4933,127034.37,129307.33
600295.SH,20150703,5.9505,6.7338,5.553,5.857,6.1258,-0.2687999999999997,-4.388,135031.57,138362.015
600295.SH,20150702,6.6344,6.6636,5.968,6.1258,6.5233,-0.39749999999999996,-6.0935,119418.5,130409.855
600295.SH,20150701,7.0143,7.102,6.4883,6.5233,7.0143,-0.49100000000000055,-7.0,129784.3,152788.372
600295.SH,20150630,6.4707,7.0494,6.1492,7.0143,6.4707,0.5436000000000005,8.4009,125132.93,141990.605
600295.SH,20150629,6.8974,6.9559,6.0732,6.4707,6.7454,-0.27470000000000017,-4.0724,148567.4,166346.37
600295.SH,20150626,7.3066,7.4527,6.7454,6.7454,7.4936,-0.7481999999999998,-9.9845,128762.85,155861.797
600295.SH,20150625,7.9028,7.9087,7.3709,7.4936,7.8502,-0.35660000000000025,-4.5426,99781.05,131714.682
600295.SH,20150624,7.664,7.8787,7.6002,7.8497,7.6408,0.20890000000000075,2.734,121068.53,161749.261
600295.SH,20150623,7.4261,7.6988,7.049,7.6408,7.4087,0.23209999999999997,3.1328,110639.56,140648.935
600295.SH,20150619,8.0353,8.2326,7.4087,7.4087,8.2326,-0.8239000000000001,-10.0078,111583.72,151197.954
600295.SH,20150618,8.5459,8.6677,8.2152,8.2326,8.5633,-0.3307000000000002,-3.8618,119929.14,175058.607
600295.SH,20150617,8.1687,8.5749,8.0063,8.5633,8.2268,0.33649999999999913,4.0903,127557.87,181974.257
600295.SH,20150616,8.482,8.5285,8.1397,8.2268,8.6155,-0.38870000000000005,-4.5116,129549.52,185600.86
600295.SH,20150615,8.9172,8.9462,8.5865,8.6155,8.9694,-0.35389999999999944,-3.9456,157877.84,238481.517
600295.SH,20150612,8.7025,9.1608,8.6619,8.9694,8.7199,0.2494999999999994,2.8613,175717.18,271471.94
600295.SH,20150611,8.6387,8.7431,8.5169,8.7199,8.6793,0.0406000000000013,0.4678,129077.31,191896.606
600295.SH,20150610,8.395,8.865,8.3138,8.6793,8.5401,0.13919999999999888,1.63,180006.3,266340.312
600295.SH,20150609,8.6445,8.7315,8.4182,8.5401,8.6445,-0.10440000000000005,-1.2077,142771.47,211118.697
600295.SH,20150608,8.6445,8.865,8.5169,8.6445,8.6329,0.011600000000001387,0.1344,185075.31,275657.115
600295.SH,20150605,8.6213,8.7663,8.4182,8.6329,8.5343,0.09859999999999935,1.1553,216174.96,321879.734
600295.SH,20150604,8.2152,8.5517,7.7104,8.5343,8.221,0.3132999999999999,3.811,190970.16,267515.967
600295.SH,20150603,8.2674,8.5865,8.0585,8.221,8.279,-0.05799999999999983,-0.7006,204464.93,292915.226
600295.SH,20150602,7.8555,8.2848,7.7742,8.279,7.8671,0.41190000000000015,5.2357,202532.65,279087.592
600295.SH,20150601,7.3681,7.8903,7.3275,7.8671,7.3739,0.49319999999999986,6.6885,157598.59,207173.996
600295.SH,20150529,7.3565,7.5422,6.8924,7.3739,7.4435,-0.06960000000000033,-0.935,137056.06,172738.619
600295.SH,20150528,7.8206,8.279,7.4261,7.4435,7.9599,-0.5164,-6.4875,253651.42,344754.841
600295.SH,20150527,7.8903,8.0005,7.6582,7.9599,7.8439,0.11600000000000055,1.4789,232631.32,315067.261
600295.SH,20150526,7.6698,7.8845,7.5132,7.8439,7.6582,0.18569999999999975,2.4249,197036.97,261755.727
600295.SH,20150525,7.3681,7.6756,7.3159,7.6582,7.3797,0.2785000000000002,3.7739,189262.6,245599.895
600295.SH,20150522,7.3159,7.4145,7.1419,7.3797,7.2579,0.12179999999999946,1.6782,186208.43,233620.58
600295.SH,20150521,6.8924,7.3101,6.8808,7.2579,6.9214,0.3365,4.8617,158880.02,194728.863
600295.SH,20150520,6.904,7.0432,6.846,6.9214,6.8518,0.06960000000000033,1.0158,129813.28,155417.211
600295.SH,20150519,6.6661,6.8692,6.6661,6.8518,6.6661,0.18569999999999975,2.7857,92769.09,108746.268
600295.SH,20150518,6.6139,6.7705,6.5791,6.6661,6.7531,-0.08699999999999974,-1.2883,73486.42,84608.605
600295.SH,20150515,7.0722,7.0722,6.7125,6.7531,6.991,-0.23789999999999978,-3.4029,125195.09,148147.471
600295.SH,20150514,7.0084,7.1651,6.8634,6.991,7.0142,-0.02320000000000011,-0.3308,174176.27,209168.761
600295.SH,20150513,6.846,7.1128,6.8228,7.0142,6.904,0.11019999999999985,1.5962,194059.65,234268.973
600295.SH,20150512,6.8692,6.9562,6.7415,6.904,6.8692,0.03479999999999972,0.5066,110189.2,129999.032
600295.SH,20150511,6.6719,6.904,6.6081,6.8692,6.6255,0.24370000000000047,3.6782,151934.8,177342.939
600295.SH,20150508,6.5269,6.6429,6.4631,6.6255,6.4805,0.14499999999999957,2.2375,89140.14,100615.414
600295.SH,20150507,6.3876,6.7822,6.3818,6.4805,6.4224,0.058100000000000485,0.9046,75031.54,83626.384
600295.SH,20150506,6.6081,6.6835,6.3818,6.4224,6.6023,-0.17989999999999995,-2.7248,97051.55,109895.712
600295.SH,20150505,6.962,7.0258,6.5675,6.6023,6.9736,-0.37130000000000063,-5.3244,118186.75,138340.871
600295.SH,20150504,7.02,7.0606,6.846,6.9736,7.0374,-0.06379999999999963,-0.9066,100377.4,120303.21
600295.SH,20150430,7.1593,7.2869,7.02,7.0374,7.1535,-0.11610000000000031,-1.623,120131.97,148212.847
600295.SH,20150429,7.049,7.1941,6.846,7.1535,7.0142,0.13930000000000042,1.986,112946.11,137410.967
600295.SH,20150428,7.2463,7.3855,6.962,7.0142,7.2405,-0.22630000000000017,-3.1255,140044.21,172681.892
600295.SH,20150427,7.1419,7.2927,7.1419,7.2405,7.1186,0.12190000000000012,1.7124,122274.8,152119.04
600295.SH,20150424,7.1767,7.3043,7.049,7.1186,7.2927,-0.17410000000000014,-2.3873,117734.04,145412.77
600295.SH,20150423,7.3391,7.3797,7.1709,7.2927,7.3391,-0.04640000000000022,-0.6322,157528.16,197354.234
600295.SH,20150422,7.2695,7.4493,7.2405,7.3391,7.2695,0.06960000000000033,0.9574,211625.58,266880.672
600295.SH,20150421,6.9272,7.2753,6.904,7.2695,6.962,0.3075000000000001,4.4168,227248.56,278175.011
600295.SH,20150420,6.9388,7.0722,6.7822,6.962,7.0606,-0.09860000000000024,-1.3965,178189.4,212331.335
600295.SH,20150417,7.02,7.0954,6.8924,7.0606,6.962,0.09860000000000024,1.4163,162253.04,196251.846
600295.SH,20150416,6.7938,7.1186,6.6197,6.962,6.8866,0.07540000000000013,1.0949,138278.56,164554.229
600295.SH,20150415,7.078,7.1012,6.7241,6.8866,7.1825,-0.2959000000000005,-4.1197,146221.39,173956.221
600295.SH,20150414,7.2405,7.3159,7.1361,7.1825,7.2405,-0.05799999999999983,-0.801,119555.14,148780.7
600295.SH,20150413,6.8344,7.3159,6.8286,7.2405,6.8344,0.40610000000000035,5.942,165972.09,201284.839
600295.SH,20150410,6.6023,6.9156,6.5733,6.8344,6.6139,0.22049999999999947,3.3339,110891.89,129847.895
600295.SH,20150409,6.933,6.9562,6.4747,6.6139,6.933,-0.3190999999999997,-4.6026,141045.96,162055.014
600295.SH,20150408,7.049,7.1012,6.8112,6.933,7.0258,-0.09280000000000044,-1.3208,133898.52,160750.521
600295.SH,20150407,6.7183,7.049,6.6951,7.0258,6.6777,0.3481000000000005,5.2129,158897.02,189038.691
600295.SH,20150403,6.6023,6.6835,6.5211,6.6777,6.6023,0.07540000000000013,1.142,138622.36,158004.185
600295.SH,20150402,6.5733,6.6487,6.4689,6.6023,6.5675,0.03479999999999972,0.5299,128683.56,145569.893
600295.SH,20150401,6.3122,6.5733,6.3064,6.5675,6.3296,0.23789999999999978,3.7585,139547.85,156009.142
600295.SH,20150331,6.4689,6.5269,6.3238,6.3296,6.4515,-0.12190000000000012,-1.8895,117769.43,130470.584
600295.SH,20150330,6.289,6.4979,6.2426,6.4515,6.26,0.19150000000000045,3.0591,152567.55,167804.79
600295.SH,20150327,6.1904,6.3064,6.1382,6.26,6.1962,0.06379999999999963,1.0297,103719.5,111198.369
600295.SH,20150326,6.0976,6.2658,6.0395,6.1962,6.1788,0.017400000000000304,0.2816,113203.04,120529.456
600295.SH,20150325,6.1498,6.202,6.0627,6.1788,6.202,-0.02320000000000011,-0.3741,118483.85,124954.348
600295.SH,20150324,6.3818,6.3818,6.0511,6.202,6.3934,-0.1913999999999998,-2.9937,159297.99,170541.354
600295.SH,20150323,6.3122,6.4399,6.2832,6.3934,6.3238,0.06959999999999944,1.1006,133305.24,145911.946
600295.SH,20150320,6.4282,6.4689,6.2948,6.3238,6.4747,-0.15090000000000003,-2.3306,105517.85,115598.217
600295.SH,20150319,6.3354,6.4863,6.2658,6.4747,6.3354,0.13930000000000042,2.1988,141278.69,155333.307
600295.SH,20150318,6.289,6.3412,6.2426,6.3354,6.289,0.04640000000000022,0.7378,88183.98,95631.888
600295.SH,20150317,6.3528,6.4108,6.1904,6.289,6.347,-0.05800000000000072,-0.9138,111039.25,120336.625
600295.SH,20150316,6.2658,6.3876,6.1382,6.347,6.2078,0.13920000000000066,2.2423,111964.97,120691.008
600295.SH,20150313,6.0453,6.4341,6.0453,6.2078,6.0221,0.18569999999999975,3.0836,101438.54,108836.477
600295.SH,20150312,6.0279,6.1266,5.9409,6.0221,6.0279,-0.005799999999999805,-0.0962,60601.36,62850.763
600295.SH,20150311,5.9409,6.0801,5.9119,6.0279,5.9641,0.06379999999999963,1.0697,66382.89,68521.387
600295.SH,20150310,5.9699,6.115,5.9235,5.9641,5.9583,0.005799999999999805,0.0973,77519.67,80423.027
600295.SH,20150309,5.9641,6.0105,5.8365,5.9583,6.0163,-0.05799999999999983,-0.964,68906.62,70209.294
600295.SH,20150306,6.115,6.1788,5.9815,6.0163,6.1556,-0.13929999999999954,-2.263,79727.98,83150.978
600295.SH,20150305,6.0918,6.2078,5.9467,6.1556,6.0918,0.06379999999999963,1.0473,104536.55,109148.804
600295.SH,20150304,5.9583,6.1324,5.8945,6.0918,6.0279,0.06390000000000029,1.0601,116120.32,120507.213
600295.SH,20150303,5.7437,6.2484,5.6856,6.0279,5.732,0.2958999999999996,5.1622,251489.61,259913.911
600295.SH,20150302,5.4768,5.7437,5.442,5.732,5.4594,0.2726000000000006,4.9932,135746.85,130488.367
600295.SH,20150227,5.4826,5.5232,5.4304,5.4594,5.4942,-0.03480000000000061,-0.6334,70795.16,67004.862
600295.SH,20150226,5.4188,5.5232,5.3956,5.4942,5.4826,0.011600000000000499,0.2116,76736.49,72005.386
600295.SH,20150225,5.6798,5.6914,5.4826,5.4826,5.674,-0.19140000000000068,-3.3733,87414.25,83863.802
600295.SH,20150217,5.558,5.6798,5.5348,5.674,5.5638,0.11020000000000074,1.9807,102682.05,99009.593
600295.SH,20150216,5.5696,5.616,5.4884,5.5638,5.5696,-0.0058000000000006935,-0.1041,105002.42,100286.774
600295.SH,20150213,5.5754,5.6624,5.4768,5.5696,5.5464,0.02320000000000011,0.4183,123365.29,118338.766
600295.SH,20150212,5.3956,5.5522,5.3781,5.5464,5.4072,0.13920000000000066,2.5743,105629.47,99870.492
600295.SH,20150211,5.3201,5.4246,5.2911,5.4072,5.3201,0.08709999999999951,1.6372,68588.24,63653.617
600295.SH,20150210,5.4768,5.5348,5.2853,5.3201,5.4942,-0.17410000000000014,-3.1688,110494.34,102735.77
600295.SH,20150209,5.4478,5.5058,5.3375,5.4942,5.4246,0.06960000000000033,1.283,252506.09,237341.356
600295.SH,20150206,5.4188,5.4826,5.3665,5.4246,5.4246,0.0,0.0,118804.99,111064.787
600295.SH,20150205,5.4536,5.4826,5.3781,5.4246,5.4188,0.005799999999999805,0.107,126362.41,118230.181
600295.SH,20150204,5.3201,5.4478,5.2389,5.4188,5.2795,0.13930000000000042,2.6385,117607.94,109266.56
600295.SH,20150203,5.1403,5.3375,5.1403,5.2795,5.1635,0.11599999999999966,2.2465,85853.77,78239.601
600295.SH,20150202,5.0649,5.2157,5.001,5.1635,5.1171,0.04640000000000022,0.9068,67866.58,60267.005
600295.SH,20150130,5.1229,5.1577,5.0881,5.1171,5.1171,0.0,0.0,35476.5,31330.944
600295.SH,20150129,5.0881,5.1229,5.0417,5.1171,5.0881,0.028999999999999915,0.57,42435.89,37276.546
600295.SH,20150128,5.1055,5.1461,5.0591,5.0881,5.1113,-0.02320000000000011,-0.4539,41814.06,36825.718
600295.SH,20150127,5.1055,5.1635,5.0475,5.1113,5.1055,0.005799999999999805,0.1136,57095.56,50254.099
600295.SH,20150126,5.0126,5.1113,4.9952,5.1055,5.03,0.0754999999999999,1.501,48851.21,42600.647
600295.SH,20150123,5.0881,5.0939,5.001,5.03,5.0765,-0.046499999999999986,-0.916,42905.34,37262.467
600295.SH,20150122,5.03,5.0881,4.9952,5.0765,5.03,0.046499999999999986,0.9245,52878.62,46055.138
600295.SH,20150121,4.9314,5.0358,4.914,5.03,4.9256,0.10440000000000005,2.1195,62539.69,53670.985
600295.SH,20150120,4.7516,4.9314,4.7516,4.9256,4.8154,0.11019999999999985,2.2885,56951.32,47969.083
600295.SH,20150119,4.8734,5.0068,4.7632,4.8154,5.03,-0.2145999999999999,-4.2664,68101.33,57625.975
600295.SH,20150116,4.9546,5.0358,4.914,5.03,4.9778,0.052200000000000024,1.0487,55129.18,47332.755
600295.SH,20150115,5.0475,5.0475,4.856,4.9778,5.1461,-0.16829999999999945,-3.2704,106888.96,90924.272
600295.SH,20150114,5.2273,5.2621,5.1287,5.1461,5.2157,-0.06960000000000033,-1.3344,34300.67,30721.478
600295.SH,20150113,5.1345,5.2389,5.0475,5.2157,5.1403,0.07540000000000013,1.4668,40200.44,35955.393
600295.SH,20150112,5.3259,5.3259,5.1055,5.1403,5.3375,-0.19720000000000049,-3.6946,57606.5,51513.813
600295.SH,20150109,5.4768,5.4826,5.3317,5.3375,5.4768,-0.13929999999999954,-2.5435,75682.91,70480.718
600295.SH,20150108,5.5812,5.6334,5.4594,5.4768,5.5638,-0.08699999999999974,-1.5637,85232.54,81485.389
600295.SH,20150107,5.4826,5.6276,5.442,5.5638,5.4362,0.12759999999999927,2.3472,113715.46,108488.702
600295.SH,20150106,5.5348,5.5348,5.3375,5.4362,5.5348,-0.09859999999999935,-1.7815,103609.18,96611.522
600295.SH,20150105,5.4594,5.5754,5.4362,5.5348,5.4304,0.10440000000000005,1.9225,129172.46,122799.774
600295.SH,20141231,5.3549,5.4826,5.3085,5.4304,5.3549,0.0754999999999999,1.4099,74837.17,69734.261
600295.SH,20141230,5.3723,5.5174,5.3085,5.3549,5.3607,-0.005799999999999805,-0.1082,76511.45,71250.415
600295.SH,20141229,5.4942,5.587,5.3433,5.3607,5.4594,-0.09870000000000001,-1.8079,127355.8,119916.236
600295.SH,20141226,5.2795,5.4884,5.2505,5.4594,5.2157,0.24369999999999958,4.6724,155024.58,144537.228
600295.SH,20141225,5.1519,5.2621,5.1461,5.2157,5.1461,0.06960000000000033,1.3525,63742.32,57151.594
600295.SH,20141224,5.0068,5.1519,5.0068,5.1461,5.0068,0.13929999999999954,2.7822,51978.74,45593.401
600295.SH,20141223,4.9662,5.1287,4.9662,5.0068,5.001,0.005799999999999805,0.116,45598.26,39680.183
600295.SH,20141222,5.1055,5.1461,4.9024,5.001,5.1055,-0.10449999999999982,-2.0468,79918.44,69072.057
600295.SH,20141219,5.1983,5.2099,5.0358,5.1055,5.1925,-0.08699999999999974,-1.6755,87967.52,77695.668
600295.SH,20141218,5.2505,5.3027,5.1693,5.1925,5.2505,-0.05799999999999983,-1.1047,70834.89,63750.271
600295.SH,20141217,5.2273,5.3259,5.1751,5.2505,5.2157,0.03479999999999972,0.6672,115717.98,104915.79
600295.SH,20141216,5.2273,5.2563,5.1635,5.2157,5.2331,-0.017400000000000304,-0.3325,65598.83,58845.343
600295.SH,20141215,5.1867,5.3085,5.1693,5.2331,5.1867,0.04640000000000022,0.8946,77093.17,69489.967
600295.SH,20141212,5.1809,5.2099,5.1171,5.1867,5.1751,0.011600000000000499,0.2242,68510.32,60980.791
600295.SH,20141211,4.9488,5.1809,4.9198,5.1751,4.9952,0.17989999999999995,3.6015,101811.14,88832.88
600295.SH,20141210,4.9024,5.001,4.8096,4.9952,4.9198,0.07539999999999925,1.5326,77409.39,65518.208
600295.SH,20141209,5.0881,5.1461,4.9024,4.9198,5.0939,-0.17409999999999926,-3.4178,118987.04,103398.735
600295.SH,20141208,5.0533,5.1519,5.0068,5.0939,5.0765,0.017399999999999416,0.3428,93811.2,82230.274
600295.SH,20141205,5.3375,5.3549,4.9894,5.0765,5.3259,-0.24939999999999962,-4.6828,134642.89,119685.378
600295.SH,20141204,5.2563,5.3317,5.2099,5.3259,5.2505,0.07540000000000013,1.4361,135171.19,123092.863
600295.SH,20141203,5.1635,5.2911,5.0997,5.2505,5.1519,0.09859999999999935,1.9139,153205.8,137304.541
600295.SH,20141202,5.1055,5.1925,5.0823,5.1519,5.1055,0.04640000000000022,0.9088,79246.57,70175.376
600295.SH,20141201,5.1055,5.1403,5.0475,5.1055,5.1055,0.0,0.0,71495.39,62816.837
600295.SH,20141128,5.2157,5.2331,5.0475,5.1055,5.2215,-0.11599999999999966,-2.2216,100453.63,88932.995
600295.SH,20141127,5.1171,5.2563,5.1171,5.2215,5.1055,0.11599999999999966,2.2721,123615.16,110594.147
600295.SH,20141126,5.1809,5.1983,5.0765,5.1055,5.1519,-0.04640000000000022,-0.9006,79907.93,70571.134
600295.SH,20141125,5.1055,5.1577,5.0533,5.1519,5.1055,0.04640000000000022,0.9088,91756.56,80565.03
600295.SH,20141124,5.1171,5.1635,5.0707,5.1055,5.0765,0.028999999999999915,0.5713,99447.34,87670.409
600295.SH,20141121,5.0765,5.0823,5.03,5.0765,5.0591,0.017400000000000304,0.3439,54838.68,47874.575
600295.SH,20141120,5.0358,5.1113,4.9952,5.0591,5.0475,0.01159999999999961,0.2298,57325.38,49903.261
600295.SH,20141119,5.1345,5.1461,5.0126,5.0475,5.1229,-0.07539999999999925,-1.4718,62513.24,54717.759
600295.SH,20141118,5.0939,5.1345,5.0533,5.1229,5.0939,0.028999999999999915,0.5693,58264.48,51220.66
600295.SH,20141117,5.0823,5.1925,5.0765,5.0939,5.1055,-0.011600000000000499,-0.2272,70426.42,62048.839
600295.SH,20141114,5.2853,5.2853,5.0591,5.1055,5.3491,-0.24359999999999982,-4.554,112863.15,99737.476
600295.SH,20141113,5.3143,5.3723,5.2215,5.3491,5.3143,0.03479999999999972,0.6548,122894.62,112053.865
600295.SH,20141112,5.3375,5.4014,5.1925,5.3143,5.4594,-0.14509999999999934,-2.6578,149454.59,136241.149
600295.SH,20141111,5.6972,5.6972,5.2795,5.4594,5.1809,0.2784999999999993,5.3755,401959.26,379750.139
600295.SH,20141110,5.1809,5.1809,5.1809,5.1809,4.711,0.4699,9.9745,9400.68,8394.807
600295.SH,20141107,4.711,4.711,4.711,4.711,4.2816,0.4294000000000002,10.029,3435.01,2789.228
600295.SH,20140505,4.2243,4.2985,4.1387,4.2814,4.23,0.051399999999999224,1.2151,15471.67,11464.836
600295.SH,20140430,4.2414,4.2643,4.2015,4.23,4.2357,-0.00569999999999915,-0.1346,12849.3,9526.629
600295.SH,20140429,4.1786,4.2528,4.1672,4.2357,4.1843,0.051399999999999224,1.2284,15230.81,11220.204
600295.SH,20140428,4.3213,4.3328,4.1672,4.1843,4.3156,-0.13129999999999953,-3.0425,22127.04,16442.507
600295.SH,20140425,4.367,4.4469,4.2928,4.3156,4.3956,-0.08000000000000007,-1.82,21636.24,16557.482
600295.SH,20140424,4.3727,4.4241,4.3727,4.3956,4.3784,0.017199999999999882,0.3928,14389.14,11082.878
600295.SH,20140423,4.4298,4.4526,4.367,4.3784,4.4298,-0.05140000000000011,-1.1603,16652.44,12857.03
600295.SH,20140422,4.4298,4.4755,4.3385,4.4298,4.4526,-0.022800000000000153,-0.5121,29265.91,22580.989
600295.SH,20140421,4.6125,4.6296,4.4412,4.4526,4.6296,-0.1769999999999996,-3.8232,46723.36,37005.782
600295.SH,20140418,4.6068,4.6524,4.5839,4.6296,4.6068,0.022800000000000153,0.4949,19374.58,15670.42
600295.SH,20140417,4.6924,4.6981,4.5839,4.6068,4.6581,-0.051300000000000345,-1.1013,26787.73,21738.965
600295.SH,20140416,4.6296,4.6867,4.6239,4.6581,4.6524,0.005700000000000038,0.1225,23712.94,19349.31
600295.SH,20140415,4.6353,4.6981,4.6125,4.6524,4.681,-0.02859999999999996,-0.611,34781.97,28320.221
600295.SH,20140414,4.7095,4.8751,4.6753,4.681,4.681,0.0,0.0,100117.98,83328.337
600295.SH,20140411,4.4526,4.681,4.4127,4.681,4.4812,0.19979999999999976,4.4586,85445.86,68406.174
600295.SH,20140410,4.4526,4.4983,4.4298,4.4812,4.4698,0.011400000000000077,0.255,38102.54,29798.846
600295.SH,20140409,4.4698,4.4869,4.4127,4.4698,4.4526,0.017199999999999882,0.3863,29566.47,23094.917
600295.SH,20140408,4.3328,4.4641,4.3099,4.4526,4.3556,0.09700000000000042,2.227,38035.3,29429.009
600295.SH,20140404,4.2871,4.3613,4.2814,4.3556,4.3099,0.045700000000000074,1.0603,18356.02,13913.624
600295.SH,20140403,4.3727,4.4013,4.2757,4.3099,4.3784,-0.06850000000000023,-1.5645,31775.82,24145.53
600295.SH,20140402,4.3385,4.4298,4.3156,4.3784,4.3442,0.03420000000000023,0.7873,27190.33,20792.954
600295.SH,20140401,4.3328,4.3499,4.2643,4.3442,4.3385,0.005700000000000038,0.1314,34158.69,25753.852
600295.SH,20140331,4.4184,4.4869,4.3271,4.3385,4.4184,-0.0799000000000003,-1.8083,33129.64,25545.181
600295.SH,20140328,4.4641,4.5211,4.4013,4.4184,4.4583,-0.03990000000000027,-0.895,33716.92,26253.868
600295.SH,20140327,4.3841,4.5154,4.367,4.4583,4.3956,0.06270000000000042,1.4264,33884.35,26335.416
600295.SH,20140326,4.4526,4.4526,4.3385,4.3956,4.4298,-0.03420000000000023,-0.772,29059.08,22389.199
600295.SH,20140325,4.4869,4.5383,4.3898,4.4298,4.4812,-0.05140000000000011,-1.147,38872.05,30358.142
600295.SH,20140324,4.4698,4.5326,4.4298,4.4812,4.4698,0.011400000000000077,0.255,35227.84,27740.548
600295.SH,20140321,4.3385,4.4869,4.2814,4.4698,4.3727,0.09710000000000019,2.2206,33090.6,25448.895
600295.SH,20140320,4.5268,4.5554,4.367,4.3727,4.5497,-0.1769999999999996,-3.8904,40154.33,31366.56
600295.SH,20140319,4.4583,4.6068,4.407,4.5497,4.4812,0.06849999999999934,1.5286,42703.34,33942.143
600295.SH,20140318,4.4412,4.5554,4.4013,4.4812,4.4127,0.06850000000000023,1.5523,46245.76,36363.819
600295.SH,20140317,4.2814,4.4184,4.2643,4.4127,4.27,0.1427000000000005,3.3419,43870.45,33556.05
600295.SH,20140314,4.2814,4.2871,4.2129,4.27,4.2985,-0.028500000000000192,-0.663,29476.36,21913.729
600295.SH,20140313,4.2643,4.3556,4.2585,4.2985,4.2643,0.03419999999999934,0.802,33438.56,25214.342
600295.SH,20140312,4.2186,4.2643,4.1729,4.2643,4.23,0.0343,0.8109,26528.06,19638.873
600295.SH,20140311,4.2643,4.2871,4.1786,4.23,4.27,-0.03999999999999915,-0.9368,28599.35,21159.435
600295.SH,20140310,4.4184,4.4184,4.2585,4.27,4.4298,-0.1598000000000006,-3.6074,32854.8,24885.515
600295.SH,20140307,4.4298,4.5383,4.3841,4.4298,4.4127,0.017100000000000115,0.3875,46794.3,36534.565
600295.SH,20140306,4.367,4.4469,4.3442,4.4127,4.4184,-0.005700000000000038,-0.129,37041.27,28501.232
600295.SH,20140305,4.3841,4.5383,4.3727,4.4184,4.3099,0.10850000000000026,2.5175,70383.17,54990.459
600295.SH,20140304,4.3499,4.367,4.2528,4.3099,4.367,-0.05710000000000015,-1.3075,34111.56,25654.186
600295.SH,20140303,4.2528,4.3784,4.2414,4.367,4.2585,0.10850000000000026,2.5478,41564.81,31523.21
600295.SH,20140228,4.1672,4.2757,4.1615,4.2585,4.19,0.06849999999999934,1.6348,38165.63,28166.085
600295.SH,20140227,4.23,4.2757,4.1615,4.19,4.2471,-0.05709999999999926,-1.3444,51907.71,38289.371
600295.SH,20140226,4.2528,4.3156,4.133,4.2471,4.3156,-0.06850000000000023,-1.5873,51204.61,37805.406
600295.SH,20140225,4.5611,4.5896,4.2357,4.3156,4.5611,-0.24549999999999983,-5.3825,74926.59,58702.179
600295.SH,20140224,4.7666,4.7666,4.5268,4.5611,4.7894,-0.22829999999999995,-4.7668,74715.72,60094.641
600295.SH,20140221,4.8636,4.9322,4.7438,4.7894,4.8579,-0.06850000000000023,-1.4101,80688.74,68508.128
600295.SH,20140220,4.7723,4.8751,4.6981,4.8579,4.7666,0.09129999999999949,1.9154,110015.3,92686.5
600295.SH,20140219,4.7495,4.778,4.681,4.7666,4.778,-0.011399999999999189,-0.2386,62826.87,52103.655
600295.SH,20140218,4.818,4.8294,4.7095,4.778,4.7894,-0.011400000000000077,-0.238,64787.09,53996.917
600295.SH,20140217,4.6639,4.818,4.6467,4.7894,4.641,0.14839999999999964,3.1976,125521.82,104476.448
600295.SH,20140214,4.5839,4.6524,4.544,4.641,4.5896,0.05140000000000011,1.1199,59680.23,48066.888
600295.SH,20140213,4.6467,4.6524,4.5782,4.5896,4.6524,-0.06280000000000019,-1.3498,70213.53,56725.376
600295.SH,20140212,4.641,4.6753,4.6068,4.6524,4.6296,0.022800000000000153,0.4925,61582.11,50017.653
600295.SH,20140211,4.6753,4.7095,4.6068,4.6296,4.6753,-0.045700000000000074,-0.9775,79422.73,64603.361
600295.SH,20140210,4.6125,4.681,4.5896,4.6753,4.6068,0.06850000000000023,1.4869,90161.06,73253.966
600295.SH,20140207,4.4983,4.6125,4.4983,4.6068,4.5268,0.08000000000000007,1.7673,52222.26,41908.654
600295.SH,20140130,4.4755,4.5554,4.4641,4.5268,4.4641,0.06269999999999953,1.4045,43343.81,34273.508
600295.SH,20140129,4.4412,4.4869,4.4127,4.4641,4.4412,0.02289999999999992,0.5156,37870.32,29511.619
600295.SH,20140128,4.4926,4.5611,4.4298,4.4412,4.4926,-0.05140000000000011,-1.1441,48568.74,38147.458
600295.SH,20140127,4.5953,4.5953,4.4869,4.4926,4.6011,-0.10849999999999937,-2.3581,55435.38,44084.031
600295.SH,20140124,4.5383,4.6068,4.4241,4.6011,4.5725,0.02859999999999996,0.6255,84881.0,67331.073
600295.SH,20140123,4.6353,4.6981,4.5668,4.5725,4.6353,-0.06280000000000019,-1.3548,68200.73,55104.157
600295.SH,20140122,4.5497,4.6467,4.5154,4.6353,4.5097,0.12560000000000038,2.7851,75506.33,60906.142
600295.SH,20140121,4.5097,4.5668,4.4469,4.5097,4.5497,-0.040000000000000036,-0.8792,56258.11,44425.148
600295.SH,20140120,4.5097,4.5953,4.4013,4.5497,4.504,0.045700000000000074,1.0147,77596.17,61344.445
600295.SH,20140117,4.6524,4.681,4.4583,4.504,4.6924,-0.18840000000000057,-4.015,105317.46,83956.207
600295.SH,20140116,5.0235,5.0235,4.6353,4.6924,4.9949,-0.3025000000000002,-6.0562,180864.94,151289.829
600295.SH,20140115,4.9892,5.3032,4.9207,4.9949,5.0064,-0.011499999999999844,-0.2297,222540.71,198566.293
600295.SH,20140114,4.8694,5.0692,4.7095,5.0064,4.9264,0.08000000000000007,1.6239,193913.25,166868.623
600295.SH,20140113,5.0634,5.2233,4.8123,4.9264,5.2233,-0.29689999999999994,-5.6841,211929.35,184358.947
600295.SH,20140110,5.3546,5.6115,4.915,5.2233,5.4345,-0.21119999999999983,-3.8863,318643.71,297393.405
600295.SH,20140109,5.0749,5.5715,5.0121,5.4345,5.0977,0.3368000000000002,6.6069,327967.11,307951.958
600295.SH,20140108,4.9264,5.1947,4.915,5.0977,4.9949,0.10279999999999934,2.0581,200243.26,178237.435
600295.SH,20140107,5.0064,5.092,4.9379,4.9949,5.0007,-0.005799999999999805,-0.116,138585.41,121527.112
600295.SH,20140106,4.9493,5.052,4.8351,5.0007,4.9949,0.005799999999999805,0.1161,164497.71,142561.742
600295.SH,20140103,5.0634,5.0806,4.8922,4.9949,5.1034,-0.10849999999999937,-2.126,189246.73,164845.907
600295.SH,20140102,4.9664,5.2233,4.8865,5.1034,5.0806,0.022800000000000153,0.4488,260940.11,232363.822
600295.SH,20131231,4.7894,5.1091,4.7438,5.0806,4.8294,0.25119999999999987,5.2015,304823.21,266933.881
600295.SH,20131230,4.7894,4.9093,4.7152,4.8294,4.7552,0.07419999999999938,1.5604,184821.25,155986.864
600295.SH,20131227,4.7666,4.9322,4.6753,4.7552,4.8465,-0.09129999999999949,-1.8838,246265.28,207110.161
600295.SH,20131226,4.5097,4.9207,4.4641,4.8465,4.5668,0.27970000000000006,6.1246,302987.76,249296.792
600295.SH,20131225,4.1843,4.5896,4.1558,4.5668,4.1729,0.3938999999999995,9.4395,177660.92,137221.164
600295.SH,20131224,4.0702,4.1843,4.053,4.1729,4.0645,0.1084000000000005,2.667,55508.04,40069.916
600295.SH,20131223,4.0473,4.0816,3.9674,4.0645,4.0302,0.0343,0.8511,13563.37,9563.318
600295.SH,20131220,4.0873,4.093,3.996,4.0302,4.0645,-0.0343,-0.8439,16754.65,11873.81
600295.SH,20131219,4.0702,4.1044,4.0302,4.0645,4.0416,0.02289999999999992,0.5666,38013.87,27015.675
600295.SH,20131218,4.0645,4.1101,4.0416,4.0416,4.053,-0.011400000000000077,-0.2813,16619.74,11869.505
600295.SH,20131217,4.053,4.0759,4.0188,4.053,4.0359,0.017100000000000115,0.4237,19649.03,13925.223
600295.SH,20131216,4.1158,4.133,4.0359,4.0359,4.1044,-0.06850000000000023,-1.6689,16048.65,11454.716
600295.SH,20131213,4.1101,4.1215,4.0759,4.1044,4.1273,-0.02289999999999992,-0.5548,15523.89,11151.619
600295.SH,20131212,4.1387,4.2072,4.1273,4.1273,4.1786,-0.051300000000000345,-1.2277,22617.12,16468.964
600295.SH,20131211,4.1501,4.1958,4.0987,4.1786,4.1615,0.017100000000000115,0.4109,49679.18,35914.699
600295.SH,20131210,4.1843,4.2072,4.1387,4.1615,4.1843,-0.022800000000000153,-0.5449,20983.03,15324.178
600295.SH,20131209,4.1729,4.2129,4.1501,4.1843,4.1786,0.005700000000000038,0.1364,21167.39,15485.931
600295.SH,20131206,4.2129,4.27,4.1444,4.1786,4.2243,-0.045700000000000074,-1.0818,28607.37,21166.469
600295.SH,20131205,4.2015,4.2357,4.1672,4.2243,4.1958,0.028500000000000192,0.6793,25678.92,18933.035
600295.SH,20131204,4.1729,4.2414,4.1444,4.1958,4.1729,0.02289999999999992,0.5488,40569.98,29848.829
600295.SH,20131203,4.0302,4.1786,3.996,4.1729,4.0473,0.12560000000000038,3.1033,32713.99,23489.516
600295.SH,20131202,4.1158,4.1273,3.956,4.0473,4.1672,-0.11990000000000034,-2.8772,49920.38,35387.831
600295.SH,20131129,4.1615,4.19,4.1158,4.1672,4.1615,0.005700000000000038,0.137,24921.62,18163.098
600295.SH,20131128,4.133,4.1958,4.1101,4.1615,4.1101,0.05140000000000011,1.2506,35243.96,25654.883
600295.SH,20131127,4.0702,4.1215,4.0302,4.1101,4.0473,0.06280000000000019,1.5517,23405.26,16747.528
600295.SH,20131126,4.0702,4.093,4.0245,4.0473,4.0759,-0.02859999999999996,-0.7017,21474.79,15244.214
600295.SH,20131125,4.053,4.1044,4.0302,4.0759,4.0645,0.011400000000000077,0.2805,19807.86,14114.078
600295.SH,20131122,4.1387,4.1444,4.0588,4.0645,4.1101,-0.04560000000000031,-1.1095,13965.35,9977.835
600295.SH,20131121,4.0816,4.1501,4.053,4.1101,4.1044,0.005700000000000038,0.1389,27659.16,19894.208
600295.SH,20131120,4.0473,4.1444,4.0245,4.1044,4.053,0.05140000000000011,1.2682,24917.63,17810.638
600295.SH,20131119,4.053,4.0873,4.0188,4.053,4.0645,-0.011499999999999844,-0.2829,16382.68,11619.941
600295.SH,20131118,3.956,4.0816,3.9503,4.0645,3.9446,0.1198999999999999,3.0396,28357.21,20044.671
600295.SH,20131115,3.8704,3.9845,3.8647,3.9446,3.8989,0.045700000000000074,1.1721,18041.36,12463.526
600295.SH,20131114,3.8304,3.9103,3.8304,3.8989,3.8647,0.034199999999999786,0.8849,6272.4,4261.448
600295.SH,20131113,3.9217,3.956,3.8647,3.8647,3.9217,-0.05699999999999994,-1.4535,11021.43,7547.771
600295.SH,20131112,3.8532,3.9389,3.8418,3.9217,3.8475,0.07419999999999982,1.9285,12179.24,8318.773
600295.SH,20131111,3.8304,3.8932,3.819,3.8475,3.8532,-0.005700000000000038,-0.1479,6742.85,4552.405
600295.SH,20131108,3.916,3.916,3.819,3.8532,3.9389,-0.08569999999999967,-2.1757,12862.49,8703.704
600295.SH,20131107,3.996,4.0131,3.8875,3.9389,3.996,-0.05710000000000015,-1.4289,18020.98,12419.576
600295.SH,20131106,3.9845,4.0473,3.9389,3.996,4.0017,-0.005699999999999594,-0.1424,21675.56,15186.818
600295.SH,20131105,3.9731,4.0131,3.916,4.0017,3.9788,0.022899999999999476,0.5756,11750.87,8156.869
600295.SH,20131104,3.9845,4.0131,3.9617,3.9788,3.9902,-0.011400000000000077,-0.2857,8211.37,5727.049
600295.SH,20131101,4.0017,4.0131,3.9275,3.9902,4.0131,-0.022899999999999476,-0.5706,15598.32,10852.145
600295.SH,20131031,3.9788,4.0359,3.9332,4.0131,3.9446,0.06849999999999978,1.7366,22340.25,15648.784
600295.SH,20131030,3.9275,3.9446,3.8361,3.9446,3.8761,0.06849999999999978,1.7672,12182.01,8327.276
600295.SH,20131029,3.956,4.0131,3.7847,3.8761,3.9617,-0.0855999999999999,-2.1607,25023.58,17011.071
600295.SH,20131028,4.0074,4.0188,3.9446,3.9617,3.9902,-0.028500000000000192,-0.7142,14887.34,10358.488
600295.SH,20131025,4.0702,4.1101,3.9674,3.9902,4.0702,-0.07999999999999963,-1.9655,18759.4,13201.77
600295.SH,20131024,4.1444,4.1558,4.053,4.0702,4.133,-0.06280000000000019,-1.5195,19245.07,13792.898
600295.SH,20131023,4.2814,4.3213,4.1215,4.133,4.2814,-0.14839999999999964,-3.4662,41883.21,30876.158
600295.SH,20131022,4.1843,4.3727,4.1615,4.2814,4.1843,0.0970999999999993,2.3206,71297.27,53674.79
600295.SH,20131021,4.1501,4.2129,4.1215,4.1843,4.1501,0.03420000000000023,0.8241,40612.83,29708.44
600295.SH,20131018,4.0588,4.1958,4.0416,4.1501,4.0588,0.09130000000000038,2.2494,44661.41,32232.187
600295.SH,20131017,4.0188,4.1044,4.0017,4.0588,3.996,0.06279999999999974,1.5716,25221.39,17936.939
600295.SH,20131016,4.0702,4.1044,3.9788,3.996,4.0702,-0.07419999999999982,-1.823,28330.89,20067.79
600295.SH,20131015,4.1044,4.1044,4.0359,4.0702,4.0987,-0.028500000000000192,-0.6953,22994.86,16371.056
600295.SH,20131014,3.9902,4.0987,3.9845,4.0987,3.9902,0.10849999999999982,2.7192,33761.48,23848.782
600295.SH,20131011,3.9046,4.0074,3.8989,3.9902,3.8818,0.10840000000000005,2.7925,46979.75,32556.759
600295.SH,20131010,4.0074,4.0074,3.8761,3.8818,3.9845,-0.10270000000000001,-2.5775,30465.15,20967.459
600295.SH,20131009,3.9788,4.0245,3.9446,3.9845,3.9902,-0.005700000000000038,-0.1428,14078.98,9843.877
600295.SH,20131008,3.956,4.0017,3.8704,3.9902,3.9446,0.04560000000000031,1.156,18274.68,12673.588
600295.SH,20130930,3.9275,3.9731,3.8875,3.9446,3.9217,0.02289999999999992,0.5839,17875.33,12353.822
600295.SH,20130927,3.8818,3.9446,3.8532,3.9217,3.8818,0.039899999999999824,1.0279,16939.49,11569.384
600295.SH,20130926,4.0245,4.0359,3.8761,3.8818,4.0131,-0.13129999999999953,-3.2718,20791.76,14283.585
600295.SH,20130925,4.053,4.0816,3.9902,4.0131,4.0816,-0.06850000000000023,-1.6783,30000.95,21183.019
600295.SH,20130924,4.1273,4.1273,4.0416,4.0816,4.093,-0.011400000000000077,-0.2785,19472.18,13937.667
600295.SH,20130923,4.0987,4.133,4.053,4.093,4.0759,0.017100000000000115,0.4195,18211.04,13029.837
600295.SH,20130918,4.1158,4.1158,4.0245,4.0759,4.1215,-0.04560000000000031,-1.1064,16315.76,11600.182
600295.SH,20130917,4.093,4.1729,4.0816,4.1215,4.0873,0.03420000000000023,0.8367,33914.96,24458.969
600295.SH,20130916,4.1101,4.1501,4.0702,4.0873,4.1044,-0.017100000000000115,-0.4166,21974.29,15805.502
600295.SH,20130913,4.1672,4.1672,4.0816,4.1044,4.1672,-0.06280000000000019,-1.507,28672.65,20645.553
600295.SH,20130912,4.1786,4.1843,4.1273,4.1672,4.2072,-0.040000000000000036,-0.9508,31170.66,22679.151
600295.SH,20130911,4.093,4.2186,4.0588,4.2072,4.093,0.1142000000000003,2.7901,56589.16,41148.943
600295.SH,20130910,4.053,4.1444,4.0245,4.093,4.0473,0.045700000000000074,1.1291,43237.36,30927.836
600295.SH,20130909,3.996,4.053,3.9503,4.0473,3.996,0.0512999999999999,1.2838,31507.28,22170.118
600295.SH,20130906,4.0473,4.0473,3.9617,3.996,4.0359,-0.039899999999999824,-0.9886,21174.03,14789.403
600295.SH,20130905,3.9674,4.0873,3.9674,4.0359,3.996,0.039899999999999824,0.9985,39277.48,27740.726
600295.SH,20130904,3.9617,4.0017,3.9389,3.996,3.9674,0.02859999999999996,0.7209,25546.1,17751.541
600295.SH,20130903,3.9389,3.9902,3.9275,3.9674,3.956,0.011400000000000077,0.2882,27467.26,18996.014
600295.SH,20130902,4.0759,4.0759,3.9103,3.956,3.9503,0.005700000000000038,0.1443,23544.62,16364.031
600295.SH,20130830,3.9217,4.0074,3.8818,3.9503,3.9217,0.02859999999999996,0.7293,23772.27,16434.285
600295.SH,20130829,3.9788,3.9788,3.9217,3.9217,3.9788,-0.05710000000000015,-1.4351,18078.49,12474.532
600295.SH,20130828,3.9389,3.9902,3.9217,3.9788,3.9788,0.0,0.0,24372.82,16895.481
600295.SH,20130827,3.9674,4.0074,3.956,3.9788,3.9902,-0.011400000000000077,-0.2857,17738.18,12359.385
600295.SH,20130826,3.9674,4.0188,3.9046,3.9902,3.916,0.07420000000000027,1.8948,29909.37,20747.747
600295.SH,20130823,3.9845,4.0074,3.859,3.916,3.956,-0.040000000000000036,-1.0111,23580.4,16242.232
600295.SH,20130822,3.9446,4.0131,3.916,3.956,4.0017,-0.04569999999999963,-1.142,26666.34,18514.403
600295.SH,20130821,3.8704,4.1101,3.8647,4.0017,3.8019,0.19979999999999976,5.2553,56677.66,39830.677
600295.SH,20130820,3.8304,3.8532,3.7847,3.8019,3.8418,-0.03990000000000027,-1.0386,15178.7,10172.595
600295.SH,20130819,3.7733,3.8475,3.7277,3.8418,3.8133,0.028500000000000192,0.7474,19935.68,13216.17
600295.SH,20130816,3.8875,4.0473,3.8133,3.8133,3.956,-0.14270000000000005,-3.6072,44720.1,30348.148
600295.SH,20130815,3.996,4.1387,3.9503,3.956,3.8818,0.07419999999999982,1.9115,62999.89,44696.094
600295.SH,20130814,3.9389,3.9845,3.8647,3.8818,3.9389,-0.05709999999999971,-1.4496,23023.87,15781.813
600295.SH,20130813,3.9103,4.0188,3.8989,3.9389,3.9275,0.011399999999999633,0.2903,31978.39,22083.28
600295.SH,20130812,3.779,3.9332,3.7733,3.9275,3.7847,0.14280000000000026,3.7731,44557.46,30194.335
600295.SH,20130809,3.7733,3.7962,3.7334,3.7847,3.7562,0.028499999999999748,0.7587,17187.75,11327.818
600295.SH,20130808,3.7905,3.8076,3.7334,3.7562,3.7905,-0.0343,-0.9049,20499.11,13503.355
600295.SH,20130807,3.7391,3.8761,3.7334,3.7905,3.7334,0.05710000000000015,1.5294,44588.14,29717.25
600295.SH,20130806,3.7219,3.7619,3.6934,3.7334,3.7334,0.0,0.0,18874.85,12327.949
600295.SH,20130805,3.6991,3.7334,3.6706,3.7334,3.7105,0.02289999999999992,0.6172,20618.31,13384.54
600295.SH,20130802,3.6877,3.7277,3.6534,3.7105,3.682,0.028500000000000192,0.774,23748.98,15349.378
600295.SH,20130801,3.6306,3.6991,3.6192,3.682,3.6363,0.045700000000000074,1.2568,17769.51,11435.181
600295.SH,20130731,3.6192,3.6877,3.6135,3.6363,3.6135,0.02279999999999971,0.631,21502.31,13761.52
600295.SH,20130730,3.5964,3.6249,3.5507,3.6135,3.5964,0.017100000000000115,0.4755,14584.05,9175.52
600295.SH,20130729,3.5907,3.642,3.5621,3.5964,3.5564,0.040000000000000036,1.1247,29030.25,18350.927
600295.SH,20130726,3.6021,3.6021,3.5222,3.5564,3.6192,-0.06280000000000019,-1.7352,16545.18,10293.211
600295.SH,20130725,3.6249,3.6477,3.5792,3.6192,3.6249,-0.005699999999999594,-0.1572,11239.97,7108.19
600295.SH,20130724,3.6534,3.6649,3.5621,3.6249,3.6877,-0.06280000000000019,-1.703,17969.38,11371.741
600295.SH,20130723,3.6249,3.6934,3.5849,3.6877,3.6135,0.07419999999999982,2.0534,33933.33,21736.619
600295.SH,20130722,3.5393,3.6477,3.4822,3.6135,3.5621,0.05140000000000011,1.443,23845.44,14996.678
600295.SH,20130719,3.6306,3.6763,3.5507,3.5621,3.6306,-0.06849999999999978,-1.8867,21408.85,13543.001
600295.SH,20130718,3.7048,3.7048,3.6135,3.6306,3.7162,-0.08560000000000034,-2.3034,31217.38,19911.137
600295.SH,20130717,3.8475,3.8532,3.6534,3.7162,3.8532,-0.137,-3.5555,34956.04,22993.009
600295.SH,20130716,3.7619,3.859,3.7619,3.8532,3.7562,0.09699999999999998,2.5824,26508.12,17767.275
600295.SH,20130715,3.7162,3.7905,3.7105,3.7562,3.7277,0.028500000000000192,0.7645,17601.58,11570.863
600295.SH,20130712,3.7962,3.8532,3.7277,3.7277,3.8076,-0.07989999999999986,-2.0984,15825.6,10498.574
600295.SH,20130711,3.6934,3.859,3.682,3.8076,3.7048,0.10279999999999978,2.7748,26680.24,17741.833
600295.SH,20130710,3.5907,3.7105,3.5792,3.7048,3.5964,0.10840000000000005,3.0141,14661.76,9383.433
600295.SH,20130709,3.5735,3.6249,3.5564,3.5964,3.5907,0.005700000000000038,0.1587,14819.59,9313.873
600295.SH,20130708,3.6934,3.6934,3.5678,3.5907,3.7391,-0.1484000000000001,-3.9689,14231.68,9029.381
600295.SH,20130705,3.7562,3.8247,3.7391,3.7391,3.7619,-0.02279999999999971,-0.6061,19113.62,12639.083
600295.SH,20130704,3.6592,3.7847,3.5964,3.7619,3.6991,0.06279999999999974,1.6977,33030.65,21407.313
600295.SH,20130703,3.7448,3.7448,3.6135,3.6991,3.7505,-0.05140000000000011,-1.3705,20166.25,12977.328
600295.SH,20130702,3.8076,3.8076,3.6934,3.7505,3.7905,-0.040000000000000036,-1.0553,28872.62,18889.013
600295.SH,20130701,3.7962,3.8361,3.7162,3.7905,3.8133,-0.02279999999999971,-0.5979,16383.66,10838.177
600295.SH,20130628,3.8704,3.916,3.7619,3.8133,3.8761,-0.06280000000000019,-1.6202,15035.34,10123.031
600295.SH,20130627,3.9046,3.9503,3.859,3.8761,3.9275,-0.05140000000000011,-1.3087,21393.39,14603.198
600295.SH,20130626,3.9275,3.9389,3.8019,3.9275,3.8989,0.028600000000000403,0.7335,20204.51,13651.775
600295.SH,20130625,3.916,4.0416,3.6021,3.8989,3.9617,-0.06280000000000019,-1.5852,22845.99,15404.673
600295.SH,20130624,4.1958,4.1958,3.8875,3.9617,4.2129,-0.2512000000000003,-5.9626,26526.47,18739.503
600295.SH,20130621,4.3385,4.3385,4.1387,4.2129,4.367,-0.15409999999999968,-3.5287,26243.0,19320.382
600295.SH,20130620,4.544,4.544,4.3613,4.367,4.5497,-0.18269999999999964,-4.0156,21089.74,16363.07
600295.SH,20130619,4.4013,4.5554,4.367,4.5497,4.3613,0.18839999999999968,4.3198,39036.61,30539.953
600295.SH,20130618,4.2985,4.4013,4.2871,4.3613,4.2871,0.07420000000000027,1.7308,11626.94,8861.315
600295.SH,20130617,4.3328,4.3385,4.2585,4.2871,4.3042,-0.017100000000000115,-0.3973,9690.63,7293.337
600295.SH,20130614,4.2928,4.3213,4.27,4.3042,4.2928,0.011400000000000077,0.2656,8477.63,6383.668
600295.SH,20130613,4.3556,4.3556,4.2414,4.2928,4.3784,-0.08560000000000034,-1.9551,14975.38,11244.517
600295.SH,20130607,4.4526,4.4698,4.3613,4.3784,4.4412,-0.06280000000000019,-1.414,11354.29,8768.288
600295.SH,20130606,4.4641,4.5097,4.4355,4.4412,4.504,-0.0627999999999993,-1.3943,16639.16,13073.971
600295.SH,20130605,4.544,4.5611,4.4698,4.504,4.5497,-0.045700000000000074,-1.0045,15110.34,11933.042
600295.SH,20130604,4.6981,4.6981,4.5326,4.5497,4.681,-0.13130000000000042,-2.805,17876.27,14371.877
600295.SH,20130603,4.6596,4.7047,4.6539,4.6821,4.6708,0.01130000000000031,0.2419,18757.24,15545.209
600295.SH,20130531,4.7103,4.7329,4.6652,4.6708,4.7047,-0.03390000000000004,-0.7206,18436.42,15386.42
600295.SH,20130530,4.7385,4.7385,4.6821,4.7047,4.7329,-0.028200000000000003,-0.5958,21307.1,17754.422
600295.SH,20130529,4.7329,4.7724,4.716,4.7329,4.7273,0.005600000000000271,0.1185,22157.5,18607.582
600295.SH,20130528,4.7047,4.7385,4.6539,4.7273,4.6934,0.03390000000000004,0.7223,25595.69,21319.97
600295.SH,20130527,4.716,4.7273,4.6596,4.6934,4.7273,-0.03390000000000004,-0.7171,24953.08,20774.052
600295.SH,20130524,4.6821,4.7611,4.6708,4.7273,4.6821,0.04519999999999946,0.9654,17352.01,14462.657
600295.SH,20130523,4.7667,4.7837,4.6765,4.6821,4.778,-0.09589999999999943,-2.0071,24498.48,20424.75
600295.SH,20130522,4.8232,4.8739,4.7611,4.778,4.8006,-0.02260000000000062,-0.4708,31489.91,26944.59
600295.SH,20130521,4.7555,4.8626,4.7385,4.8006,4.7498,0.05080000000000062,1.0695,36189.47,30854.649
600295.SH,20130520,4.7103,4.7611,4.6821,4.7498,4.7047,0.045099999999999696,0.9586,29596.32,24805.809
600295.SH,20130517,4.6539,4.7329,4.6314,4.7047,4.6652,0.03950000000000031,0.8467,29962.62,24897.418
600295.SH,20130516,4.5975,4.6708,4.5467,4.6652,4.5806,0.08460000000000001,1.8469,22522.57,18516.857
600295.SH,20130515,4.5298,4.5975,4.5242,4.5806,4.5637,0.016899999999999693,0.3703,8732.79,7084.208
600295.SH,20130514,4.5919,4.5975,4.5129,4.5637,4.5975,-0.033800000000000274,-0.7352,13663.4,11014.757
600295.SH,20130513,4.5749,4.5975,4.558,4.5975,4.5806,0.01690000000000058,0.3689,10012.32,8122.51
600295.SH,20130510,4.5411,4.5862,4.4903,4.5806,4.5524,0.028200000000000003,0.6195,11250.88,9078.597
600295.SH,20130509,4.5975,4.6032,4.5129,4.5524,4.6201,-0.06770000000000032,-1.4653,16009.58,12896.845
600295.SH,20130508,4.6201,4.6426,4.5919,4.6201,4.6257,-0.005600000000000271,-0.1211,17202.86,14070.479
600295.SH,20130507,4.6257,4.6483,4.5749,4.6257,4.6257,0.0,0.0,10600.45,8665.568
600295.SH,20130506,4.5975,4.6483,4.5467,4.6257,4.5637,0.06200000000000028,1.3585,16702.3,13668.799
600295.SH,20130503,4.4226,4.5806,4.4226,4.5637,4.4226,0.14109999999999978,3.1904,14751.4,11856.455
600295.SH,20130502,4.4057,4.4452,4.3775,4.4226,4.4057,0.016899999999999693,0.3836,5797.93,4529.222
600295.SH,20130426,4.5298,4.5355,4.3888,4.4057,4.4903,-0.08460000000000001,-1.8841,6661.47,5243.781
600295.SH,20130425,4.5411,4.5411,4.4339,4.4903,4.5411,-0.050799999999999734,-1.1187,7466.5,5948.046
600295.SH,20130424,4.4621,4.5524,4.4339,4.5411,4.4621,0.07899999999999974,1.7705,6988.36,5575.061
600295.SH,20130423,4.6201,4.6201,4.4565,4.4621,4.6201,-0.15799999999999947,-3.4198,10872.79,8726.711
600295.SH,20130422,4.5975,4.6257,4.5693,4.6201,4.637,-0.016899999999999693,-0.3645,10397.11,8476.117
600295.SH,20130419,4.5185,4.6539,4.4847,4.637,4.5298,0.10719999999999974,2.3666,18534.39,15078.148
600295.SH,20130418,4.4565,4.558,4.4114,4.5298,4.479,0.050799999999999734,1.1342,19041.47,15204.859
600295.SH,20130417,4.4565,4.4847,4.4339,4.479,4.4565,0.022499999999999964,0.5049,6644.2,5254.251
600295.SH,20130416,4.3042,4.4678,4.3042,4.4565,4.3437,0.11280000000000001,2.5969,7588.74,5925.62
600295.SH,20130415,4.4508,4.4508,4.338,4.3437,4.4396,-0.09590000000000032,-2.1601,8027.32,6209.599
600295.SH,20130412,4.4452,4.4847,4.4283,4.4396,4.4508,-0.011199999999999655,-0.2516,4464.26,3525.097
600295.SH,20130411,4.4903,4.5242,4.4508,4.4508,4.4903,-0.03950000000000031,-0.8797,8592.95,6861.048
600295.SH,20130410,4.4678,4.5016,4.4339,4.4903,4.4621,0.028200000000000003,0.632,9741.69,7719.937
600295.SH,20130409,4.3944,4.4734,4.3888,4.4621,4.3944,0.06770000000000032,1.5406,10533.82,8295.842
600295.SH,20130408,4.3888,4.4001,4.3155,4.3944,4.4565,-0.062100000000000044,-1.3935,14874.45,11473.913
600295.SH,20130403,4.5129,4.5298,4.4226,4.4565,4.4903,-0.033800000000000274,-0.7527,11328.75,8979.022
600295.SH,20130402,4.5806,4.6652,4.4678,4.4903,4.5524,-0.062099999999999156,-1.3641,13924.24,11193.356
600295.SH,20130401,4.5242,4.5749,4.5242,4.5524,4.5242,0.028199999999999115,0.6233,7830.79,6315.318
600295.SH,20130329,4.5975,4.6032,4.5129,4.5242,4.5524,-0.028199999999999115,-0.6195,11553.22,9315.169
600295.SH,20130328,4.7103,4.7103,4.5467,4.5524,4.7442,-0.19180000000000064,-4.0428,12825.1,10460.504
600295.SH,20130327,4.7273,4.8401,4.7103,4.7442,4.7385,0.005700000000000038,0.1203,11720.18,9866.433
600295.SH,20130326,4.7837,4.8232,4.6934,4.7385,4.8288,-0.09030000000000005,-1.87,11116.4,9333.219
600295.SH,20130325,4.8062,4.8401,4.8006,4.8288,4.7724,0.056400000000000006,1.1818,17964.72,15346.935
600295.SH,20130322,4.778,4.8006,4.7611,4.7724,4.8006,-0.028200000000000003,-0.5874,11168.31,9463.128
600295.SH,20130321,4.8006,4.8401,4.7724,4.8006,4.8006,0.0,0.0,12599.79,10719.036
600295.SH,20130320,4.7047,4.8062,4.7047,4.8006,4.716,0.08460000000000001,1.7939,13389.28,11308.9
600295.SH,20130319,4.6708,4.7273,4.5975,4.716,4.6708,0.04520000000000035,0.9677,11033.89,9149.261
600295.SH,20130318,4.7216,4.7724,4.6539,4.6708,4.7216,-0.050799999999999734,-1.0759,8577.86,7139.476
600295.SH,20130315,4.7442,4.8119,4.6878,4.7216,4.7442,-0.02260000000000062,-0.4764,12446.85,10489.005
600295.SH,20130314,4.6934,4.7555,4.6934,4.7442,4.716,0.028200000000000003,0.598,8949.41,7506.978
600295.SH,20130313,4.7724,4.8062,4.6878,4.716,4.778,-0.06199999999999939,-1.2976,9151.64,7692.93
600295.SH,20130312,4.9642,4.9867,4.7498,4.778,4.9698,-0.19180000000000064,-3.8593,19328.23,16660.137
600295.SH,20130311,4.9755,4.9755,4.9191,4.9698,4.9811,-0.011299999999999422,-0.2269,11326.69,9931.289
600295.SH,20130308,4.9585,5.015,4.9529,4.9811,4.9867,-0.005600000000000271,-0.1123,18386.33,16251.247
600295.SH,20130307,4.9698,5.0714,4.9303,4.9867,4.9811,0.005600000000000271,0.1124,26196.68,23122.802
600295.SH,20130306,4.9191,5.0037,4.8852,4.9811,4.9134,0.06769999999999943,1.3779,23557.42,20697.026
600295.SH,20130305,4.8514,4.9191,4.8288,4.9134,4.857,0.056400000000000006,1.1612,21570.59,18690.977
600295.SH,20130304,5.0262,5.0262,4.8514,4.857,5.0826,-0.22560000000000002,-4.4387,31180.02,27168.628
600295.SH,20130301,5.1447,5.1503,5.0375,5.0826,5.1278,-0.04519999999999946,-0.8815,24281.7,21850.558
600295.SH,20130228,5.0206,5.1334,5.0206,5.1278,5.0037,0.12409999999999943,2.4802,20511.25,18514.562
600295.SH,20130227,5.0601,5.1503,4.9473,5.0037,5.077,-0.0732999999999997,-1.4438,23111.46,20609.3
600295.SH,20130226,5.2068,5.2068,5.0206,5.077,5.218,-0.14100000000000001,-2.7022,31753.28,28901.228
600295.SH,20130225,5.1898,5.2519,5.1616,5.218,5.1673,0.05069999999999997,0.9812,17651.24,16317.258
600295.SH,20130222,5.1785,5.218,5.1391,5.1673,5.1616,0.005700000000000038,0.1104,16129.01,14815.808
600295.SH,20130221,5.2406,5.2406,5.1334,5.1616,5.2688,-0.10719999999999974,-2.0346,31690.76,29058.245
600295.SH,20130220,5.235,5.2801,5.1673,5.2688,5.2406,0.028200000000000003,0.5381,22246.15,20642.196
600295.SH,20130219,5.3252,5.3591,5.218,5.2406,5.3591,-0.11850000000000005,-2.2112,35589.76,33411.141
600295.SH,20130218,5.3591,5.4155,5.2801,5.3591,5.3703,-0.011200000000000543,-0.2086,27355.67,25911.452
600295.SH,20130208,5.3365,5.4155,5.3196,5.3703,5.3421,0.028200000000000003,0.5279,24497.24,23298.74
600295.SH,20130207,5.3083,5.3929,5.235,5.3421,5.3252,0.01690000000000058,0.3174,31427.77,29542.467
600295.SH,20130206,5.5847,5.5847,5.3196,5.3252,5.3985,-0.07330000000000059,-1.3578,50808.76,48640.929
600295.SH,20130205,5.2801,5.4098,5.2575,5.3985,5.297,0.10150000000000059,1.9162,66902.5,63151.283
600295.SH,20130204,5.1785,5.3309,5.1447,5.297,5.156,0.14100000000000001,2.7347,73055.34,67956.413
600295.SH,20130201,5.1334,5.1785,5.0883,5.156,5.1334,0.02259999999999973,0.4403,25112.26,22889.087
600295.SH,20130131,5.1447,5.1842,5.0996,5.1334,5.1447,-0.01130000000000031,-0.2196,25051.98,22774.907
600295.SH,20130130,5.0544,5.2462,5.0319,5.1447,5.0206,0.12410000000000032,2.4718,59534.24,54438.151
600295.SH,20130129,5.0206,5.0657,4.9867,5.0206,5.0093,0.01130000000000031,0.2256,23357.61,20821.463
600295.SH,20130128,4.936,5.015,4.9191,5.0093,4.9303,0.07899999999999974,1.6023,34818.15,30731.498
600295.SH,20130125,4.9642,4.9811,4.8965,4.9303,4.9529,-0.02259999999999973,-0.4563,13775.68,12035.054
600295.SH,20130124,4.9924,5.156,4.8908,4.9529,4.9867,-0.033800000000000274,-0.6778,32550.61,28944.006
600295.SH,20130123,5.0093,5.0375,4.8965,4.9867,5.0206,-0.03390000000000004,-0.6752,24119.98,21257.217
600295.SH,20130122,5.1673,5.1785,4.998,5.0206,5.1729,-0.15230000000000032,-2.9442,28467.67,25632.241
600295.SH,20130121,5.1278,5.1955,5.077,5.1729,5.1109,0.06200000000000028,1.2131,29183.12,26616.919
600295.SH,20130118,5.077,5.1447,5.0206,5.1109,5.077,0.03390000000000004,0.6677,23397.15,21140.007
600295.SH,20130117,5.1278,5.1673,5.0432,5.077,5.1729,-0.09590000000000032,-1.8539,21465.84,19359.427
600295.SH,20130116,5.156,5.2462,5.0714,5.1729,5.1898,-0.016899999999999693,-0.3256,49139.92,44969.473
600295.SH,20130115,5.015,5.2914,5.0037,5.1898,5.0206,0.16920000000000002,3.3701,64453.44,58775.034
600295.SH,20130114,4.8626,5.0544,4.8514,5.0206,4.9021,0.11850000000000005,2.4173,32277.96,28457.485
600295.SH,20130111,5.0432,5.0826,4.8796,4.9021,5.0657,-0.16359999999999975,-3.2296,25517.21,22445.118
600295.SH,20130110,5.0488,5.0996,4.9811,5.0657,5.0488,0.016899999999999693,0.3347,28292.01,25275.776
600295.SH,20130109,5.0996,5.1278,4.998,5.0488,5.0996,-0.050799999999999734,-0.9962,29791.76,26662.193
600295.SH,20130108,5.0093,5.1673,5.0093,5.0996,4.9698,0.12979999999999947,2.6118,45738.82,41343.939
600295.SH,20130107,4.9473,5.0037,4.9247,4.9698,4.9585,0.01130000000000031,0.2279,19476.02,17107.26
600295.SH,20130104,5.0714,5.156,4.9303,4.9585,5.015,-0.05649999999999977,-1.1266,33041.02,29461.977
600295.SH,20121231,4.9303,5.0375,4.9303,5.015,4.9585,0.05649999999999977,1.1395,32597.28,28853.033
600295.SH,20121228,4.8514,5.0488,4.7949,4.9585,4.8514,0.10709999999999997,2.2076,46337.81,40660.973
600295.SH,20121227,4.9078,4.9473,4.8401,4.8514,4.8908,-0.03939999999999966,-0.8056,24712.92,21380.473
600295.SH,20121226,4.8401,4.9134,4.8401,4.8908,4.8626,0.028200000000000003,0.5799,25613.4,22150.821
600295.SH,20121225,4.778,4.8852,4.7385,4.8626,4.7611,0.1014999999999997,2.1319,28988.96,24896.161
600295.SH,20121224,4.7667,4.8401,4.7329,4.7611,4.7949,-0.033800000000000274,-0.7049,11898.25,10062.58
600295.SH,20121221,4.7216,4.8683,4.6934,4.7949,4.7216,0.07330000000000059,1.5524,29313.08,24893.288
600295.SH,20121220,4.6821,4.7385,4.6426,4.7216,4.6596,0.06199999999999939,1.3306,17036.73,14192.566
600295.SH,20121219,4.6426,4.716,4.6257,4.6596,4.637,0.02260000000000062,0.4874,12973.82,10774.357
600295.SH,20121218,4.6821,4.778,4.6257,4.637,4.7047,-0.06770000000000032,-1.439,21877.62,18163.848
600295.SH,20121217,4.6708,4.8288,4.6483,4.7047,4.6708,0.03390000000000004,0.7258,25304.09,21233.307
600295.SH,20121214,4.4678,4.6765,4.4452,4.6708,4.4678,0.2029999999999994,4.5436,27648.68,22613.972
600295.SH,20121213,4.5298,4.5749,4.4621,4.4678,4.5355,-0.06769999999999943,-1.4927,9385.4,7508.513
600295.SH,20121212,4.5749,4.6144,4.4678,4.5355,4.5806,-0.045099999999999696,-0.9846,11694.57,9397.426
600295.SH,20121211,4.5749,4.637,4.5411,4.5806,4.5806,0.0,0.0,16880.1,13735.329
600295.SH,20121210,4.5693,4.6032,4.5129,4.5806,4.5637,0.016899999999999693,0.3703,16857.46,13646.075
600295.SH,20121207,4.4678,4.6314,4.4001,4.5637,4.4903,0.07339999999999947,1.6346,19132.22,15467.125
600295.SH,20121206,4.4565,4.5242,4.4339,4.4903,4.5073,-0.01699999999999946,-0.3772,10069.94,7995.591
600295.SH,20121205,4.338,4.5637,4.2985,4.5073,4.338,0.16929999999999978,3.9027,16396.16,13034.486
600295.SH,20121204,4.197,4.3831,4.118,4.338,4.2139,0.12410000000000032,2.945,10207.56,7677.303
600295.SH,20121203,4.276,4.2985,4.1914,4.2139,4.2816,-0.06770000000000032,-1.5812,9564.19,7192.019
600295.SH,20121130,4.1801,4.2872,4.1406,4.2816,4.1575,0.12410000000000032,2.985,10857.71,8153.944
600295.SH,20121129,4.2534,4.2816,4.1293,4.1575,4.2308,-0.07330000000000059,-1.7325,12896.25,9659.882
600295.SH,20121128,4.3719,4.3719,4.1744,4.2308,4.3719,-0.14109999999999978,-3.2274,10216.75,7684.639
600295.SH,20121127,4.5862,4.5862,4.3662,4.3719,4.5975,-0.22560000000000002,-4.907,14009.91,10997.008
600295.SH,20121126,4.7555,4.7555,4.5862,4.5975,4.7329,-0.13539999999999974,-2.8608,9231.63,7627.781
600295.SH,20121123,4.6821,4.7498,4.6765,4.7329,4.7047,0.028200000000000003,0.5994,8385.7,7022.554
600295.SH,20121122,4.6991,4.7611,4.6483,4.7047,4.716,-0.01130000000000031,-0.2396,8382.04,7004.514
600295.SH,20121121,4.6708,4.716,4.6144,4.716,4.6483,0.06770000000000032,1.4564,6929.07,5741.425
600295.SH,20121120,4.6821,4.7047,4.6426,4.6483,4.6708,-0.022499999999999964,-0.4817,6209.04,5143.106
600295.SH,20121119,4.6991,4.7047,4.6144,4.6708,4.6991,-0.02829999999999977,-0.6022,7477.98,6192.973
600295.SH,20121116,4.7329,4.7385,4.5975,4.6991,4.7329,-0.033800000000000274,-0.7141,12537.93,10379.062
600295.SH,20121115,4.8119,4.8232,4.716,4.7329,4.8344,-0.1014999999999997,-2.0995,10545.63,8890.732
600295.SH,20121114,4.7837,4.8401,4.7329,4.8344,4.7385,0.09589999999999943,2.0238,9789.13,8307.09
600295.SH,20121113,4.8401,4.8401,4.716,4.7385,4.8401,-0.10159999999999947,-2.0991,10510.67,8874.871
600295.SH,20121112,4.7724,4.8514,4.7724,4.8401,4.7724,0.06769999999999943,1.4186,8261.12,7049.954
600295.SH,20121109,4.7893,4.857,4.7047,4.7724,4.7893,-0.016899999999999693,-0.3529,15273.43,12934.431
600295.SH,20121108,5.0544,5.0544,4.7724,4.7893,5.1109,-0.3216000000000001,-6.2924,20952.58,18336.757
600295.SH,20121107,5.0544,5.1221,4.998,5.1109,5.0544,0.05649999999999977,1.1178,20372.16,18264.787
600295.SH,20121106,5.0601,5.1165,4.9698,5.0544,5.1165,-0.062100000000000044,-1.2137,22733.05,20256.792
600295.SH,20121105,5.0093,5.2124,5.0093,5.1165,4.9698,0.14670000000000005,2.9518,43262.77,39462.649
600295.SH,20121102,4.936,4.9755,4.9134,4.9698,4.936,0.033800000000000274,0.6848,13465.58,11800.226
600295.SH,20121101,4.7724,4.9529,4.7724,4.936,4.7949,0.14109999999999978,2.9427,20655.02,17994.868
600295.SH,20121031,4.716,4.8062,4.6652,4.7949,4.716,0.07889999999999997,1.673,12388.84,10469.107
600295.SH,20121030,4.7555,4.7724,4.6934,4.716,4.7103,0.005700000000000038,0.121,11313.49,9473.856
600295.SH,20121029,4.8232,4.8232,4.6708,4.7103,4.8232,-0.11289999999999978,-2.3408,15223.49,12782.558
600295.SH,20121026,4.998,5.0488,4.8006,4.8232,5.0206,-0.19740000000000002,-3.9318,18554.08,16024.338
600295.SH,20121025,5.1052,5.1616,5.0037,5.0206,5.1052,-0.08460000000000001,-1.6571,21976.33,19741.296
600295.SH,20121024,4.998,5.1673,4.9698,5.1052,5.0375,0.06770000000000032,1.3439,36554.31,32988.885
600295.SH,20121023,5.0319,5.0826,4.9529,5.0375,5.0544,-0.01690000000000058,-0.3344,21278.87,18865.32
600295.SH,20121022,5.0206,5.077,4.9642,5.0544,5.0714,-0.01699999999999946,-0.3352,20075.2,17818.901
600295.SH,20121019,5.0939,5.0939,5.0319,5.0714,5.1109,-0.03950000000000031,-0.7729,22045.87,19760.795
600295.SH,20121018,5.0488,5.1278,5.0206,5.1109,5.0826,0.02829999999999977,0.5568,26866.15,24256.053
600295.SH,20121017,5.1447,5.1447,4.9867,5.0826,5.1503,-0.06769999999999943,-1.3145,25875.51,23193.76
600295.SH,20121016,5.2801,5.2801,5.077,5.1503,5.2632,-0.11290000000000067,-2.1451,42712.12,38931.922
600295.SH,20121012,5.0601,5.2744,4.9755,5.2632,5.0826,0.1806000000000001,3.5533,61072.01,55896.11
600295.SH,20121011,4.9416,5.1165,4.9191,5.0826,4.9755,0.10709999999999997,2.1525,32679.55,29016.261
600295.SH,20121010,4.9585,4.998,4.9134,4.9755,4.9416,0.03390000000000004,0.686,20989.08,18443.71
600295.SH,20121009,4.7949,4.9473,4.778,4.9416,4.778,0.16360000000000063,3.424,20883.99,18141.494
600295.SH,20121008,4.8175,4.8288,4.7385,4.778,4.8288,-0.05080000000000062,-1.052,8408.63,7132.898
600295.SH,20120928,4.716,4.8457,4.6539,4.8288,4.7385,0.09030000000000005,1.9057,16556.72,13978.327
600295.SH,20120927,4.5806,4.7611,4.5806,4.7385,4.5975,0.14100000000000001,3.0669,15354.38,12706.035
600295.SH,20120926,4.6765,4.7385,4.5862,4.5975,4.7442,-0.14670000000000005,-3.0922,12807.67,10546.219
600295.SH,20120925,4.7329,4.7893,4.6878,4.7442,4.7442,0.0,0.0,8312.05,6982.684
600295.SH,20120924,4.778,4.8288,4.6539,4.7442,4.8006,-0.056400000000000006,-1.1749,15588.79,13024.376
600295.SH,20120921,4.8965,4.936,4.7837,4.8006,4.8683,-0.06769999999999943,-1.3906,15301.67,13135.764
600295.SH,20120920,5.0432,5.0714,4.8401,4.8683,5.0375,-0.16920000000000002,-3.3588,12469.08,10878.132
600295.SH,20120919,4.9924,5.0488,4.9698,5.0375,4.9698,0.06769999999999943,1.3622,10498.36,9343.89
600295.SH,20120918,4.9867,5.0488,4.9191,4.9698,4.9698,0.0,0.0,12812.24,11352.043
600295.SH,20120917,5.1334,5.2068,4.9247,4.9698,5.1616,-0.19179999999999975,-3.7159,30214.01,27397.349
600295.SH,20120914,5.0883,5.2124,5.0601,5.1616,5.0488,0.11280000000000001,2.2342,32329.69,29523.138
600295.SH,20120913,5.077,5.1221,5.0262,5.0488,5.1052,-0.056400000000000006,-1.1048,16746.56,15071.16
600295.SH,20120912,5.0657,5.1391,5.0319,5.1052,5.0206,0.08460000000000001,1.6851,21951.33,19813.642
600295.SH,20120911,5.0657,5.0657,4.9755,5.0206,5.077,-0.056400000000000006,-1.1109,19002.67,16856.22
600295.SH,20120910,4.9924,5.1616,4.9247,5.077,4.9473,0.1296999999999997,2.6216,32245.83,28874.39
600295.SH,20120907,4.7498,5.0206,4.7442,4.9473,4.7047,0.24260000000000037,5.1565,35147.09,30655.49
600295.SH,20120906,4.7329,4.7329,4.6483,4.7047,4.6539,0.050799999999999734,1.0916,7804.95,6475.661
600295.SH,20120905,4.6483,4.6821,4.5975,4.6539,4.6483,0.005600000000000271,0.1205,8618.87,7097.479
600295.SH,20120904,4.7498,4.7724,4.6426,4.6483,4.7667,-0.11840000000000028,-2.4839,11359.7,9462.465
600295.SH,20120903,4.7047,4.778,4.6652,4.7667,4.7047,0.06200000000000028,1.3178,10911.03,9159.231
600295.SH,20120831,4.637,4.7385,4.637,4.7047,4.637,0.06770000000000032,1.46,8046.86,6687.007
600295.SH,20120830,4.7949,4.8062,4.5975,4.637,4.7949,-0.1579000000000006,-3.2931,11830.64,9848.498
600295.SH,20120829,4.8514,4.8683,4.7724,4.7949,4.8683,-0.07339999999999947,-1.5077,6289.61,5371.321
600295.SH,20120828,4.8514,4.9078,4.8062,4.8683,4.857,0.011299999999999422,0.2327,6844.53,5893.645
600295.SH,20120827,4.9642,4.9698,4.8457,4.857,4.9698,-0.11280000000000001,-2.2697,8911.8,7704.382
600295.SH,20120824,5.1729,5.1729,4.9529,4.9698,5.1729,-0.20310000000000006,-3.9262,19667.65,17485.507
600295.SH,20120823,5.1278,5.1842,5.1109,5.1729,5.1334,0.03950000000000031,0.7695,7960.22,7273.456
600295.SH,20120822,5.2124,5.2744,5.1221,5.1334,5.2237,-0.09030000000000005,-1.7287,9730.12,8895.379
600295.SH,20120821,5.1673,5.2575,5.0883,5.2237,5.1729,0.050799999999999734,0.982,13009.1,12026.292
600295.SH,20120820,5.1334,5.1898,5.0939,5.1729,5.1842,-0.011299999999999422,-0.218,8017.01,7300.735
600295.SH,20120817,5.0601,5.2011,4.9924,5.1842,5.0601,0.12409999999999943,2.4525,11373.04,10253.119
600295.SH,20120816,5.1221,5.1278,5.0488,5.0601,5.1391,-0.07899999999999974,-1.5372,9926.5,8939.098
600295.SH,20120815,5.235,5.235,5.1278,5.1391,5.2462,-0.10709999999999997,-2.0415,11089.78,10178.808
600295.SH,20120814,5.1898,5.2575,5.1052,5.2462,5.1955,0.05069999999999997,0.9758,13306.33,12193.83
600295.SH,20120813,5.2914,5.2914,5.1785,5.1955,5.3196,-0.12410000000000032,-2.3329,15273.43,14126.259
600295.SH,20120810,5.3873,5.3929,5.2688,5.3196,5.3647,-0.045099999999999696,-0.8407,16204.0,15306.027
600295.SH,20120809,5.2575,5.4606,5.1503,5.3647,5.2575,0.10719999999999974,2.039,46376.58,43923.159
600295.SH,20120808,5.1785,5.3534,5.1785,5.2575,5.1955,0.06200000000000028,1.1933,26057.19,24336.845
600295.SH,20120807,5.1673,5.2237,5.1447,5.1955,5.1729,0.02259999999999973,0.4369,16869.74,15498.997
600295.SH,20120806,5.0657,5.1842,5.0432,5.1729,5.0996,0.07330000000000059,1.4374,17307.4,15737.495
600295.SH,20120803,4.9529,5.1334,4.9529,5.0996,4.9698,0.12979999999999947,2.6118,18394.09,16394.557
600295.SH,20120802,4.9303,4.9867,4.8683,4.9698,4.9303,0.03950000000000031,0.8012,13725.58,11984.265
600295.SH,20120801,4.8514,4.9867,4.8514,4.9303,4.8739,0.056400000000000006,1.1572,9965.88,8706.218
600295.SH,20120731,4.9642,5.015,4.8401,4.8739,5.0093,-0.13539999999999974,-2.703,12287.25,10642.849
600295.SH,20120730,5.0375,5.1447,4.9642,5.0093,5.1052,-0.09590000000000032,-1.8785,12604.52,11246.236
600295.SH,20120727,5.0432,5.1052,5.0432,5.1052,5.0432,0.06200000000000028,1.2294,9618.14,8661.268
600295.SH,20120726,5.0544,5.1278,5.0375,5.0432,5.0601,-0.01690000000000058,-0.334,9540.23,8584.087
600295.SH,20120725,5.1052,5.1616,5.0488,5.0601,5.1109,-0.050799999999999734,-0.994,13649.72,12335.476
600295.SH,20120724,5.0488,5.1616,5.0206,5.1109,5.0996,0.01130000000000031,0.2216,10662.26,9632.43
600295.SH,20120723,5.1616,5.1729,5.077,5.0996,5.218,-0.11840000000000028,-2.2691,11541.56,10455.472
600295.SH,20120720,5.2519,5.297,5.2068,5.218,5.2857,-0.06770000000000032,-1.2808,10452.2,9704.229
600295.SH,20120719,5.2237,5.3703,5.1955,5.2857,5.2124,0.07330000000000059,1.4063,15833.1,14830.416
600295.SH,20120718,5.1616,5.2237,5.1109,5.2124,5.1616,0.050799999999999734,0.9842,12446.72,11356.939
600295.SH,20120717,5.1391,5.1898,5.077,5.1616,5.1616,0.0,0.0,11111.87,10129.422
600295.SH,20120716,5.4155,5.4211,5.1334,5.1616,5.4098,-0.24819999999999975,-4.588,16363.3,15272.334
600295.SH,20120713,5.4211,5.4888,5.3985,5.4098,5.4606,-0.05080000000000062,-0.9303,11890.05,11449.527
600295.SH,20120712,5.3478,5.5227,5.2632,5.4606,5.3478,0.11280000000000001,2.1093,22076.06,21212.085
600295.SH,20120711,5.3027,5.376,5.2462,5.3478,5.3027,0.045100000000000584,0.8505,10746.9,10129.979
600295.SH,20120710,5.3816,5.4098,5.2632,5.3027,5.3816,-0.07889999999999997,-1.4661,13047.7,12279.314
600295.SH,20120709,5.6355,5.6355,5.3591,5.3816,5.6919,-0.3103000000000007,-5.4516,21909.13,21396.721
600295.SH,20120706,5.6975,5.6975,5.5001,5.6919,5.6524,0.03950000000000031,0.6988,21400.28,21262.251
600295.SH,20120705,5.5847,5.9852,5.5452,5.6524,5.6355,0.016899999999999693,0.2999,27010.28,27280.541
600295.SH,20120704,5.7145,5.7145,5.5678,5.6355,5.6693,-0.033799999999999386,-0.5962,12630.43,12604.049
600295.SH,20120703,5.6975,5.7539,5.6468,5.6693,5.6975,-0.028200000000000003,-0.495,14899.8,15040.279
600295.SH,20120702,5.6411,5.7257,5.6242,5.6975,5.5621,0.13539999999999974,2.4343,18663.02,18794.527
600295.SH,20120629,5.4719,5.5734,5.4155,5.5621,5.4832,0.07889999999999997,1.4389,16090.05,15685.944
600295.SH,20120628,5.6129,5.658,5.4775,5.4832,5.6129,-0.1296999999999997,-2.3107,11697.96,11511.765
600295.SH,20120627,5.7032,5.7145,5.6129,5.6129,5.675,-0.062100000000000044,-1.0943,10664.9,10705.322
600295.SH,20120626,5.6186,5.7088,5.5903,5.675,5.6186,0.056400000000000006,1.0038,12927.4,12981.036
600295.SH,20120625,5.8668,5.8724,5.6073,5.6186,5.8724,-0.2538,-4.3219,19551.28,19678.042
600295.SH,20120621,5.9514,5.9683,5.8329,5.8724,5.9457,-0.07330000000000059,-1.2328,14798.07,15430.106
600295.SH,20120620,6.0134,6.0586,5.9401,5.9457,6.0134,-0.06769999999999943,-1.1258,13812.44,14706.226
600295.SH,20120619,6.0811,6.0811,6.0134,6.0134,6.0698,-0.056400000000000006,-0.9292,10099.02,10802.604
600295.SH,20120618,6.036,6.1206,5.9739,6.0698,6.0021,0.06769999999999943,1.1279,13611.66,14648.215
600295.SH,20120615,5.9796,6.0304,5.8837,6.0021,5.9683,0.033800000000000274,0.5663,16172.49,17095.87
600295.SH,20120614,5.9909,6.0529,5.9457,5.9683,5.9909,-0.02259999999999973,-0.3772,17323.28,18423.921
600295.SH,20120613,5.8893,5.9965,5.8668,5.9909,5.8611,0.12979999999999947,2.2146,16151.9,16997.216
600295.SH,20120612,5.9627,5.9627,5.8386,5.8611,5.9965,-0.13539999999999974,-2.258,18866.12,19680.47
600295.SH,20120611,5.9175,6.0134,5.8668,5.9965,5.9175,0.07899999999999974,1.335,27005.84,28388.738
600295.SH,20120607,6.036,6.036,5.878,5.9175,5.9514,-0.03389999999999915,-0.5696,17480.02,18456.355
600295.SH,20120606,6.0755,6.1601,5.895,5.9514,6.0755,-0.12410000000000032,-2.0426,42582.03,45236.754
600295.SH,20120605,6.2391,6.2898,6.0586,6.0755,6.2391,-0.16359999999999975,-2.6222,30122.55,32992.661
600295.SH,20120604,6.3857,6.3857,6.2052,6.2391,6.4816,-0.2425000000000006,-3.7414,29162.69,32625.131
600295.SH,20120601,6.4196,6.5268,6.414,6.4816,6.397,0.08460000000000001,1.3225,22523.21,25901.887
600295.SH,20120531,6.38,6.4247,6.3241,6.3967,6.4135,-0.016799999999999926,-0.2619,21688.01,24721.247
600295.SH,20120530,6.4583,6.4583,6.3632,6.4135,6.4471,-0.03359999999999985,-0.5212,25293.42,28999.017
600295.SH,20120529,6.2961,6.4862,6.2961,6.4471,6.3352,0.11189999999999944,1.7663,42491.92,48900.59
600295.SH,20120528,6.2514,6.3464,6.1116,6.3352,6.2346,0.10060000000000002,1.6136,41082.2,45634.916
600295.SH,20120525,6.4303,6.4527,6.2178,6.2346,6.4527,-0.21809999999999974,-3.38,32295.88,36359.435
600295.SH,20120524,6.4247,6.5925,6.4023,6.4527,6.4583,-0.005600000000000271,-0.0867,37763.31,43852.934
600295.SH,20120523,6.3912,6.4974,6.3632,6.4583,6.4135,0.044800000000000395,0.6985,27700.33,31882.662
600295.SH,20120522,6.3632,6.4191,6.3129,6.4135,6.3073,0.1062000000000003,1.6838,24885.81,28374.845
600295.SH,20120521,6.2402,6.3464,6.2402,6.3073,6.3241,-0.016799999999999926,-0.2657,23700.66,26781.291
600295.SH,20120518,6.4359,6.4862,6.3073,6.3241,6.4974,-0.17330000000000023,-2.6672,22208.97,25430.887
600295.SH,20120517,6.4079,6.5198,6.3632,6.4974,6.4135,0.08389999999999986,1.3082,21787.07,25138.933
600295.SH,20120516,6.5589,6.5589,6.4135,6.4135,6.5813,-0.16779999999999973,-2.5496,27137.41,31344.331
600295.SH,20120515,6.7043,6.7043,6.4415,6.5813,6.7434,-0.16210000000000058,-2.4038,36890.4,43120.668
600295.SH,20120514,6.777,6.8161,6.7155,6.7434,6.7434,0.0,0.0,23906.66,28885.414
600295.SH,20120511,6.777,6.8497,6.7322,6.7434,6.7714,-0.02799999999999958,-0.4135,16342.84,19819.593
600295.SH,20120510,6.7155,6.7882,6.6931,6.7714,6.7378,0.03359999999999985,0.4987,23862.86,28798.973
600295.SH,20120509,6.8273,6.8385,6.7267,6.7378,6.8776,-0.13980000000000015,-2.0327,27528.44,33336.635
600295.SH,20120508,6.8385,6.9,6.749,6.8776,6.8329,0.04469999999999974,0.6542,39929.16,48782.695
600295.SH,20120507,6.8217,6.8385,6.7378,6.8329,6.8888,-0.055899999999999395,-0.8115,50033.4,60602.087
600295.SH,20120504,6.995,6.995,6.8161,6.8888,7.0118,-0.12300000000000022,-1.7542,55276.78,68092.039
600295.SH,20120503,6.9895,7.1404,6.9895,7.0118,6.9671,0.04469999999999974,0.6416,59304.5,74835.827
600295.SH,20120427,7.0789,7.1404,6.8776,6.9671,7.1516,-0.1844999999999999,-2.5798,45700.86,56933.403
600295.SH,20120426,7.0454,7.1796,7.0006,7.1516,7.051,0.10060000000000002,1.4267,38286.09,48650.332
600295.SH,20120425,6.8832,7.1404,6.8832,7.051,6.9503,0.10069999999999979,1.4489,34267.58,43241.712
600295.SH,20120424,7.0342,7.1404,6.7155,6.9503,7.0901,-0.13979999999999926,-1.9718,35878.35,44505.203
600295.SH,20120423,7.2579,7.2579,7.0398,7.0901,7.2411,-0.1510000000000007,-2.0853,34937.87,44451.16
600295.SH,20120420,7.1852,7.2634,7.1404,7.2411,7.2131,0.02800000000000047,0.3882,32945.39,42524.33
600295.SH,20120419,7.146,7.3697,7.1069,7.2131,7.1908,0.022299999999999542,0.3101,47591.74,61616.778
600295.SH,20120418,6.9391,7.2019,6.9056,7.1908,6.9279,0.26290000000000013,3.7948,50691.07,64238.101
600295.SH,20120417,7.0454,7.0957,6.9168,6.9279,7.0957,-0.16779999999999973,-2.3648,38589.86,48102.462
600295.SH,20120416,7.0174,7.1852,6.9503,7.0957,7.1404,-0.04469999999999974,-0.626,41252.89,52223.508
600295.SH,20120413,6.9056,7.1908,6.8888,7.1404,6.7322,0.4081999999999999,6.0634,83543.58,105450.378
600295.SH,20120411,6.6484,6.777,6.6092,6.7322,6.777,-0.044800000000000395,-0.6611,22633.61,27162.268
600295.SH,20120410,6.7211,6.7882,6.5198,6.777,6.7658,0.011200000000000543,0.1655,35638.07,42355.637
600295.SH,20120409,6.8776,6.8776,6.7434,6.7658,6.9,-0.13420000000000076,-1.9449,21299.18,25909.546
600295.SH,20120406,6.9279,7.0118,6.8049,6.9,6.9783,-0.07829999999999959,-1.122,44518.19,55185.41
600295.SH,20120405,6.7882,6.9839,6.7099,6.9783,6.7658,0.21250000000000036,3.1408,28725.79,35324.263
600295.SH,20120330,6.8105,6.8832,6.6596,6.7658,6.8105,-0.04470000000000063,-0.6563,25734.15,31169.099
600295.SH,20120329,7.0566,7.0901,6.7938,6.8105,7.1125,-0.3019999999999996,-4.246,39797.89,49035.997
600295.SH,20120328,7.3361,7.4144,7.1069,7.1125,7.4144,-0.30189999999999984,-4.0718,41045.02,52773.584
600295.SH,20120327,7.4871,7.4871,7.297,7.4144,7.4368,-0.022400000000000198,-0.3012,55071.19,72831.272
600295.SH,20120326,7.4256,7.4759,7.3585,7.4368,7.4088,0.02799999999999958,0.3779,30316.61,40152.842
600295.SH,20120323,7.6101,7.6213,7.3249,7.4088,7.6604,-0.2515999999999998,-3.2844,73040.79,97188.757
600295.SH,20120322,7.9959,7.9959,7.5486,7.6604,8.1749,-0.5144999999999991,-6.2937,152995.77,210675.256
600295.SH,20120321,7.9959,8.2476,7.9009,8.1749,7.9009,0.27399999999999913,3.468,86544.0,125240.648
600295.SH,20120320,8.1637,8.2084,7.845,7.9009,8.1749,-0.27399999999999913,-3.3517,58711.49,84317.383
600295.SH,20120319,8.1078,8.4265,8.0742,8.1749,8.1693,0.005599999999999383,0.0685,104113.99,153672.611
600295.SH,20120316,7.94,8.2867,7.9232,8.1693,7.9903,0.17899999999999938,2.2402,98916.1,143642.067
600295.SH,20120315,7.7052,8.0798,7.6716,7.9903,7.7499,0.24040000000000017,3.102,96266.61,136226.194
600295.SH,20120314,7.9344,8.2196,7.5039,7.7499,7.8785,-0.1285999999999996,-1.6323,166169.88,236598.404
600295.SH,20120313,7.7667,7.8841,7.666,7.8785,7.7779,0.10060000000000002,1.2934,49306.6,68765.932
600295.SH,20120312,7.7108,7.8282,7.6604,7.7779,7.6996,0.07829999999999959,1.0169,53155.34,73543.966
600295.SH,20120309,7.4815,7.7108,7.4815,7.6996,7.4647,0.23490000000000055,3.1468,55487.68,75344.004
600295.SH,20120308,7.4368,7.5374,7.3976,7.4647,7.4032,0.061499999999999666,0.8307,53289.46,71196.208
600295.SH,20120307,7.4927,7.571,7.3585,7.4032,7.722,-0.3188000000000004,-4.1285,58797.16,78452.821
600295.SH,20120305,7.8002,7.8841,7.7052,7.722,7.789,-0.06699999999999928,-0.8602,53483.63,74330.434
600295.SH,20120302,7.6549,7.8114,7.6549,7.789,7.6381,0.15090000000000003,1.9756,56443.29,78434.987
600295.SH,20120301,7.5542,7.7108,7.543,7.6381,7.6325,0.005599999999999383,0.0734,28789.53,39370.224
600295.SH,20120229,7.6493,7.7443,7.6045,7.6325,7.6716,-0.03909999999999947,-0.5097,40112.2,55106.761
600295.SH,20120228,7.6381,7.7331,7.6045,7.6716,7.6884,-0.016799999999999926,-0.2185,45190.26,61943.868
600295.SH,20120227,7.7723,7.94,7.6828,7.6884,7.7387,-0.05030000000000001,-0.65,76156.63,106676.548
600295.SH,20120224,7.6437,7.7835,7.6101,7.7387,7.5822,0.15649999999999942,2.064,77095.47,106182.099
600295.SH,20120222,7.4647,7.6045,7.42,7.5822,7.4536,0.1286000000000005,1.7253,55715.43,75040.45
600295.SH,20120221,7.3305,7.4536,7.2746,7.4536,7.3305,0.12309999999999999,1.6793,30588.22,40285.207
600295.SH,20120220,7.4983,7.5039,7.2858,7.3305,7.3697,-0.039200000000000124,-0.5319,44202.97,58487.587
600295.SH,20120217,7.4703,7.4983,7.3249,7.3697,7.4536,-0.08389999999999986,-1.1256,40969.75,54179.09
600295.SH,20120216,7.5598,7.5654,7.4144,7.4536,7.5598,-0.1062000000000003,-1.4048,38008.76,50854.698
600295.SH,20120215,7.4424,7.5822,7.4144,7.5598,7.4536,0.1062000000000003,1.4248,38357.33,51632.164
600295.SH,20120214,7.4983,7.5262,7.3809,7.4536,7.5095,-0.05590000000000028,-0.7444,26865.31,35771.294
600295.SH,20120213,7.3976,7.5766,7.3585,7.5095,7.4983,0.011199999999999655,0.1494,52812.98,70627.994
600295.SH,20120210,7.5374,7.5766,7.4312,7.4983,7.4927,0.005600000000000271,0.0747,44588.88,59811.779
600295.SH,20120209,7.6045,7.6045,7.4424,7.4927,7.543,-0.05030000000000001,-0.6668,52279.32,70462.142
600295.SH,20120208,7.1796,7.5766,7.0901,7.543,7.2019,0.34109999999999996,4.7363,73137.67,96804.711
600295.SH,20120207,7.3249,7.3417,7.023,7.2019,7.4088,-0.20690000000000008,-2.7926,48933.23,62958.852
600295.SH,20120206,7.3305,7.5207,7.3026,7.4088,7.2746,0.13419999999999987,1.8448,53944.12,71693.243
600295.SH,20120203,7.2634,7.3529,7.1516,7.2746,7.2746,0.0,0.0,32904.57,42672.499
600295.SH,20120202,7.0901,7.2914,7.0454,7.2746,7.0566,0.21799999999999997,3.0893,40906.47,52533.865
600295.SH,20120201,7.2131,7.2523,7.0398,7.0566,7.2355,-0.17889999999999961,-2.4725,29492.16,37600.93
600295.SH,20120131,7.2858,7.297,7.1013,7.2355,7.2858,-0.05030000000000001,-0.6904,22803.46,29278.435
600295.SH,20120130,7.3697,7.4591,7.2187,7.2858,7.3697,-0.08389999999999986,-1.1384,28549.07,37467.488
600295.SH,20120120,7.3194,7.4424,7.1852,7.3697,7.3194,0.05030000000000001,0.6872,44830.04,58631.462
600295.SH,20120119,7.051,7.3585,6.9391,7.3194,7.0398,0.2796000000000003,3.9717,62282.16,80877.712
600295.SH,20120118,6.9671,7.3865,6.9168,7.0398,6.9615,0.07829999999999959,1.1248,90762.29,116157.833
600295.SH,20120117,6.4191,6.9895,6.3744,6.9615,6.3856,0.5758999999999999,9.0187,45374.65,54739.719
600295.SH,20120116,6.4806,6.6819,6.3744,6.3856,6.6372,-0.2515999999999998,-3.7908,22218.04,26064.605
600295.SH,20120113,6.8776,6.9615,6.5869,6.6372,6.9112,-0.274,-3.9646,38489.94,46447.997
600295.SH,20120112,6.8888,7.0733,6.8608,6.9112,6.9615,-0.05030000000000001,-0.7225,36207.12,45154.109
600295.SH,20120111,6.8888,7.0789,6.7658,6.9615,6.8832,0.07829999999999959,1.1376,70010.43,86817.277
600295.SH,20120110,6.6036,6.9783,6.598,6.8832,6.598,0.28520000000000056,4.3225,72351.26,87896.648
600295.SH,20120109,6.3185,6.6372,6.2346,6.598,6.2961,0.30189999999999984,4.795,37256.07,43546.471
600295.SH,20120106,6.1619,6.3744,6.0724,6.2961,6.1955,0.10060000000000002,1.6238,18324.66,20367.113
600295.SH,20120105,6.4079,6.4471,6.1843,6.1955,6.4638,-0.2683,-4.1508,19675.1,22238.651
600295.SH,20120104,6.7099,6.7378,6.4583,6.4638,6.6204,-0.15660000000000007,-2.3654,19147.15,22746.8
600295.SH,20111230,6.4303,6.6428,6.4303,6.6204,6.4303,0.19010000000000016,2.9563,28095.43,32873.169
600295.SH,20111228,6.4862,6.5813,6.3576,6.4303,6.4079,0.022400000000000198,0.3496,23409.62,26970.343
600295.SH,20111227,6.5309,6.6148,6.38,6.4079,6.5701,-0.16220000000000034,-2.4688,9733.63,11229.328
600295.SH,20111226,6.6763,6.7658,6.4806,6.5701,6.5645,0.005600000000000271,0.0853,14822.01,17551.328
600295.SH,20111223,6.4247,6.6316,6.3856,6.5645,6.4247,0.13980000000000015,2.176,15321.19,17919.483
600295.SH,20111222,6.38,6.5477,6.0948,6.4247,6.4303,-0.005600000000000271,-0.0871,20734.49,23386.907
600295.SH,20111221,6.7826,6.7882,6.4303,6.4303,6.5925,-0.16220000000000034,-2.4604,16783.53,19887.827
600295.SH,20111220,6.4359,6.8497,6.4359,6.5925,6.5254,0.06709999999999994,1.0283,26151.95,31086.277
600295.SH,20111219,6.5813,6.5813,6.3576,6.5254,6.6204,-0.09499999999999975,-1.435,20627.61,23894.431
600295.SH,20111216,6.3017,6.654,6.3017,6.6204,6.3576,0.26280000000000037,4.1336,22403.84,26050.448
600295.SH,20111215,6.5309,6.5309,6.2681,6.3576,6.598,-0.24040000000000017,-3.6435,23898.2,27293.654
600295.SH,20111214,6.9168,6.9168,6.5645,6.598,6.9168,-0.3188000000000004,-4.6091,13763.28,16572.629
600295.SH,20111213,7.1908,7.2075,6.8888,6.9168,7.2634,-0.3465999999999996,-4.7719,17692.04,22207.066
600295.SH,20111212,7.4144,7.4256,7.2579,7.2634,7.4088,-0.14540000000000042,-1.9625,8672.53,11361.188
600295.SH,20111209,7.4088,7.5766,7.3417,7.4088,7.4759,-0.06709999999999994,-0.8976,12427.3,16546.978
600295.SH,20111208,7.5039,7.571,7.269,7.4759,7.4983,-0.022400000000000198,-0.2987,12150.42,16099.539
600295.SH,20111207,7.4927,7.6604,7.4088,7.4983,7.4312,0.06710000000000083,0.9029,18066.56,24347.57
600295.SH,20111206,7.3976,7.4759,7.2802,7.4312,7.4256,0.005599999999999383,0.0754,13847.05,18270.958
600295.SH,20111205,7.7723,7.8058,7.4088,7.4256,7.8226,-0.39700000000000024,-5.075,22208.3,29764.858
600295.SH,20111202,7.9232,7.9903,7.7108,7.8226,7.9792,-0.15659999999999918,-1.9626,27412.48,38297.139
600295.SH,20111201,7.9848,8.2587,7.8897,7.9792,7.7108,0.26839999999999975,3.4808,33389.05,48035.374
600295.SH,20111130,8.2028,8.2028,7.6493,7.7108,8.1525,-0.4417,-5.418,22949.89,32380.06
600295.SH,20111129,8.0239,8.1805,7.9344,8.1525,7.9288,0.2237,2.8214,31120.61,45045.244
600295.SH,20111128,7.9736,8.0463,7.845,7.9288,7.9736,-0.044800000000000395,-0.5619,16138.01,22899.017
600295.SH,20111125,7.9959,8.2196,7.9121,7.9736,8.0463,-0.07270000000000021,-0.9035,17426.08,25130.185
600295.SH,20111124,7.8338,8.1078,7.789,8.0463,7.9624,0.08390000000000075,1.0537,17177.6,24426.071
600295.SH,20111123,7.9959,8.0407,7.8617,7.9624,7.94,0.02239999999999931,0.2821,14443.39,20501.032
600295.SH,20111122,7.94,7.9959,7.8058,7.94,7.9959,-0.055899999999999395,-0.6991,14041.3,19831.052
600295.SH,20111121,8.1245,8.1972,7.8953,7.9959,8.1245,-0.1285999999999996,-1.5829,19591.04,28075.553
600295.SH,20111118,8.4097,8.4097,8.1078,8.1245,8.5104,-0.38590000000000124,-4.5345,21436.83,31549.253
600295.SH,20111117,8.5048,8.6222,8.4209,8.5104,8.4992,0.011200000000000543,0.1318,24494.88,37316.327
600295.SH,20111116,8.8235,8.885,8.488,8.4992,8.7172,-0.21799999999999997,-2.5008,31906.12,49359.76
600295.SH,20111115,8.6613,8.8626,8.611,8.7172,8.6837,0.033500000000000085,0.3858,24938.23,39003.894
600295.SH,20111114,8.4153,8.6949,8.4153,8.6837,8.3594,0.32429999999999914,3.8795,44686.05,68907.189
600295.SH,20111111,8.4265,8.4992,8.3482,8.3594,8.4153,-0.055899999999999395,-0.6643,12778.04,19250.632
600295.SH,20111110,8.5383,8.5942,8.3929,8.4153,8.6222,-0.2068999999999992,-2.3996,24117.83,36624.264
600295.SH,20111109,8.6949,8.6949,8.4544,8.6222,8.5551,0.06709999999999994,0.7843,22278.92,34289.354
600295.SH,20111108,8.6669,8.6837,8.4433,8.5551,8.6613,-0.10620000000000118,-1.2261,27365.68,41879.902
600295.SH,20111107,8.5998,8.7172,8.516,8.6613,8.639,0.02230000000000132,0.2581,37385.52,57664.794
600295.SH,20111104,8.4377,8.6613,8.3985,8.639,8.3314,0.307599999999999,3.6921,67328.34,102762.289
600295.SH,20111102,8.2755,8.3762,8.0239,8.3314,8.3873,-0.055899999999999395,-0.6665,45260.16,66316.196
600295.SH,20111101,8.3314,8.4936,8.2643,8.3873,8.3873,0.0,0.0,17731.15,26546.136
600295.SH,20111031,8.4992,8.5327,8.3202,8.3873,8.4433,-0.05600000000000094,-0.6632,26535.05,39918.916
600295.SH,20111028,8.2084,8.46,8.1972,8.4433,8.0854,0.3579000000000008,4.4265,44533.93,66527.895
600295.SH,20111027,8.1469,8.242,8.0686,8.0854,8.1525,-0.06709999999999994,-0.8231,18164.01,26443.469
600295.SH,20111026,8.0519,8.2587,7.9903,8.1525,8.119,0.033500000000000085,0.4126,23395.49,34170.342
600295.SH,20111025,7.9456,8.1805,7.8617,8.119,7.94,0.17899999999999938,2.2544,21212.84,30585.927
600295.SH,20111024,7.8114,7.9456,7.666,7.94,7.7723,0.16769999999999996,2.1577,16616.62,23267.667
600295.SH,20111021,7.8282,7.9959,7.7611,7.7723,7.9456,-0.17329999999999934,-2.1811,14142.2,19788.705
600295.SH,20111020,8.2084,8.2196,7.8114,7.9456,8.2587,-0.3130999999999995,-3.7912,25572.09,36250.928
600295.SH,20111019,8.4768,8.5942,8.1693,8.2587,8.4656,-0.20690000000000097,-2.444,29769.03,44315.603
600295.SH,20111018,8.7508,8.7788,8.4489,8.4656,8.8123,-0.34670000000000023,-3.9343,20873.86,31927.783
600295.SH,20111017,8.8626,8.913,8.7228,8.8123,8.8179,-0.005599999999999383,-0.0635,10803.88,17021.951
600295.SH,20111014,8.9689,8.9689,8.7228,8.8179,8.9689,-0.1509999999999998,-1.6836,16404.22,25837.66
600295.SH,20111013,8.8962,9.036,8.8347,8.9689,8.913,0.055899999999999395,0.6272,16735.15,26820.815
600295.SH,20111012,8.4992,8.9465,8.4544,8.913,8.6166,0.2964000000000002,3.4399,16563.11,26138.416
600295.SH,20111011,9.0024,9.0472,8.5104,8.6166,8.7452,-0.1286000000000005,-1.4705,16606.61,26153.825
600295.SH,20111010,8.8682,8.9409,8.7228,8.7452,8.857,-0.11179999999999879,-1.2623,11923.26,18736.033
600295.SH,20110930,8.8123,9.0583,8.8123,8.857,8.9521,-0.0951000000000004,-1.0623,9435.43,14998.156
600295.SH,20110929,9.0807,9.2484,8.9353,8.9521,9.1925,-0.24040000000000106,-2.6152,14023.56,22690.604
600295.SH,20110928,9.3379,9.3715,9.1702,9.1925,9.254,-0.06149999999999878,-0.6646,19309.38,32026.918
600295.SH,20110927,9.1702,9.3267,9.1478,9.254,9.0863,0.16769999999999996,1.8456,19070.7,31499.441
600295.SH,20110926,9.0639,9.3379,9.0583,9.0863,9.2149,-0.1286000000000005,-1.3956,16227.08,26647.246
600295.SH,20110923,9.1422,9.3938,9.131,9.2149,9.3715,-0.15659999999999918,-1.671,24231.62,40061.592
600295.SH,20110922,9.3155,9.5392,9.2988,9.3715,9.4609,-0.08940000000000126,-0.9449,43860.16,73888.52
600295.SH,20110921,8.9801,9.5448,8.9241,9.4609,8.9745,0.4863999999999997,5.4198,42062.45,70272.358
600295.SH,20110920,8.9409,9.0304,8.8906,8.9745,8.913,0.061500000000000554,0.69,12255.45,19655.966
600295.SH,20110919,9.1422,9.1422,8.8962,8.913,9.1813,-0.2683,-2.9222,17713.14,28442.725
600295.SH,20110916,9.1758,9.2988,9.1702,9.1813,9.1758,0.005499999999999616,0.0599,11269.31,18580.785
600295.SH,20110915,9.2261,9.254,9.1702,9.1758,9.2205,-0.04469999999999885,-0.4848,14487.98,23870.696
600295.SH,20110914,9.1534,9.2429,8.9745,9.2205,9.1478,0.07269999999999932,0.7947,18878.93,30740.17
600295.SH,20110913,9.282,9.282,9.1142,9.1478,9.4218,-0.27399999999999913,-2.9081,15902.29,26121.594
600295.SH,20110909,9.4386,9.5504,9.3938,9.4218,9.3882,0.03359999999999985,0.3579,13406.04,22694.371
600295.SH,20110908,9.5336,9.6343,9.3715,9.3882,9.4609,-0.0727000000000011,-0.7684,20109.87,34216.02
600295.SH,20110907,9.3379,9.4665,9.2932,9.4609,9.31,0.15090000000000003,1.6208,21352.58,35888.907
600295.SH,20110906,9.2876,9.3547,9.2317,9.31,9.31,0.0,0.0,7374.77,12265.547
600295.SH,20110905,9.4497,9.4721,9.2876,9.31,9.5951,-0.2850999999999999,-2.9713,15101.96,25244.204
600295.SH,20110902,9.7014,9.7573,9.5672,9.5951,9.7014,-0.10629999999999917,-1.0957,9801.13,16867.736
600295.SH,20110901,9.7014,9.7908,9.6231,9.7014,9.6678,0.03359999999999985,0.3475,12555.38,21810.84
600295.SH,20110831,9.6454,9.7237,9.5728,9.6678,9.6622,0.005599999999999383,0.058,11835.65,20423.277
600295.SH,20110830,9.8859,9.953,9.651,9.6622,9.7908,-0.1286000000000005,-1.3135,26407.58,46353.867
600295.SH,20110829,9.7629,9.8412,9.7349,9.7908,9.8747,-0.08389999999999986,-0.8496,14998.13,26249.581
600295.SH,20110826,9.8412,9.8859,9.7461,9.8747,9.8691,0.00560000000000116,0.0567,31180.9,54755.519
600295.SH,20110825,9.7181,9.8859,9.5839,9.8691,9.6287,0.24039999999999928,2.4967,34356.42,60063.659
600295.SH,20110824,9.6063,9.7517,9.5839,9.6287,9.5448,0.08389999999999986,0.879,25051.08,43296.041
600295.SH,20110823,9.5001,9.5504,9.3715,9.5448,9.4106,0.13419999999999987,1.4261,17227.44,29204.231
600295.SH,20110822,9.5001,9.5783,9.3659,9.4106,9.4162,-0.005599999999999383,-0.0595,15581.98,26398.668
600295.SH,20110819,9.4386,9.5392,9.2708,9.4162,9.6231,-0.20690000000000097,-2.15,31726.4,53279.563
600295.SH,20110818,9.8523,9.925,9.6119,9.6231,9.83,-0.2068999999999992,-2.1048,19872.66,34625.703
600295.SH,20110817,9.925,9.9977,9.7852,9.83,9.9809,-0.15090000000000003,-1.5119,23706.52,41863.772
600295.SH,20110816,10.1487,10.1543,9.8971,9.9809,9.9921,-0.011200000000000543,-0.1121,41831.16,74871.856
600295.SH,20110815,9.7796,10.0424,9.7796,9.9921,9.7852,0.20690000000000097,2.1144,32404.93,57749.549
600295.SH,20110812,9.8132,9.953,9.7573,9.7852,9.7181,0.06709999999999994,0.6905,26754.53,47125.402
600295.SH,20110811,9.4274,9.7405,9.3435,9.7181,9.5672,0.15090000000000003,1.5773,35377.47,60753.392
600295.SH,20110810,9.7573,9.8132,9.5616,9.5672,9.5224,0.044800000000000395,0.4705,24083.11,41758.634
600295.SH,20110809,9.1758,9.6287,9.1534,9.5224,9.6175,-0.0951000000000004,-0.9888,34224.86,57577.937
600295.SH,20110808,10.0648,10.0648,9.2708,9.6175,10.1599,-0.5424000000000007,-5.3386,57744.39,100126.943
600295.SH,20110805,10.1319,10.2214,9.953,10.1599,10.4506,-0.2906999999999993,-2.7817,35157.21,63814.583
600295.SH,20110804,10.6072,10.7078,10.3724,10.4506,10.6072,-0.15660000000000096,-1.4764,37385.27,70186.191
600295.SH,20110803,10.4003,10.7526,10.3332,10.6072,10.5345,0.0727000000000011,0.6901,38576.74,73407.109
600295.SH,20110802,10.3668,10.5457,10.2214,10.5345,10.4171,0.11739999999999995,1.127,27242.78,50530.678
600295.SH,20110801,10.2158,10.5121,10.1766,10.4171,10.1711,0.24600000000000044,2.4186,32676.57,60861.294
600295.SH,20110729,10.4003,10.4283,10.1207,10.1711,10.3556,-0.18450000000000166,-1.7816,27389.07,50069.887
600295.SH,20110728,10.3724,10.4842,10.2102,10.3556,10.501,-0.14539999999999864,-1.3846,27722.61,51285.654
600295.SH,20110727,10.4898,10.5792,10.322,10.501,10.5569,-0.05590000000000117,-0.5295,38774.23,72503.642
600295.SH,20110726,10.5457,10.6184,10.3556,10.5569,10.5345,0.022400000000001086,0.2126,22700.52,42667.597
600295.SH,20110725,10.9706,11.144,10.4562,10.5345,10.9706,-0.4360999999999997,-3.9752,59749.28,116065.766
600295.SH,20110722,10.9035,11.0993,10.9035,10.9706,10.8924,0.07819999999999894,0.7179,25864.26,50884.732
600295.SH,20110721,11.0098,11.0881,10.8644,10.8924,11.0042,-0.11180000000000057,-1.016,30505.24,59719.824
600295.SH,20110720,11.0993,11.1664,10.8868,11.0042,11.0042,0.0,0.0,30680.4,60332.356
600295.SH,20110719,11.0545,11.0993,10.8868,11.0042,11.1272,-0.12299999999999933,-1.1054,42219.74,83022.289
600295.SH,20110718,11.1999,11.3229,11.1104,11.1272,11.1999,-0.07269999999999932,-0.6491,47912.97,96162.997
600295.SH,20110715,11.116,11.3229,11.0713,11.1999,11.2167,-0.016799999999999926,-0.1498,61602.29,123262.717
600295.SH,20110714,10.7582,11.2335,10.7582,11.2167,10.7358,0.4809000000000001,4.4794,100879.43,199224.271
600295.SH,20110713,10.5401,10.7749,10.5233,10.7358,10.5569,0.17889999999999873,1.6946,40363.45,77217.357
600295.SH,20110712,10.7246,10.7246,10.5177,10.5569,10.8365,-0.2795999999999985,-2.5802,46386.42,88039.833
600295.SH,20110711,10.9035,10.9203,10.7134,10.8365,10.9651,-0.1286000000000005,-1.1728,36763.09,71135.775
600295.SH,20110708,10.8924,11.0601,10.8924,10.9651,10.9315,0.03359999999999985,0.3074,30001.41,58894.093
600295.SH,20110707,11.0881,11.1664,10.9259,10.9315,11.0881,-0.15660000000000096,-1.4123,59208.61,116804.636
600295.SH,20110706,11.1775,11.1831,10.9427,11.0881,11.1831,-0.09499999999999886,-0.8495,58698.42,115906.676
600295.SH,20110705,11.1999,11.239,10.9874,11.1831,11.1775,0.005599999999999383,0.0501,65350.91,129569.329
600295.SH,20110704,10.87,11.2614,10.8085,11.1775,10.8644,0.3131000000000004,2.8819,80049.48,158528.343
600295.SH,20110701,10.8085,10.9651,10.7023,10.8644,10.7861,0.07830000000000048,0.7259,68565.96,133026.408
600295.SH,20110630,10.6743,11.0433,10.6687,10.7861,10.4059,0.38019999999999854,3.6537,99838.12,194093.937
600295.SH,20110629,10.7582,10.7582,10.4003,10.4059,10.7078,-0.30189999999999984,-2.8194,50027.52,94297.041
600295.SH,20110628,10.7638,10.8085,10.5792,10.7078,10.6128,0.09500000000000064,0.8951,54934.98,105076.59
600295.SH,20110624,10.35,10.7638,10.3053,10.6128,10.4674,0.14540000000000042,1.3891,63452.77,120197.254
600295.SH,20110623,10.2773,10.5289,10.0089,10.4674,10.3108,0.15659999999999918,1.5188,57733.33,106360.373
600295.SH,20110622,10.4115,10.501,10.2941,10.3108,10.3332,-0.02239999999999931,-0.2168,44071.16,82003.496
600295.SH,20110621,10.2102,10.3444,10.0928,10.3332,10.1655,0.16769999999999996,1.6497,55650.23,101546.357
600295.SH,20110620,10.2437,10.3332,10.0145,10.1655,10.2382,-0.0727000000000011,-0.7101,38716.72,70460.603
600295.SH,20110617,10.3164,10.6072,10.2214,10.2382,10.3779,-0.1396999999999995,-1.3461,55828.7,104250.373
600295.SH,20110616,10.6184,10.7805,10.3388,10.3779,10.6519,-0.27399999999999913,-2.5723,87865.88,165671.59
600295.SH,20110615,10.4059,10.9203,10.2997,10.6519,10.4618,0.19009999999999927,1.8171,105746.06,200787.494
600295.SH,20110614,9.8971,10.4842,9.8971,10.4618,9.9642,0.49760000000000026,4.9939,80359.79,148133.515
600295.SH,20110613,9.8132,10.0592,9.6902,9.9642,9.8467,0.11749999999999972,1.1933,44086.29,78242.373
600295.SH,20110610,9.8131,9.9466,9.4907,9.8465,9.6908,0.15570000000000128,1.6067,53490.53,93480.987
600295.SH,20110609,10.1022,10.1022,9.6797,9.6908,10.1189,-0.4281000000000006,-4.2307,43365.45,77172.264
600295.SH,20110608,10.0633,10.1634,9.8687,10.1189,10.0689,0.05000000000000071,0.4966,46189.1,83017.673
600295.SH,20110607,10.1356,10.2746,9.9966,10.0689,10.1801,-0.11120000000000019,-1.0923,77711.89,141340.346
600295.SH,20110603,10.0244,10.2635,9.9243,10.1801,10.03,0.15010000000000012,1.4965,38557.0,70667.001
600295.SH,20110602,10.1189,10.2301,9.7909,10.03,10.2635,-0.23350000000000115,-2.2751,43189.8,77461.183
600295.SH,20110601,10.1078,10.3024,10.0188,10.2635,10.0911,0.17239999999999966,1.7084,47755.09,87426.082
600295.SH,20110531,9.8521,10.1078,9.7853,10.0911,9.752,0.3391000000000002,3.4772,37411.42,66903.878
600295.SH,20110530,9.9243,10.0133,9.5518,9.752,9.9466,-0.19459999999999944,-1.9564,26410.95,46662.355
600295.SH,20110527,10.3302,10.3636,9.8409,9.9466,10.2857,-0.3391000000000002,-3.2968,45319.96,81878.29
600295.SH,20110526,10.5415,10.6193,10.219,10.2857,10.4525,-0.16680000000000028,-1.5958,40329.58,75461.025
600295.SH,20110525,11.0752,11.1197,10.3524,10.4525,11.0641,-0.6115999999999993,-5.5278,53665.36,103017.332
600295.SH,20110524,10.7361,11.1141,10.7083,11.0641,10.8862,0.17789999999999928,1.6342,44954.88,88313.984
600295.SH,20110523,11.2309,11.2309,10.8417,10.8862,11.3588,-0.4725999999999999,-4.1607,59850.0,118259.246
600295.SH,20110520,11.7535,11.8314,11.2754,11.3588,11.7702,-0.41140000000000043,-3.4953,54610.75,112720.508
600295.SH,20110519,12.0148,12.3429,11.6757,11.7702,11.887,-0.11679999999999957,-0.9826,80250.45,173717.057
600295.SH,20110517,12.1483,12.1483,11.6646,11.887,12.1872,-0.30020000000000024,-2.4632,95744.89,205386.095
600295.SH,20110516,11.8536,12.1928,11.7313,12.1872,11.8536,0.33360000000000056,2.8143,90651.43,196469.265
600295.SH,20110513,11.8314,12.0093,11.5978,11.8536,11.9036,-0.05000000000000071,-0.42,60298.14,127748.367
600295.SH,20110512,11.7591,12.0927,11.609,11.9036,11.9537,-0.0500999999999987,-0.4191,80635.99,172511.068
600295.SH,20110511,11.5812,12.0927,11.5812,11.9537,11.5812,0.3724999999999987,3.2164,117446.32,251135.222
600295.SH,20110510,11.1197,11.7257,11.1141,11.5812,11.2698,0.3114000000000008,2.7631,87014.31,179473.054
600295.SH,20110509,11.1809,11.3866,11.1308,11.2698,11.2809,-0.011100000000000776,-0.0984,36112.5,73082.591
600295.SH,20110506,11.103,11.5144,10.8973,11.2809,11.242,0.038899999999999935,0.346,42751.34,86201.88
600295.SH,20110505,11.3866,11.3921,11.0641,11.242,11.4755,-0.23349999999999937,-2.0348,41513.02,83740.859
600295.SH,20110504,11.2865,11.5367,11.1642,11.4755,11.3143,0.1612000000000009,1.4247,93540.66,191656.149
600295.SH,20110503,11.0863,11.3199,10.9918,11.3143,10.9696,0.34469999999999956,3.1423,46766.55,94302.922
600295.SH,20110429,10.6638,10.9974,10.5971,10.9696,10.5971,0.3725000000000005,3.5151,41035.51,80070.234
600295.SH,20110428,10.7861,11.0085,10.5637,10.5971,10.7583,-0.1612000000000009,-1.4984,37004.98,71549.749
600295.SH,20110427,10.8417,11.103,10.5415,10.7583,10.8361,-0.07779999999999987,-0.718,47826.71,93410.894
600295.SH,20110426,11.0085,11.1864,10.6805,10.8361,11.0863,-0.25019999999999953,-2.2568,55364.72,108499.058
600295.SH,20110425,11.5089,11.5089,11.0474,11.0863,11.5478,-0.4615000000000009,-3.9964,68069.71,136952.154
600295.SH,20110422,11.7758,11.7758,11.5367,11.5478,11.7924,-0.24460000000000015,-2.0742,43234.83,90459.603
600295.SH,20110421,11.8981,11.9481,11.6479,11.7924,11.6479,0.14450000000000074,1.2406,49783.28,105520.819
600295.SH,20110419,11.5589,11.8981,11.4589,11.6479,11.6479,0.0,0.0,78741.85,166243.934
600295.SH,20110418,11.6924,11.7313,11.4811,11.6479,11.7758,-0.12790000000000035,-1.0861,95065.65,197852.371
600295.SH,20110415,12.0927,12.1705,11.6757,11.7758,12.1483,-0.3725000000000005,-3.0663,126584.5,269444.452
600295.SH,20110414,12.2039,12.2261,12.0426,12.1483,12.2428,-0.09450000000000003,-0.7719,68911.54,150249.585
600295.SH,20110413,12.3151,12.3151,11.9537,12.2428,12.4096,-0.1667999999999985,-1.3441,85844.07,187229.158
600295.SH,20110412,12.2761,12.6153,12.1094,12.4096,12.354,0.055600000000000094,0.4501,94128.78,208862.885
600295.SH,20110411,12.5541,12.7654,12.3206,12.354,12.6153,-0.2613000000000003,-2.0713,138412.22,311822.144
600295.SH,20110408,12.0371,12.6431,11.9592,12.6153,12.0816,0.5336999999999996,4.4175,137239.66,305851.918
600295.SH,20110407,11.9537,12.0982,11.7869,12.0816,11.9648,0.11679999999999957,0.9762,115446.27,247863.578
600295.SH,20110406,12.1761,12.2261,11.609,11.9648,12.3707,-0.40589999999999904,-3.2811,178807.62,382078.174
600295.SH,20110401,11.9537,12.4652,11.8592,12.3707,11.9648,0.40589999999999904,3.3925,140418.52,306512.794
600295.SH,20110331,12.5208,12.5986,11.8758,11.9648,12.3873,-0.42249999999999943,-3.4108,174420.64,380345.817
600295.SH,20110329,13.288,13.3826,12.3707,12.3873,13.7273,-1.3399999999999999,-9.7616,281089.28,655501.55
600295.SH,20110328,13.4437,13.7606,13.1824,13.7273,13.3826,0.34469999999999956,2.5757,338107.07,817099.623
600295.SH,20110325,12.5097,13.3826,12.3985,13.3826,12.165,1.217600000000001,10.009,396535.04,936912.44
600295.SH,20110324,11.8258,12.1983,11.6979,12.165,11.8258,0.33919999999999995,2.8683,118635.01,255525.148
600295.SH,20110323,11.4978,11.8703,11.4311,11.8258,11.5478,0.2779999999999987,2.4074,52708.1,111101.175
600295.SH,20110322,11.7758,11.7813,11.2976,11.5478,11.7035,-0.1556999999999995,-1.3304,56710.11,117015.112
600295.SH,20110321,11.9537,11.987,11.57,11.7035,11.9203,-0.21679999999999922,-1.8187,77521.51,163600.231
600295.SH,20110318,11.6256,12.1316,11.6256,11.9203,11.609,0.31129999999999924,2.6815,123508.33,264912.297
600295.SH,20110317,11.7313,12.2261,11.5978,11.609,11.798,-0.18900000000000006,-1.602,211644.62,454983.648
600295.SH,20110316,11.4033,11.8925,11.3477,11.798,11.52,0.27800000000000047,2.4132,190067.16,399788.726
600295.SH,20110315,11.1141,11.6256,10.6193,11.52,11.1697,0.35029999999999895,3.1362,157857.91,319032.234
600295.SH,20110314,11.0085,11.1753,11.0085,11.1697,11.0808,0.08890000000000065,0.8023,51393.53,102589.656
600295.SH,20110311,10.9807,11.2476,10.9529,11.0808,11.0697,0.011100000000000776,0.1003,46409.51,92869.946
600295.SH,20110310,11.3977,11.3977,11.0474,11.0697,11.4589,-0.38920000000000066,-3.3965,83914.4,168471.912
600295.SH,20110309,11.6479,11.7313,11.4255,11.4589,11.6201,-0.1612000000000009,-1.3873,61909.36,128252.636
600295.SH,20110308,11.6534,11.7368,11.4922,11.6201,11.6979,-0.07779999999999987,-0.6651,76417.24,159390.863
600295.SH,20110307,11.1697,11.7146,11.1697,11.6979,11.1697,0.5282,4.7289,125240.33,258536.562
600295.SH,20110304,10.9863,11.2087,10.8917,11.1697,10.9863,0.18340000000000067,1.6694,65810.2,130621.224
600295.SH,20110303,11.4811,11.5867,10.9585,10.9863,11.52,-0.5336999999999996,-4.6328,112466.22,226687.456
600295.SH,20110302,11.609,11.6757,11.2643,11.52,11.6757,-0.15570000000000128,-1.3335,74043.07,152495.559
600295.SH,20110301,11.4533,11.7702,11.4255,11.6757,11.5033,0.17240000000000144,1.4987,97642.63,204529.546
600295.SH,20110228,11.4255,11.5756,11.2365,11.5033,11.4366,0.0666999999999991,0.5832,84237.09,172652.19
600295.SH,20110225,11.5256,11.8647,11.3421,11.4366,11.5534,-0.11679999999999957,-1.011,90021.74,187255.582
600295.SH,20110224,11.8425,11.887,11.3532,11.5534,11.9036,-0.35020000000000095,-2.942,115090.95,240175.785
600295.SH,20110223,11.6757,12.0426,11.5756,11.9036,11.748,0.15560000000000151,1.3245,151858.86,324106.543
600295.SH,20110222,11.9815,12.0093,11.3477,11.748,11.887,-0.13900000000000112,-1.1693,208111.81,437830.48
600295.SH,20110221,11.0641,11.9481,11.0641,11.887,11.0975,0.7895000000000003,7.1142,216416.55,451747.473
600295.SH,20110218,11.0641,11.3921,11.0641,11.0975,11.1308,-0.03330000000000055,-0.2992,129658.58,261128.552
600295.SH,20110217,10.8917,11.1864,10.7861,11.1308,10.8862,0.24460000000000015,2.2469,116263.77,230032.058
600295.SH,20110216,10.7138,10.9807,10.6972,10.8862,10.7361,0.15010000000000012,1.3981,93022.35,181388.485
600295.SH,20110215,10.6582,11.1364,10.5693,10.7361,10.6694,0.06670000000000087,0.6252,137092.31,266802.158
600295.SH,20110214,10.5081,10.8639,10.3858,10.6694,10.497,0.17239999999999966,1.6424,99590.92,191156.938
600295.SH,20110211,10.1356,10.5026,10.0077,10.497,10.1467,0.3503000000000007,3.4524,79393.65,147377.106
600295.SH,20110210,9.7853,10.169,9.7631,10.1467,9.8131,0.3335999999999988,3.3995,42279.91,76018.278
600295.SH,20110209,10.0022,10.0578,9.7131,9.8131,10.1022,-0.28909999999999947,-2.8618,39299.04,69865.685
600295.SH,20110201,10.2579,10.2857,10.0077,10.1022,10.2579,-0.1556999999999995,-1.5179,49205.29,89537.687
600295.SH,20110131,9.9966,10.3024,9.941,10.2579,10.0466,0.2112999999999996,2.1032,43011.15,78556.528
600295.SH,20110128,10.0244,10.0911,9.9243,10.0466,10.0188,0.02779999999999916,0.2775,34511.32,62093.48
600295.SH,20110127,9.8243,10.1745,9.7909,10.0188,9.891,0.12780000000000058,1.2921,56551.01,101628.113
600295.SH,20110126,9.5963,9.9077,9.5963,9.891,9.6853,0.20570000000000022,2.1238,31153.47,55024.142
600295.SH,20110125,9.7853,9.8799,9.5685,9.6853,9.6185,0.06680000000000064,0.6945,38482.32,67376.93
600295.SH,20110124,10.1189,10.2246,9.6019,9.6185,10.1523,-0.5338000000000012,-5.2579,60195.66,106177.505
600295.SH,20110121,10.0133,10.2579,9.8965,10.1523,10.1523,0.0,0.0,63878.51,116352.392
600295.SH,20110120,10.3691,10.6082,10.1189,10.1523,10.269,-0.1166999999999998,-1.1364,80095.83,149436.506
600295.SH,20110119,9.9799,10.2746,9.941,10.269,9.9688,0.30020000000000024,3.0114,53734.16,97951.319
600295.SH,20110118,9.8354,10.0411,9.7853,9.9688,9.8743,0.09450000000000003,0.957,33349.49,59596.606
600295.SH,20110117,10.1745,10.1745,9.6074,9.8743,10.2802,-0.4059000000000008,-3.9484,70756.78,126323.706
600295.SH,20110114,10.7861,10.7861,10.2301,10.2802,10.8083,-0.5280999999999985,-4.8861,70876.89,132812.908
600295.SH,20110113,11.2031,11.2754,10.7861,10.8083,11.103,-0.29470000000000063,-2.6542,65353.48,128957.236
600295.SH,20110112,11.192,11.3755,10.9696,11.103,11.1475,-0.044500000000001094,-0.3992,74909.02,151003.53
600295.SH,20110111,10.8417,11.1975,10.7917,11.1475,10.9029,0.24460000000000015,2.2434,69692.07,138220.018
600295.SH,20110110,11.0641,11.3699,10.8973,10.9029,11.0975,-0.19459999999999944,-1.7535,81851.51,163380.848
600295.SH,20110107,11.5534,11.6423,11.0252,11.0975,11.5534,-0.45589999999999975,-3.946,110145.81,224394.984
600295.SH,20110106,11.1253,11.5867,10.9807,11.5534,11.1531,0.40029999999999966,3.5891,139671.39,284306.701
600295.SH,20110105,10.8973,11.2865,10.7639,11.1531,11.0029,0.1501999999999999,1.3651,103585.13,206737.453
600295.SH,20110104,10.9529,11.3421,10.8306,11.0029,10.8083,0.19460000000000122,1.8005,145176.81,290876.613
600295.SH,20101231,10.2412,11.0641,10.2412,10.8083,10.1245,0.6837999999999997,6.7539,109838.29,211736.962
600295.SH,20101230,10.219,10.2301,9.9466,10.1245,10.2579,-0.13339999999999996,-1.3005,69499.11,125909.029
600295.SH,20101229,10.3858,10.4692,9.7464,10.2579,10.7083,-0.45040000000000013,-4.2061,102219.73,186525.618
600295.SH,20101227,11.0196,11.4811,10.5637,10.7083,11.0585,-0.35020000000000095,-3.1668,241541.64,484946.369
600295.SH,20101224,10.6694,11.331,10.4525,11.0585,10.7083,0.35020000000000095,3.2704,272689.63,538252.69
600295.SH,20101223,10.4692,10.725,10.408,10.7083,10.5359,0.17239999999999966,1.6363,132102.67,251754.803
600295.SH,20101222,10.3246,10.5637,10.2134,10.5359,10.269,0.2668999999999997,2.5991,106165.43,199005.829
600295.SH,20101221,10.0633,10.2913,10.0077,10.269,10.0466,0.22240000000000038,2.2137,66892.01,122844.59
600295.SH,20101220,10.4358,10.4803,9.7853,10.0466,10.3802,-0.33360000000000056,-3.2138,85037.87,154016.411
600295.SH,20101217,10.5026,10.547,10.2913,10.3802,10.5137,-0.13349999999999973,-1.2698,61388.26,114593.89
600295.SH,20101216,10.4136,10.6638,10.3969,10.5137,10.497,0.01670000000000016,0.1591,78504.91,148837.176
600295.SH,20101215,10.497,10.6749,10.3358,10.497,10.4748,0.022199999999999775,0.2119,108653.49,205222.681
600295.SH,20101214,10.5582,10.6972,10.3914,10.4748,10.3636,0.11120000000000019,1.073,115809.99,219322.8
600295.SH,20101213,10.0355,10.4025,10.0355,10.3636,9.9855,0.3780999999999999,3.7865,85630.48,157462.34
600295.SH,20101210,9.663,10.0355,9.6241,9.9855,9.8354,0.15010000000000012,1.5261,51371.69,91538.816
600295.SH,20101209,10.1412,10.1412,9.8187,9.8354,10.219,-0.3835999999999995,-3.7538,67194.8,120075.388
600295.SH,20101208,10.3413,10.4303,10.1523,10.219,10.3413,-0.12230000000000096,-1.1826,75381.2,139283.161
600295.SH,20101207,10.219,10.4748,9.8409,10.3413,10.3969,-0.055600000000000094,-0.5348,79952.3,145915.864
600295.SH,20101206,10.3135,10.686,10.1745,10.3969,10.1968,0.20010000000000083,1.9624,158965.58,299351.318
600295.SH,20101203,9.7853,10.3024,9.7464,10.1968,9.5796,0.6172000000000004,6.4429,204683.49,369342.167
600295.SH,20101202,9.8298,9.8799,9.5685,9.5796,9.5852,-0.00560000000000116,-0.0584,62370.74,108784.993
600295.SH,20101201,9.6741,9.7019,9.385,9.5852,9.7186,-0.13339999999999996,-1.3726,59700.39,102556.382
600295.SH,20101130,10.0077,10.3024,9.1182,9.7186,10.0689,-0.35029999999999895,-3.479,126896.97,221716.409
600295.SH,20101129,10.1912,10.2246,9.8965,10.0689,10.1745,-0.1056000000000008,-1.0379,59337.53,107127.944
600295.SH,20101126,10.3413,10.3691,10.0077,10.1745,10.3246,-0.15010000000000012,-1.4538,90260.73,165497.987
600295.SH,20101125,10.0355,10.4247,10.0355,10.3246,9.9855,0.3391000000000002,3.3959,122293.99,226449.347
600295.SH,20101124,9.6241,10.0133,9.5685,9.9855,9.6797,0.3057999999999996,3.1592,86706.74,153449.165
600295.SH,20101123,10.1189,10.219,9.5129,9.6797,10.219,-0.539299999999999,-5.2774,110319.0,193734.417
600295.SH,20101122,10.1189,10.4247,10.0633,10.219,10.308,-0.08900000000000041,-0.8634,110751.26,204029.033
600295.SH,20101119,10.0744,10.358,9.8131,10.308,9.9855,0.3224999999999998,3.2297,151547.54,276170.398
600295.SH,20101118,9.9077,10.0689,9.7297,9.9855,9.613,0.3725000000000005,3.875,121112.36,216194.774
600295.SH,20101117,9.7019,10.1022,9.5129,9.613,10.0022,-0.38920000000000066,-3.8911,94687.78,167462.738
600295.SH,20101116,10.7416,10.7416,9.9243,10.0022,10.7416,-0.7393999999999998,-6.8835,100832.51,187003.059
600295.SH,20101115,10.5693,10.7861,10.0633,10.7416,10.6082,0.13339999999999996,1.2575,145552.98,272163.892
600295.SH,20101112,11.6757,11.6757,10.6082,10.6082,11.7869,-1.1786999999999992,-10.0001,212102.85,421925.735
600295.SH,20101111,12.0093,12.3985,11.7313,11.7869,12.0871,-0.30020000000000024,-2.4836,155275.86,339874.799
600295.SH,20101110,12.3707,12.3707,11.9259,12.0871,12.3985,-0.3114000000000008,-2.5116,123086.7,267268.612
600295.SH,20101109,12.076,12.5375,11.8981,12.3985,12.0649,0.33360000000000056,2.765,168605.54,371592.793
600295.SH,20101108,12.0704,12.165,11.6256,12.0649,12.0593,0.005599999999999383,0.0464,136817.13,291794.696
600295.SH,20101105,12.4541,12.5986,11.8536,12.0593,12.0426,0.01670000000000016,0.1387,175471.19,381904.31
600295.SH,20101104,11.4477,12.1816,11.2754,12.0426,11.2587,0.7839000000000009,6.9626,227135.21,479115.613
600295.SH,20101103,11.9815,12.5541,11.1864,11.2587,11.7591,-0.5004000000000008,-4.2554,319482.08,683050.703
600295.SH,20101102,11.6757,12.3039,11.6201,11.7591,11.1864,0.5726999999999993,5.1196,493914.42,1064710.003
600295.SH,20101101,10.1467,11.1864,10.0633,11.1864,10.169,1.0174000000000003,10.0049,183541.66,360653.364
600295.SH,20101028,10.2913,10.3914,10.0077,10.169,10.4192,-0.25019999999999953,-2.4013,100667.53,184410.948
600295.SH,20101027,10.6582,10.9418,10.3747,10.4192,10.6972,-0.27800000000000047,-2.5988,107351.43,206288.401
600295.SH,20101026,10.6749,10.7861,10.4859,10.6972,10.7917,-0.09450000000000003,-0.8757,148579.56,283474.303
600295.SH,20101025,10.0689,10.8417,10.0578,10.7917,10.0856,0.7061000000000011,7.0011,200187.28,381784.912
600295.SH,20101022,10.2023,10.2802,10.0133,10.0856,10.2246,-0.13900000000000112,-1.3595,97494.26,177640.855
600295.SH,20101021,9.9744,10.4303,9.8409,10.2246,9.9744,0.2502000000000013,2.5084,115303.02,212307.324
600295.SH,20101020,9.4406,10.0744,9.3405,9.9744,9.6853,0.28909999999999947,2.9849,146113.69,258094.812
600295.SH,20101019,9.2572,9.7853,9.2572,9.6853,9.2794,0.40589999999999904,4.3742,141536.22,243358.742
600295.SH,20101018,10.0077,10.0355,9.1738,9.2794,10.0967,-0.8172999999999995,-8.0947,189234.73,324262.39
600295.SH,20101015,10.0133,10.3914,9.8965,10.0967,10.1745,-0.07779999999999987,-0.7647,146619.23,268185.477
600295.SH,20101014,10.3969,10.5081,9.8409,10.1745,10.2913,-0.11679999999999957,-1.1349,200622.44,366741.645
600295.SH,20101013,10.5026,10.6694,10.1801,10.2913,10.6638,-0.3725000000000005,-3.4931,158399.65,295326.234
600295.SH,20101012,10.2802,10.9195,10.1745,10.6638,10.4414,0.22240000000000038,2.13,206932.49,392996.12
600295.SH,20101011,9.8131,10.4803,9.7297,10.4414,9.7853,0.6561000000000003,6.705,284712.12,523695.784
600295.SH,20101008,9.3795,10.1189,9.3572,9.7853,9.2683,0.5169999999999995,5.5782,210779.44,369998.08
600295.SH,20100930,9.1738,9.3294,8.8958,9.2683,9.2405,0.02779999999999916,0.3008,83117.07,136991.881
600295.SH,20100928,9.2016,9.4073,9.146,9.2405,9.2349,0.00560000000000116,0.0606,128424.52,214276.807
600295.SH,20100927,9.0348,9.3072,8.9124,9.2349,9.0125,0.22240000000000038,2.4677,105955.57,174572.076
600295.SH,20100921,9.3683,9.4295,8.7846,9.0125,9.2794,-0.26690000000000147,-2.8763,139037.08,224597.441
600295.SH,20100920,9.2572,9.5129,9.1682,9.2794,9.196,0.08340000000000103,0.9069,127447.3,214112.306
600295.SH,20100917,9.3628,9.4462,9.0626,9.196,9.3683,-0.1722999999999999,-1.8392,110998.25,184611.479
600295.SH,20100916,9.6575,9.7075,9.0959,9.3683,9.6519,-0.28359999999999985,-2.9383,216638.06,362857.281
600295.SH,20100915,9.9521,10.0188,9.5185,9.6519,10.0022,-0.3503000000000007,-3.5022,228293.03,402473.014
600295.SH,20100914,9.4462,10.1856,9.4462,10.0022,9.3683,0.6339000000000006,6.7664,305940.05,541098.716
600295.SH,20100913,9.2849,9.5629,9.057,9.3683,9.3795,-0.011200000000000543,-0.1194,217600.55,365088.878
600295.SH,20100910,9.0459,9.7798,9.0459,9.3795,8.8902,0.48930000000000007,5.5038,363277.26,623390.598
600295.SH,20100909,8.7846,9.1348,8.7846,8.8902,8.8402,0.05000000000000071,0.5656,191353.34,308404.538
600295.SH,20100908,8.59,9.0292,8.5233,8.8402,8.6622,0.17799999999999905,2.0549,214920.57,339538.027
600295.SH,20100907,8.1619,8.8124,8.0896,8.6622,8.1563,0.5059000000000005,6.2026,219574.97,333696.779
600295.SH,20100906,8.3287,8.4232,8.0507,8.1563,8.173,-0.01670000000000016,-0.2043,120909.69,178658.508
600295.SH,20100903,8.0006,8.3731,7.9673,8.173,7.9951,0.17790000000000017,2.2251,150381.51,221704.468
600295.SH,20100902,7.9283,8.0562,7.7838,7.9951,7.8283,0.16680000000000028,2.1307,125639.32,179018.894
600295.SH,20100901,8.1007,8.2063,7.7115,7.8283,8.1118,-0.283500000000001,-3.4949,174740.44,248863.66
600295.SH,20100831,8.0951,8.2286,8.034,8.1118,8.0896,0.022199999999999775,0.2744,148376.36,216598.878
600295.SH,20100830,7.8283,8.1174,7.6837,8.0896,7.7449,0.34470000000000045,4.4507,181851.03,260335.122
600295.SH,20100827,7.8338,7.895,7.6281,7.7449,7.895,-0.15009999999999923,-1.9012,99447.35,138279.084
600295.SH,20100826,8.0562,8.1952,7.7838,7.895,7.9561,-0.0611000000000006,-0.768,161071.02,231002.075
600295.SH,20100825,7.895,8.2008,7.8394,7.9561,7.9172,0.038899999999999935,0.4913,133347.89,192604.107
600295.SH,20100824,8.0062,8.0062,7.8005,7.9172,7.9506,-0.03339999999999943,-0.4201,119123.25,169420.485
600295.SH,20100823,7.6392,8.0618,7.6337,7.9506,7.6948,0.2557999999999998,3.3243,210503.65,298313.416
600295.SH,20100820,7.2834,7.7727,7.2556,7.6948,7.4002,0.2946,3.981,192187.11,261659.53
600295.SH,20100819,7.7171,7.9228,7.3779,7.4002,7.528,-0.1277999999999997,-1.6977,235171.72,321915.578
600295.SH,20100818,7.617,7.7171,7.5114,7.528,7.5614,-0.03340000000000032,-0.4417,123858.26,168822.719
600295.SH,20100817,7.2389,7.7115,7.1889,7.5614,7.2222,0.33919999999999995,4.6966,201812.15,271334.861
600295.SH,20100816,7.061,7.3056,7.0054,7.2222,7.0832,0.13900000000000023,1.9624,171950.47,222096.77
600295.SH,20100813,6.8831,7.0888,6.6996,7.0832,6.7719,0.31130000000000013,4.5969,131526.42,163949.8
600295.SH,20100812,6.6051,6.8831,6.5717,6.7719,6.6996,0.07229999999999936,1.0792,94566.78,115344.255
600295.SH,20100811,6.5384,6.7274,6.5384,6.6996,6.5717,0.12790000000000035,1.9462,57377.34,68647.83
600295.SH,20100810,6.9665,7.0277,6.5662,6.5717,6.9165,-0.3448000000000002,-4.9852,132161.56,162736.119
600295.SH,20100809,6.8831,6.9387,6.7886,6.9165,6.8609,0.055600000000000094,0.8104,99094.73,122067.029
600295.SH,20100806,6.7441,6.872,6.6941,6.8609,6.7608,0.1001000000000003,1.4806,76611.05,93686.85
600295.SH,20100805,6.7107,6.9053,6.6273,6.7608,6.6885,0.07229999999999936,1.081,116588.97,142515.095
600295.SH,20100804,6.6273,6.7107,6.4883,6.6885,6.644,0.044500000000000206,0.6698,96395.21,114573.993
600295.SH,20100803,6.6107,6.8108,6.5773,6.644,6.6329,0.011099999999999888,0.1673,155780.26,187598.148
600295.SH,20100802,6.5106,6.644,6.3104,6.6329,6.4772,0.1557000000000004,2.4038,103407.17,121696.477
600295.SH,20100730,6.5328,6.5551,6.3883,6.4772,6.5439,-0.06669999999999998,-1.0193,74462.84,86696.601
600295.SH,20100729,6.5717,6.6385,6.4661,6.5439,6.5773,-0.03340000000000032,-0.5078,91426.26,107910.579
600295.SH,20100728,6.4494,6.6329,6.4494,6.5773,6.4995,0.07779999999999987,1.197,116105.91,136732.936
600295.SH,20100727,6.5328,6.5995,6.4494,6.4995,6.5884,-0.08889999999999976,-1.3493,88616.66,103803.923
600295.SH,20100726,6.3438,6.6496,6.316,6.5884,6.3438,0.24460000000000015,3.8557,177761.07,208749.799
600295.SH,20100723,6.4049,6.4161,6.2382,6.3438,6.4105,-0.06669999999999998,-1.0405,85305.64,96903.406
600295.SH,20100722,6.2548,6.4216,6.1992,6.4105,6.3493,0.06119999999999948,0.9639,87995.2,99924.512
600295.SH,20100721,6.4161,6.4939,6.266,6.3493,6.2548,0.09450000000000003,1.5108,198087.39,226327.347
600295.SH,20100719,6.0046,6.266,5.9768,6.2548,6.0825,0.17230000000000079,2.8327,95572.16,106151.821
600295.SH,20100716,5.81,6.0992,5.81,6.0825,5.899,0.18349999999999955,3.1107,67554.71,72955.253
600295.SH,20100715,6.0602,6.1659,5.8823,5.899,6.1158,-0.2168000000000001,-3.5449,61941.13,66748.627
600295.SH,20100714,6.0491,6.2159,5.988,6.1158,6.0658,0.04999999999999982,0.8243,105038.01,115183.46
600295.SH,20100713,5.9768,6.1659,5.8378,6.0658,6.0269,0.038899999999999935,0.6454,108313.72,117608.194
600295.SH,20100712,5.8323,6.088,5.8156,6.0269,5.6877,0.33919999999999995,5.9637,128307.6,138103.091
600295.SH,20100709,5.5376,5.7433,5.482,5.6877,5.5043,0.18340000000000067,3.3319,49412.2,50170.841
600295.SH,20100708,5.5376,5.5876,5.4598,5.5043,5.5321,-0.027800000000000047,-0.5025,18306.08,18163.865
600295.SH,20100707,5.4487,5.6154,5.4264,5.5321,5.4264,0.10569999999999968,1.9479,35563.28,35455.928
600295.SH,20100706,5.3097,5.432,5.2874,5.4264,5.293,0.13339999999999996,2.5203,23257.36,22545.491
600295.SH,20100705,5.2263,5.3486,5.1873,5.293,5.3097,-0.01670000000000016,-0.3145,15146.84,14335.787
600295.SH,20100702,5.3152,5.3486,5.0817,5.3097,5.3041,0.005600000000000271,0.1056,22120.26,20827.532
600295.SH,20100701,5.3375,5.4097,5.293,5.3041,5.3319,-0.027800000000000047,-0.5214,18539.28,17820.035
600295.SH,20100630,5.5654,5.6043,5.3041,5.3319,5.6154,-0.2835000000000001,-5.0486,26725.84,25993.356
600295.SH,20100629,5.8934,5.9268,5.6099,5.6154,5.9046,-0.2892000000000001,-4.8979,33666.35,34627.972
600295.SH,20100628,5.8934,5.9602,5.8156,5.9046,5.899,0.005600000000000271,0.0949,17438.45,18417.99
600295.SH,20100625,5.9435,5.9935,5.8378,5.899,5.9991,-0.1001000000000003,-1.6686,18221.69,19305.696
600295.SH,20100624,5.9546,6.0158,5.9324,5.9991,5.9546,0.044500000000000206,0.7473,15013.19,16114.163
600295.SH,20100623,6.038,6.0547,5.9046,5.9546,6.0436,-0.08899999999999952,-1.4726,27625.86,29742.671
600295.SH,20100622,5.9991,6.1047,5.9657,6.0436,5.9935,0.05009999999999959,0.8359,33999.5,36999.736
600295.SH,20100621,5.849,6.0213,5.7822,5.9935,5.8378,0.1557000000000004,2.6671,35082.78,37500.608
600295.SH,20100618,6.0602,6.1603,5.8156,5.8378,6.0436,-0.20579999999999998,-3.4053,33800.71,36077.704
600295.SH,20100617,6.1308,6.1638,6.0371,6.0426,6.0702,-0.027599999999999625,-0.4547,33794.41,37424.202
600295.SH,20100611,6.0757,6.1473,6.0096,6.0702,6.0261,0.04410000000000025,0.7318,47059.72,51899.984
600295.SH,20100610,6.0041,6.0977,5.9655,6.0261,6.0536,-0.027500000000000746,-0.4543,50169.91,55038.595
600295.SH,20100609,5.9269,6.0867,5.8608,6.0536,5.8664,0.1872000000000007,3.1911,66433.64,71907.051
600295.SH,20100608,5.7617,5.8939,5.7562,5.8664,5.7947,0.07169999999999987,1.2373,47355.87,50216.942
600295.SH,20100607,5.8058,5.8829,5.7452,5.7947,5.9545,-0.1598000000000006,-2.6837,56055.78,59125.982
600295.SH,20100604,5.9214,5.9986,5.7892,5.9545,5.993,-0.03849999999999998,-0.6424,79201.59,84681.712
600295.SH,20100603,6.0757,6.1748,5.9765,5.993,6.0812,-0.08819999999999961,-1.4504,63666.65,70318.638
600295.SH,20100602,6.0426,6.0977,5.8278,6.0812,6.0591,0.02210000000000001,0.3647,62523.57,67551.352
600295.SH,20100601,6.1693,6.2354,5.949,6.0591,6.2354,-0.17630000000000035,-2.8274,59503.07,65626.116
600295.SH,20100531,6.4723,6.5384,6.2299,6.2354,6.5549,-0.3194999999999997,-4.8742,67714.98,78360.122
600295.SH,20100528,6.7312,6.7587,6.5218,6.5549,6.6651,-0.11019999999999985,-1.6534,78605.53,94557.659
600295.SH,20100527,6.4833,6.6926,6.307,6.6651,6.4833,0.18179999999999996,2.8041,102223.41,120359.808
600295.SH,20100526,6.5053,6.6375,6.4392,6.4833,6.5494,-0.06610000000000049,-1.0093,58646.64,69400.013
600295.SH,20100525,6.5769,6.7036,6.5053,6.5494,6.654,-0.10459999999999958,-1.572,64136.88,76511.646
600295.SH,20100524,6.3786,6.6596,6.3015,6.654,6.3015,0.35250000000000004,5.5939,71652.33,85104.071
600295.SH,20100521,5.9545,6.318,5.9104,6.3015,6.1969,0.10459999999999958,1.6879,47041.41,52480.333
600295.SH,20100520,6.1693,6.3015,6.1142,6.1969,6.2024,-0.005499999999999616,-0.0887,39653.7,44872.805
600295.SH,20100519,6.2299,6.318,6.1308,6.2024,6.1197,0.0827,1.3514,47387.68,53560.349
600295.SH,20100517,6.599,6.6265,6.0702,6.1197,6.7201,-0.6004000000000005,-8.9344,83682.54,96566.738
600295.SH,20100514,6.6651,6.8193,6.61,6.7201,6.7201,0.0,0.0,60707.28,74384.087
600295.SH,20100513,6.61,6.7367,6.4668,6.7201,6.5494,0.17070000000000007,2.6063,52305.65,62851.343
600295.SH,20100512,6.7201,6.7752,6.3952,6.5494,6.7146,-0.16519999999999957,-2.4603,52619.29,63091.904
600295.SH,20100511,7.1057,7.1498,6.6761,6.7146,6.9074,-0.19280000000000008,-2.7912,66425.89,83486.543
600295.SH,20100510,6.8634,7.0176,6.7201,6.9074,6.8744,0.03300000000000036,0.48,53892.27,67101.944
600295.SH,20100507,7.1057,7.1994,6.8358,6.8744,7.3316,-0.4572000000000003,-6.236,103137.44,131737.554
600295.SH,20100506,7.7502,7.7777,7.282,7.3316,7.7943,-0.4626999999999999,-5.9364,88334.9,121275.604
600295.SH,20100505,7.5464,7.7998,7.4913,7.7943,7.629,0.16530000000000022,2.1667,78087.79,108440.002
600295.SH,20100504,7.3977,7.6786,7.3316,7.629,7.4417,0.18729999999999958,2.5169,56404.78,77577.162
600295.SH,20100430,7.4858,7.5794,7.3095,7.4417,7.5133,-0.07160000000000011,-0.953,65381.04,88078.988
600295.SH,20100429,8.4718,8.4718,7.4913,7.5133,8.1743,-0.6610000000000005,-8.0863,171462.22,248805.171
600295.SH,20100427,8.2845,8.29,7.8824,8.1743,8.2294,-0.05509999999999948,-0.6696,114195.49,167212.99
600295.SH,20100426,8.1688,8.4002,8.1688,8.2294,8.0752,0.15419999999999945,1.9096,159985.89,241030.198
600295.SH,20100423,8.0862,8.3616,8.0146,8.0752,8.0532,0.02200000000000024,0.2732,205271.34,305160.8
600295.SH,20100422,7.8383,8.0807,7.7612,8.0532,7.9265,0.12670000000000048,1.5984,174784.33,252394.31
600295.SH,20100421,7.7557,7.9815,7.607,7.9265,7.7392,0.18729999999999958,2.4201,167907.61,238640.074
600295.SH,20100420,7.5519,7.8218,7.5188,7.7392,7.5739,0.16530000000000022,2.1825,158950.79,222464.733
600295.SH,20100419,7.7006,7.8659,7.5078,7.5739,7.6786,-0.10470000000000024,-1.3635,126814.4,177291.02
600295.SH,20100416,7.6676,7.8163,7.6125,7.6786,7.6676,0.01100000000000012,0.1435,75339.74,105832.922
600295.SH,20100415,7.8769,7.932,7.6345,7.6676,7.8824,-0.21479999999999944,-2.7251,91228.92,128342.503
600295.SH,20100414,7.9099,8.0642,7.8493,7.8824,7.965,-0.08260000000000023,-1.037,149690.58,215674.524
600295.SH,20100413,7.7777,8.0036,7.5299,7.965,7.7667,0.1982999999999997,2.5532,207562.68,294780.555
600295.SH,20100412,7.4803,7.7667,7.4803,7.7667,7.4803,0.28640000000000043,3.8287,144432.08,201275.868
600295.SH,20100409,7.4142,7.5244,7.3316,7.4803,7.4472,0.03310000000000013,0.4445,60117.36,81080.004
600295.SH,20100408,7.3426,7.5684,7.3261,7.4472,7.3701,0.07709999999999972,1.0461,83092.28,112901.674
600295.SH,20100407,7.4693,7.4693,7.282,7.3701,7.4638,-0.09370000000000012,-1.2554,42195.0,56426.633
600295.SH,20100406,7.3756,7.5188,7.3371,7.4638,7.3591,0.10470000000000024,1.4227,78293.52,105723.524
600295.SH,20100402,7.3371,7.4142,7.282,7.3591,7.3371,0.021999999999999353,0.2998,66901.31,89294.64
600295.SH,20100401,7.2324,7.3646,7.1773,7.3371,7.1773,0.1598000000000006,2.2265,61349.95,81153.833
600295.SH,20100331,7.2379,7.3095,7.0837,7.1773,7.2214,-0.04410000000000025,-0.6107,39897.5,51806.151
600295.SH,20100330,7.2159,7.304,7.1608,7.2214,7.1828,0.038599999999999746,0.5374,42291.28,55714.081
600295.SH,20100329,7.0837,7.2379,7.0837,7.1828,7.0947,0.08810000000000073,1.2418,39993.08,52223.014
600295.SH,20100326,6.9956,7.1498,6.968,7.0947,7.0396,0.05509999999999948,0.7827,32962.73,42286.645
600295.SH,20100325,7.1663,7.1773,6.9901,7.0396,7.2324,-0.19280000000000008,-2.6658,57691.62,73892.103
600295.SH,20100324,7.271,7.4803,7.2269,7.2324,7.0837,0.14869999999999983,2.0992,118314.13,157667.738
600295.SH,20100323,7.0672,7.1498,7.0231,7.0837,7.0506,0.03310000000000013,0.4695,48925.55,63131.41
600295.SH,20100322,7.0506,7.0782,6.9845,7.0506,7.0396,0.01100000000000012,0.1563,35251.15,45035.761
600295.SH,20100319,6.968,7.0672,6.935,7.0396,6.9405,0.09909999999999997,1.4279,45256.98,57551.461
600295.SH,20100318,6.9901,7.0396,6.935,6.9405,6.979,-0.03849999999999998,-0.5517,36387.71,46108.174
600295.SH,20100317,6.8138,6.9956,6.7862,6.979,6.7807,0.1982999999999997,2.9245,32253.59,40418.373
600295.SH,20100316,6.7091,6.7862,6.6926,6.7807,6.7091,0.07160000000000011,1.0672,17035.67,20846.96
600295.SH,20100315,6.8413,6.9129,6.6596,6.7091,6.8413,-0.1322000000000001,-1.9324,32041.33,39176.559
600295.SH,20100312,6.968,7.0066,6.8358,6.8413,6.946,-0.10469999999999935,-1.5073,32236.94,40604.003
600295.SH,20100311,7.0121,7.0837,6.9019,6.946,7.0176,-0.07160000000000011,-1.0203,31721.69,40160.158
600295.SH,20100310,7.1167,7.1828,6.9405,7.0176,7.1388,-0.12119999999999997,-1.6978,40701.73,52127.506
600295.SH,20100309,7.1057,7.2324,7.0066,7.1388,7.1388,0.0,0.0,41915.93,54109.908
600295.SH,20100308,7.1002,7.1994,7.0341,7.1388,7.0837,0.05509999999999948,0.7778,36499.67,47131.457
600295.SH,20100305,7.0506,7.2545,7.0506,7.0837,7.0672,0.016500000000000625,0.2335,61161.23,79213.215
600295.SH,20100304,7.4362,7.5188,7.0341,7.0672,7.4362,-0.36900000000000066,-4.9622,86518.44,114257.207
600295.SH,20100303,7.3977,7.5739,7.3481,7.4362,7.3756,0.06059999999999999,0.8216,111122.83,150811.301
600295.SH,20100302,7.2269,7.4638,7.1884,7.3756,7.2104,0.16520000000000046,2.2911,109921.27,146178.555
600295.SH,20100301,7.1498,7.2379,7.1278,7.2104,7.1223,0.08809999999999985,1.237,51490.11,67248.946
600295.SH,20100226,7.1333,7.2434,7.1002,7.1223,7.1663,-0.043999999999999595,-0.614,59132.56,76873.434
600295.SH,20100225,7.1388,7.2269,7.1167,7.1663,7.1773,-0.01100000000000012,-0.1533,61437.13,79914.191
600295.SH,20100224,7.0396,7.2269,7.0011,7.1773,7.1112,0.0660999999999996,0.9295,64771.49,83866.349
600295.SH,20100223,6.968,7.1278,6.7752,7.1112,6.9845,0.12670000000000048,1.814,48620.78,61447.448
600295.SH,20100222,6.9515,7.0617,6.946,6.9845,6.9956,-0.011099999999999888,-0.1587,57859.96,73589.402
600295.SH,20100212,6.9956,7.0286,6.9405,6.9956,6.9956,0.0,0.0,22951.97,29113.591
600295.SH,20100211,6.968,7.0341,6.9184,6.9956,6.9956,0.0,0.0,36025.35,45671.836
600295.SH,20100210,6.9129,7.0176,6.7862,6.9956,6.8689,0.1266999999999996,1.8445,33936.96,42560.13
600295.SH,20100209,6.61,6.9625,6.61,6.8689,6.7036,0.16530000000000022,2.4658,88636.22,110230.671
600295.SH,20100208,6.5935,6.7146,6.5549,6.7036,6.5824,0.12119999999999997,1.8413,35654.72,43072.351
600295.SH,20100205,6.6926,6.8028,6.5053,6.5824,6.8303,-0.24790000000000045,-3.6294,63492.39,76279.703
600295.SH,20100204,6.8579,6.924,6.7697,6.8303,6.924,-0.09370000000000012,-1.3533,49433.21,61368.324
600295.SH,20100203,6.7918,6.9901,6.5329,6.924,6.7642,0.1598000000000006,2.3624,44577.73,54862.847
600295.SH,20100202,6.8028,6.9074,6.7146,6.7642,6.7532,0.01100000000000012,0.1629,31363.49,38881.376
600295.SH,20100201,6.8964,6.957,6.621,6.7532,6.9515,-0.1983000000000006,-2.8526,42918.36,52615.261
600295.SH,20100129,6.9129,7.0837,6.8854,6.9515,6.957,-0.005499999999999616,-0.0791,44166.5,56126.174
600295.SH,20100128,6.8193,6.9625,6.8028,6.957,6.8303,0.1266999999999996,1.855,32956.3,41134.203
600295.SH,20100127,6.8193,6.9405,6.7422,6.8303,6.8468,-0.016499999999999737,-0.241,50520.67,62893.42
600295.SH,20100126,7.1939,7.2104,6.7367,6.8468,7.1333,-0.2865000000000002,-4.0164,68739.9,86447.216
600295.SH,20100125,7.3811,7.3811,7.1223,7.1333,7.3371,-0.2038000000000002,-2.7777,42234.87,55307.066
600295.SH,20100122,7.6015,7.6566,7.2159,7.3371,7.7227,-0.3855999999999993,-4.9931,76895.79,103651.778
600295.SH,20100121,7.6015,7.8108,7.5629,7.7227,7.651,0.07169999999999987,0.9371,69014.48,96249.239
600295.SH,20100120,7.9154,8.0146,7.5574,7.651,7.932,-0.2810000000000006,-3.5426,117611.51,166845.224
600295.SH,20100119,8.0146,8.0917,7.8769,7.932,8.0146,-0.08259999999999934,-1.0306,85962.72,124217.956
600295.SH,20100118,8.0917,8.1413,7.921,8.0146,8.1413,-0.1266999999999996,-1.5563,113882.5,165208.829
600295.SH,20100115,8.0036,8.2515,7.932,8.1413,8.0201,0.12119999999999997,1.5112,140303.25,207596.808
600295.SH,20100114,7.965,8.0752,7.8328,8.0201,7.965,0.05509999999999948,0.6918,108643.69,156905.707
600295.SH,20100113,7.7392,8.1082,7.7116,7.965,7.8879,0.07709999999999972,0.9774,194308.6,281376.428
600295.SH,20100112,7.6345,7.8989,7.5629,7.8879,7.64,0.24790000000000045,3.2448,140339.39,198798.068
600295.SH,20100111,7.5574,7.7502,7.4307,7.64,7.4913,0.14869999999999983,1.985,80103.35,110747.108
600295.SH,20100108,7.3316,7.4913,7.2655,7.4913,7.3646,0.1266999999999996,1.7204,49091.15,65767.19
600295.SH,20100107,7.5078,7.6455,7.3206,7.3646,7.5409,-0.17629999999999946,-2.3379,64305.33,87372.577
600295.SH,20100106,7.607,7.7667,7.5188,7.5409,7.6841,-0.14320000000000022,-1.8636,89037.26,123566.751
600295.SH,20100105,7.3701,7.7006,7.3316,7.6841,7.315,0.36909999999999954,5.0458,132504.42,181375.768
600295.SH,20100104,7.1828,7.4307,7.1333,7.315,7.1057,0.2093000000000007,2.9455,109255.32,145274.664
600295.SH,20091231,7.1498,7.1939,7.0947,7.1057,7.1278,-0.02210000000000001,-0.3101,86488.0,112003.074
600295.SH,20091230,7.2434,7.26,7.0176,7.1278,7.2324,-0.10460000000000047,-1.4463,81319.13,104926.997
600295.SH,20091229,7.1498,7.2489,7.0837,7.2324,7.0341,0.1983000000000006,2.8191,63586.73,82894.76
600295.SH,20091225,7.0562,7.0837,6.9625,7.0341,7.0892,-0.05510000000000037,-0.7772,41212.56,52631.132
600295.SH,20091224,6.8909,7.1167,6.8579,7.0892,6.8523,0.23690000000000033,3.4572,55421.18,70477.51
600295.SH,20091223,6.8303,6.9405,6.7422,6.8523,6.8083,0.043999999999999595,0.6463,39672.19,49269.199
600295.SH,20091222,7.0892,7.1498,6.7862,6.8083,7.1278,-0.3194999999999997,-4.4824,36898.88,46515.831
600295.SH,20091221,7.0562,7.1608,6.9956,7.1278,7.0837,0.04409999999999936,0.6226,31755.79,40830.967
600295.SH,20091218,7.3426,7.3426,7.0506,7.0837,7.3922,-0.30849999999999955,-4.1733,41092.64,53380.059
600295.SH,20091217,7.5905,7.6345,7.3811,7.3922,7.5905,-0.1982999999999997,-2.6125,34236.61,46367.012
600295.SH,20091216,7.6125,7.6786,7.5629,7.5905,7.607,-0.016500000000000625,-0.2169,32485.35,44886.766
600295.SH,20091215,7.7667,7.7943,7.596,7.607,7.7612,-0.15419999999999945,-1.9868,36106.76,50138.42
600295.SH,20091214,7.7061,7.7832,7.271,7.7612,7.7116,0.049599999999999866,0.6432,63489.66,87338.858
600295.SH,20091210,7.6841,7.8273,7.6566,7.7116,7.6786,0.032999999999999474,0.4298,41070.89,57610.775
600295.SH,20091209,7.7722,7.8604,7.629,7.6786,7.8604,-0.18179999999999996,-2.3129,63298.73,89011.317
600295.SH,20091208,7.976,7.9871,7.7667,7.8604,7.9926,-0.1322000000000001,-1.654,73370.71,104706.622
600295.SH,20091207,7.7667,8.0201,7.7667,7.9926,7.7557,0.23690000000000033,3.0545,105114.2,150954.792
600295.SH,20091204,7.8769,8.0201,7.5409,7.7557,7.8659,-0.11019999999999985,-1.401,134641.74,191004.19
600295.SH,20091203,7.8769,7.8824,7.7116,7.8659,7.8769,-0.01100000000000012,-0.1396,94895.6,134276.397
600295.SH,20091202,7.8273,7.9705,7.7557,7.8769,7.7667,0.11019999999999985,1.4189,114660.86,163692.584
600295.SH,20091201,7.5354,7.8328,7.4913,7.7667,7.5299,0.23680000000000057,3.1448,113043.9,157190.757
600295.SH,20091130,7.4087,7.596,7.3371,7.5299,7.282,0.24789999999999957,3.4043,89217.79,121322.918
600295.SH,20091127,7.4913,7.5244,7.2269,7.282,7.5794,-0.29739999999999966,-3.9238,91360.58,121861.529
600295.SH,20091126,8.1798,8.1909,7.4913,7.5794,8.1909,-0.6114999999999995,-7.4656,156968.86,223544.479
600295.SH,20091125,7.8879,8.2074,7.7612,8.1909,7.943,0.24789999999999957,3.121,126242.06,182952.662
600295.SH,20091124,8.4938,8.626,7.8769,7.943,8.4663,-0.5233000000000008,-6.181,224656.52,339256.693
600295.SH,20091123,8.0256,8.4828,7.9926,8.4663,8.0752,0.3910999999999998,4.8432,258912.08,391801.558
600295.SH,20091120,8.1413,8.2074,7.9871,8.0752,8.1798,-0.10459999999999958,-1.2788,110895.81,162721.147
600295.SH,20091119,8.0421,8.2459,7.9595,8.1798,8.1358,0.04400000000000048,0.5408,138035.83,202127.56
600295.SH,20091118,7.965,8.4002,7.965,8.1358,7.8328,0.30299999999999994,3.8683,211881.1,314535.529
600295.SH,20091117,7.932,7.932,7.7667,7.8328,7.9265,-0.09370000000000012,-1.1821,114662.56,162891.548
600295.SH,20091116,7.8769,8.0752,7.8218,7.9265,7.8053,0.12119999999999997,1.5528,193966.97,279369.725
600295.SH,20091113,7.5684,7.8438,7.5519,7.8053,7.5794,0.2259000000000002,2.9804,232332.49,325931.205
600295.SH,20091112,7.4362,7.64,7.3811,7.5794,7.3426,0.23679999999999968,3.225,151412.6,207048.845
600295.SH,20091111,7.4307,7.4307,7.26,7.3426,7.4252,-0.08260000000000023,-1.1124,62528.05,83302.153
600295.SH,20091110,7.4693,7.5464,7.4032,7.4252,7.4032,0.02200000000000024,0.2972,99078.7,134587.703
600295.SH,20091109,7.4528,7.5188,7.2765,7.4032,7.4748,-0.07160000000000011,-0.9579,91513.92,122798.819
600295.SH,20091106,7.4748,7.5905,7.3867,7.4748,7.3701,0.10470000000000024,1.4206,142966.17,194142.751
600295.SH,20091105,7.2489,7.3867,7.1663,7.3701,7.26,0.11010000000000009,1.5165,91301.59,120640.032
600295.SH,20091104,7.1939,7.3701,7.1443,7.26,7.1608,0.09919999999999973,1.3853,87556.84,115444.302
600295.SH,20091103,7.0506,7.1994,6.9515,7.1608,7.0011,0.15969999999999995,2.2811,70217.82,90961.804
600295.SH,20091102,6.643,7.0231,6.6375,7.0011,6.8854,0.11570000000000036,1.6804,47469.16,59326.121
600295.SH,20091030,6.968,6.9956,6.8634,6.8854,6.8468,0.038599999999999746,0.5638,42837.53,53965.603
600295.SH,20091029,6.9405,6.9515,6.8303,6.8468,7.1278,-0.2809999999999997,-3.9423,37654.86,47106.951
600295.SH,20091028,6.8303,7.1333,6.7477,7.1278,6.8744,0.25340000000000007,3.6861,80794.33,101448.22
600295.SH,20091027,7.2324,7.2324,6.8579,6.8744,7.2765,-0.4021000000000008,-5.526,82309.29,104747.234
600295.SH,20091026,7.3701,7.4087,7.1939,7.2765,7.4197,-0.14319999999999933,-1.93,61810.14,81777.1
600295.SH,20091023,7.1773,7.5188,7.1663,7.4197,7.2049,0.21479999999999944,2.9813,142042.18,189874.698
600295.SH,20091022,6.9956,7.282,6.968,7.2049,7.0121,0.19280000000000008,2.7495,83833.99,108406.979
600295.SH,20091021,7.1057,7.1443,7.0066,7.0121,7.1278,-0.11569999999999947,-1.6232,67394.12,86380.518
600295.SH,20091020,7.0617,7.26,6.9956,7.1278,7.0617,0.0660999999999996,0.936,114649.96,148836.692
600295.SH,20091019,6.7201,7.0782,6.632,7.0617,6.7201,0.3415999999999997,5.0833,98030.16,122515.528
600295.SH,20091016,6.8358,6.8799,6.61,6.7201,6.7697,-0.049599999999999866,-0.7327,48777.37,59422.226
600295.SH,20091014,6.7367,6.9074,6.7201,6.7697,6.7146,0.05510000000000037,0.8206,73629.21,90965.454
600295.SH,20091013,6.61,6.7477,6.5549,6.7146,6.61,0.10459999999999958,1.5825,53218.82,64579.853
600295.SH,20091012,6.7642,6.7918,6.5824,6.61,6.7422,-0.1322000000000001,-1.9608,61908.32,74566.82
600295.SH,20091009,6.5053,6.8193,6.3896,6.7422,6.3291,0.4131,6.527,67018.36,80701.919
600295.SH,20090930,6.2685,6.5824,6.2685,6.3291,6.2685,0.06059999999999999,0.9667,42203.75,49059.944
600295.SH,20090929,6.2244,6.3896,6.0151,6.2685,6.2244,0.04410000000000025,0.7085,49001.24,54972.504
600295.SH,20090928,6.4668,6.6816,6.2134,6.2244,6.4502,-0.22579999999999956,-3.5007,58642.44,69078.087
600295.SH,20090924,6.5439,6.5659,6.2795,6.4502,6.5494,-0.09920000000000062,-1.5146,59149.6,68967.677
600295.SH,20090923,6.7642,6.8579,6.4447,6.5494,6.7257,-0.17629999999999946,-2.6213,69831.69,84353.49
600295.SH,20090922,7.0672,7.1884,6.7201,6.7257,7.0506,-0.3249000000000004,-4.6081,95669.12,120393.197
600295.SH,20090921,7.0506,7.1498,6.7532,7.0506,7.1773,-0.1266999999999996,-1.7653,88982.43,112283.256
600295.SH,20090918,7.5464,7.5739,7.1223,7.1773,7.5464,-0.3691000000000004,-4.8911,102029.98,136447.463
600295.SH,20090917,7.2985,7.6015,7.2765,7.5464,7.2765,0.2698999999999998,3.7092,128028.6,174214.836
600295.SH,20090916,7.4142,7.4197,7.1608,7.2765,7.4362,-0.15969999999999995,-2.1476,97521.73,128727.247
600295.SH,20090915,7.3756,7.5739,7.2875,7.4362,7.3867,0.0495000000000001,0.6701,127353.14,172803.537
600295.SH,20090914,7.3756,7.4528,7.1884,7.3867,7.3591,0.027600000000000513,0.375,119573.45,158702.501
600295.SH,20090911,7.271,7.4362,7.2214,7.3591,7.4472,-0.08809999999999985,-1.183,123664.2,164737.967
600295.SH,20090910,7.3206,7.5739,7.2159,7.4472,7.293,0.15419999999999945,2.1144,241805.46,326668.738
600295.SH,20090909,6.9845,7.3206,6.8413,7.293,6.935,0.35800000000000054,5.1622,166777.52,213590.671
600295.SH,20090908,6.7807,6.968,6.6265,6.935,6.7697,0.16529999999999934,2.4418,132443.75,163156.964
600295.SH,20090907,6.6596,6.8744,6.61,6.7697,6.6816,0.08809999999999985,1.3185,115716.33,141322.39
600295.SH,20090904,6.5659,6.8689,6.4557,6.6816,6.5494,0.1322000000000001,2.0185,114584.53,139496.458
600295.SH,20090903,6.1693,6.643,6.1583,6.5494,6.1913,0.3581000000000003,5.7839,116569.46,135628.884
600295.SH,20090902,6.2189,6.2795,6.0316,6.1913,6.1803,0.01100000000000012,0.178,81664.36,91568.042
600295.SH,20090901,6.3346,6.5108,6.1142,6.1803,6.4447,-0.2644000000000002,-4.1026,110194.41,125658.647
600295.SH,20090831,7.0782,7.0782,6.4447,6.4447,7.1608,-0.7161,-10.0003,110232.59,132273.377
600295.SH,20090828,7.4362,7.4913,7.1443,7.1608,7.5574,-0.3966000000000003,-5.2478,116791.5,153087.838
600295.SH,20090827,7.6015,7.8879,7.3756,7.5574,7.9265,-0.36909999999999954,-4.6565,179043.41,247224.54
600295.SH,20090826,7.7943,8.1413,7.64,7.9265,8.0036,-0.07710000000000061,-0.9633,177981.85,256341.086
600295.SH,20090825,7.2489,8.0036,6.8193,8.0036,7.2765,0.7271000000000001,9.9924,292578.68,399345.782
600295.SH,20090824,7.1939,7.3701,7.0121,7.2765,7.1773,0.09920000000000062,1.3821,91754.17,119984.388
600295.SH,20090821,7.0506,7.2434,6.8909,7.1773,7.0947,0.08260000000000023,1.1642,109191.17,139671.362
600295.SH,20090820,6.7091,7.1057,6.6651,7.0947,6.6651,0.42959999999999976,6.4455,84978.88,107038.804
600295.SH,20090819,7.2875,7.2875,6.5879,6.6651,7.315,-0.6499000000000006,-8.8845,86547.94,108780.853
600295.SH,20090818,7.1553,7.3481,6.9956,7.315,7.1939,0.12110000000000021,1.6834,81797.47,106745.203
600295.SH,20090817,7.7171,7.9265,7.1939,7.1939,7.9926,-0.7987000000000002,-9.993,79757.46,108244.481
600295.SH,20090814,8.2294,8.2625,7.7171,7.9926,8.257,-0.2643999999999993,-3.2021,71518.06,104292.853
600295.SH,20090813,8.1413,8.2955,7.9815,8.257,8.0476,0.20940000000000047,2.602,47790.61,70535.024
600295.SH,20090812,8.4277,8.4442,8.0146,8.0476,8.4828,-0.43520000000000003,-5.1304,51618.55,77358.043
600295.SH,20090811,8.4993,8.5324,8.2845,8.4828,8.4828,0.0,0.0,57031.25,87159.439
600295.SH,20090810,8.4442,8.5489,8.2349,8.4828,8.2955,0.1872999999999987,2.2579,105176.16,160461.559
600295.SH,20090807,8.7472,8.8519,8.1248,8.2955,8.7692,-0.4736999999999991,-5.4019,153930.47,236600.444
600295.SH,20090806,9.1383,9.1383,8.7197,8.7692,9.1989,-0.4297000000000004,-4.6712,114103.93,183038.696
600295.SH,20090805,9.59,9.6616,9.0887,9.1989,9.6891,-0.49019999999999975,-5.0593,153586.31,258805.273
600295.SH,20090804,9.1438,9.7938,9.1438,9.6891,9.2595,0.42960000000000065,4.6396,222315.85,386454.86
600295.SH,20090803,8.8629,9.3641,8.7031,9.2595,8.8353,0.424199999999999,4.8012,175154.39,290319.484
600295.SH,20090731,8.5324,8.9125,8.4332,8.8353,8.4773,0.35800000000000054,4.223,139199.88,219641.558
600295.SH,20090730,8.5875,8.637,8.0697,8.4773,8.3231,0.15419999999999945,1.8527,134674.62,204092.153
600295.SH,20090729,8.9675,9.1603,8.1523,8.3231,9.0502,-0.7271000000000001,-8.0341,186068.03,294590.371
600295.SH,20090728,9.3421,9.4523,8.9345,9.0502,9.4963,-0.4460999999999995,-4.6976,201908.02,334955.604
600295.SH,20090727,9.4853,9.5184,9.1879,9.4963,9.5184,-0.02210000000000001,-0.2322,181592.24,307924.163
600295.SH,20090724,9.1879,9.5349,9.0997,9.5184,9.1438,0.37459999999999916,4.0968,261391.1,443097.737
600295.SH,20090723,9.1163,9.265,9.0116,9.1438,9.3641,-0.22029999999999994,-2.3526,190901.4,316087.355
600295.SH,20090722,9.3641,9.7497,9.0612,9.3641,8.9069,0.4572000000000003,5.1331,396860.28,673795.952
600295.SH,20090721,9.0612,9.298,8.4828,8.9069,8.6481,0.2588000000000008,2.9926,491108.91,790592.125
600295.SH,20090720,8.257,8.6481,8.257,8.6481,7.8604,0.7876999999999992,10.0211,197492.72,307831.654
600295.SH,20090717,7.271,7.976,7.0947,7.8604,7.3095,0.5509000000000004,7.5368,391335.41,535765.651
600295.SH,20090716,7.2489,7.4362,7.2159,7.3095,7.2765,0.032999999999999474,0.4535,169734.66,225654.876
600295.SH,20090715,7.271,7.3536,7.1333,7.2765,7.2434,0.03310000000000013,0.457,123192.99,161670.139
600295.SH,20090714,7.0892,7.293,7.0451,7.2434,7.0892,0.15420000000000034,2.1751,144063.74,187856.589
600295.SH,20090713,6.8634,7.1388,6.8303,7.0892,6.9074,0.18179999999999996,2.632,130843.44,166852.522
600295.SH,20090710,6.935,7.0231,6.8854,6.9074,6.9184,-0.01100000000000012,-0.159,83062.53,104847.63
600295.SH,20090709,6.7367,6.968,6.7367,6.9184,6.7973,0.12110000000000021,1.7816,91434.07,113799.074
600295.SH,20090708,6.7201,6.8193,6.6651,6.7973,6.7642,0.03310000000000013,0.4893,74499.55,91091.956
600295.SH,20090706,6.9405,6.9735,6.7201,6.7642,6.8854,-0.12119999999999997,-1.7602,84740.06,104446.004
600295.SH,20090703,6.9129,7.0011,6.8248,6.8854,7.0451,-0.15969999999999995,-2.2668,101839.91,127316.071
600295.SH,20090702,6.654,7.1498,6.654,7.0451,6.654,0.3910999999999998,5.8777,233518.42,295686.383
600295.SH,20090701,6.7091,6.7752,6.632,6.654,6.7587,-0.10470000000000024,-1.5491,71151.54,86203.712
600295.SH,20090630,7.3206,7.3206,6.7201,6.7587,6.654,0.10470000000000024,1.5735,174276.34,216394.869
600295.SH,20090629,6.6485,6.6926,6.5824,6.654,6.6485,0.005499999999999616,0.0827,62081.72,74752.493
600295.SH,20090626,6.6485,6.6926,6.5879,6.6485,6.621,0.027499999999999858,0.4153,40058.12,48266.532
600295.SH,20090625,6.6926,6.7422,6.5714,6.621,6.7091,-0.08809999999999985,-1.3131,40737.21,49060.17
600295.SH,20090624,6.6155,6.7312,6.5494,6.7091,6.643,0.06610000000000049,0.995,54946.0,66374.876
600295.SH,20090623,6.7201,6.7201,6.5549,6.643,6.6816,-0.038600000000000634,-0.5777,56374.97,67934.503
600295.SH,20090622,6.7752,6.7918,6.621,6.6816,6.7532,-0.07159999999999922,-1.0602,63828.16,77250.642
600295.SH,20090619,6.8799,6.8854,6.6926,6.7532,6.8523,-0.09909999999999997,-1.4462,54527.35,66789.881
600295.SH,20090618,6.8248,6.946,6.7587,6.8523,6.7807,0.07159999999999922,1.0559,82078.0,102237.507
600295.SH,20090617,6.7146,6.7918,6.6761,6.7807,6.6871,0.09360000000000035,1.3997,37490.77,45928.428
600295.SH,20090616,6.6651,6.7752,6.6485,6.6871,6.7367,-0.049599999999999866,-0.7363,29435.17,35733.674
600295.SH,20090615,6.7807,6.8248,6.6155,6.7367,6.7367,0.0,0.0,33716.81,41074.012
600295.SH,20090612,6.7862,7.0396,6.6155,6.7367,6.8138,-0.07709999999999972,-1.1315,50153.15,61649.711
600295.SH,20090611,6.8579,6.968,6.6926,6.8138,6.8634,-0.049600000000000755,-0.7227,58993.04,73333.204
600295.SH,20090610,6.8579,6.9019,6.7532,6.8634,6.8468,0.016600000000000392,0.2424,43356.51,53763.569
600295.SH,20090609,6.8854,6.9405,6.6155,6.8468,6.8799,-0.03310000000000013,-0.4811,55788.11,68442.695
600295.SH,20090608,7.2049,7.2049,6.7477,6.8799,7.1828,-0.30290000000000017,-4.217,78697.23,99035.54
600295.SH,20090604,7.2816,7.3035,7.0028,7.1832,7.2652,-0.08199999999999985,-1.1287,81542.65,106345.041
600295.SH,20090603,7.1614,7.2816,7.052,7.2652,7.1887,0.07650000000000023,1.0642,99034.87,129676.882
600295.SH,20090602,7.2707,7.3855,7.1395,7.1887,7.2543,-0.06559999999999988,-0.9043,78126.13,103013.364
600295.SH,20090601,7.2871,7.3254,7.1668,7.2543,7.2324,0.021899999999999586,0.3028,94686.83,125385.497
600295.SH,20090527,7.2434,7.6424,7.1067,7.2324,7.2598,-0.02740000000000009,-0.3774,88110.4,116578.858
600295.SH,20090526,7.3527,7.5604,7.1614,7.2598,7.3254,-0.06559999999999988,-0.8955,153541.56,206036.453
600295.SH,20090525,6.9318,7.38,6.8443,7.3254,7.0794,0.24600000000000044,3.4749,112735.82,148301.901
600295.SH,20090522,7.1996,7.216,6.9646,7.0794,7.1614,-0.08200000000000074,-1.145,88803.06,115219.944
600295.SH,20090521,7.1067,7.2707,6.7678,7.1614,7.3199,-0.1584999999999992,-2.1653,179805.84,230519.172
600295.SH,20090519,6.8334,7.473,6.7514,7.3199,6.7951,0.5247999999999999,7.7232,249174.0,327082.227
600295.SH,20090518,6.56,6.8334,6.396,6.7951,6.5928,0.20229999999999926,3.0685,100083.33,121994.489
600295.SH,20090515,6.5218,6.6147,6.4179,6.5928,6.5327,0.060100000000000264,0.92,74499.67,88547.139
600295.SH,20090514,6.56,6.5655,6.3796,6.5327,6.5655,-0.03279999999999994,-0.4996,53197.14,62989.887
600295.SH,20090513,6.3687,6.6256,6.3687,6.5655,6.3687,0.19680000000000053,3.0901,95005.83,113851.45
600295.SH,20090512,6.3304,6.3796,6.1664,6.3687,6.3195,0.04919999999999991,0.7785,89525.72,102329.127
600295.SH,20090511,6.7404,6.7678,6.3086,6.3195,6.7404,-0.4209000000000005,-6.2444,102722.33,121814.574
600295.SH,20090508,6.817,6.8334,6.642,6.7404,6.888,-0.14759999999999973,-2.1429,67847.31,84030.734
600295.SH,20090507,6.9427,7.0247,6.6147,6.888,6.981,-0.09299999999999997,-1.3322,76773.35,96000.646
600295.SH,20090506,6.806,7.0247,6.7787,6.981,6.806,0.17499999999999982,2.5713,80011.85,101253.665
600295.SH,20090505,6.806,6.888,6.7022,6.806,6.7951,0.010900000000000354,0.1604,84994.46,105738.49
600295.SH,20090504,6.4507,6.888,6.4507,6.7951,6.4452,0.3498999999999999,5.4288,96737.19,118348.269
600295.SH,20090430,6.5272,6.5272,6.314,6.4452,6.56,-0.11479999999999979,-1.75,89707.97,105483.201
600295.SH,20090429,6.3906,6.6584,6.232,6.56,6.7514,-0.19140000000000068,-2.835,155831.6,182790.295
600295.SH,20090428,6.7022,6.8334,6.6202,6.7514,6.7678,-0.01639999999999997,-0.2423,32842.45,40441.841
600295.SH,20090427,7.3691,7.38,6.6639,6.7678,7.3527,-0.5848999999999993,-7.9549,73985.3,92859.156
600295.SH,20090424,7.4292,7.5112,7.3035,7.3527,7.391,-0.038300000000000445,-0.5182,45613.83,61782.707
600295.SH,20090423,7.1395,7.4347,7.0903,7.391,7.2926,0.09839999999999982,1.3493,65959.79,88339.809
600295.SH,20090422,7.872,7.872,7.063,7.2926,7.8502,-0.5575999999999999,-7.103,115876.75,157494.946
600295.SH,20090421,7.8447,7.9267,7.5003,7.8502,7.79,0.06020000000000003,0.7728,92874.53,131182.349
600295.SH,20090420,7.4839,7.8119,7.3254,7.79,7.544,0.24600000000000044,3.2609,103798.24,145856.688
600295.SH,20090417,7.5276,7.5987,7.2051,7.544,7.6206,-0.0766,-1.0052,89585.76,121195.038
600295.SH,20090416,7.6971,7.8064,7.38,7.6206,7.6862,-0.06560000000000077,-0.8535,116401.78,160056.41
600295.SH,20090415,7.4347,7.8174,7.3636,7.6862,7.5222,0.1640000000000006,2.1802,133034.99,184713.749
600295.SH,20090414,7.4894,7.5987,7.3691,7.5222,7.5987,-0.07650000000000023,-1.0068,96432.16,131978.682
600295.SH,20090413,7.3144,7.6698,7.216,7.5987,7.227,0.3716999999999997,5.1432,197191.89,269937.837
600295.SH,20090410,6.7623,7.2762,6.724,7.227,6.7131,0.5139000000000005,7.6552,193876.22,249021.21
600295.SH,20090409,6.6147,6.7514,6.5054,6.7131,6.6584,0.05469999999999953,0.8215,109693.46,133490.738
600295.SH,20090408,6.7678,6.9427,6.6147,6.6584,6.817,-0.15859999999999985,-2.3265,108258.49,134822.537
600295.SH,20090407,6.806,6.9482,6.6038,6.817,6.8334,-0.01639999999999997,-0.24,84797.92,105069.828
600295.SH,20090403,7.063,7.2598,6.7568,6.8334,7.0684,-0.23499999999999943,-3.3247,172314.48,221093.352
600295.SH,20090402,6.9646,7.4402,6.8662,7.0684,6.9864,0.08199999999999985,1.1737,298551.96,389475.81
600295.SH,20090401,6.7951,7.1887,6.6694,6.9864,6.8006,0.18579999999999952,2.7321,202904.31,257533.905
600295.SH,20090331,6.4234,6.806,6.3086,6.8006,6.6366,0.1640000000000006,2.4711,160535.64,191748.844
600295.SH,20090330,6.2758,6.7022,6.1336,6.6366,6.232,0.4045999999999994,6.4923,220135.32,263620.626
600295.SH,20090327,6.2047,6.5491,6.1664,6.232,6.1118,0.12020000000000053,1.9667,173509.95,202365.33
600295.SH,20090326,5.8767,6.1227,5.7619,6.1118,5.8712,0.2405999999999997,4.098,93416.0,101712.107
600295.SH,20090325,6.2156,6.2156,5.8658,5.8712,6.2484,-0.3772000000000002,-6.0367,96360.51,106827.365
600295.SH,20090324,6.1282,6.3304,6.1227,6.2484,6.0844,0.1640000000000006,2.6954,161859.55,184690.296
600295.SH,20090323,6.1008,6.2266,5.9696,6.0844,6.1063,-0.021900000000000475,-0.3586,145212.19,161460.396
600295.SH,20090320,6.0188,6.1555,5.8548,6.1063,5.9696,0.13670000000000027,2.2899,200597.84,221052.797
600295.SH,20090319,5.6854,5.9751,5.5596,5.9696,5.6963,0.2732999999999999,4.7979,164874.92,174160.76
600295.SH,20090318,5.6471,5.8712,5.6198,5.6963,5.6143,0.08199999999999985,1.4606,101599.29,106738.315
600295.SH,20090317,5.3683,5.6416,5.33,5.6143,5.3628,0.25150000000000006,4.6897,81145.99,82283.085
600295.SH,20090316,5.3574,5.4284,5.2316,5.3628,5.4339,-0.07110000000000039,-1.3085,51765.76,50257.801
600295.SH,20090313,5.6252,5.6416,5.4066,5.4339,5.576,-0.14209999999999923,-2.5484,58528.56,58916.067
600295.SH,20090312,5.423,5.5924,5.3628,5.576,5.412,0.1639999999999997,3.0303,87012.06,87666.969
600295.SH,20090311,5.6471,5.669,5.4011,5.412,5.5706,-0.15859999999999985,-2.8471,110987.39,112340.664
600295.SH,20090310,5.0622,5.5706,5.0294,5.5706,5.0622,0.5084,10.0431,144662.41,139535.426
600295.SH,20090309,5.4011,5.5104,5.0567,5.0622,5.3792,-0.31700000000000017,-5.8931,48584.35,47222.767
600295.SH,20090306,5.3136,5.4776,5.2754,5.3792,5.4612,-0.08199999999999985,-1.5015,34553.21,33984.615
600295.SH,20090305,5.5432,5.6252,5.3027,5.4612,5.4503,0.010899999999999466,0.2,67205.16,67215.34
600295.SH,20090304,5.1059,5.4503,5.1059,5.4503,5.1059,0.34440000000000026,6.7451,58225.05,56742.437
600295.SH,20090303,4.9747,5.1824,4.9364,5.1059,5.1387,-0.03279999999999994,-0.6383,34050.4,31618.179
600295.SH,20090302,4.9474,5.1442,4.9364,5.1387,4.9966,0.14210000000000012,2.8439,36209.27,33624.213
600295.SH,20090227,5.166,5.2152,4.9036,4.9966,5.2644,-0.26780000000000026,-5.087,65468.91,60094.801
600295.SH,20090226,5.5104,5.658,5.1442,5.2644,5.5815,-0.31709999999999994,-5.6813,70957.24,71249.577
600295.SH,20090225,5.7072,5.7783,5.3738,5.5815,5.6526,-0.0710999999999995,-1.2578,89641.95,91269.48
600295.SH,20090224,6.068,6.15,5.6471,5.6526,6.1336,-0.48100000000000076,-7.8421,95951.9,103066.597
600295.SH,20090223,5.8767,6.2211,5.7619,6.1336,5.915,0.21860000000000035,3.6957,67299.52,73899.023
600295.SH,20090220,5.751,5.9423,5.7072,5.915,5.7619,0.15310000000000024,2.6571,49938.85,53393.974
600295.SH,20090219,5.7455,5.8822,5.6307,5.7619,5.7455,0.01639999999999997,0.2854,72720.72,76594.195
600295.SH,20090218,5.915,6.0407,5.6143,5.7455,6.1008,-0.3552999999999997,-5.8238,120110.73,127902.782
600295.SH,20090217,6.4944,6.56,6.079,6.1008,6.5546,-0.4538000000000002,-6.9234,94913.84,109695.932
600295.SH,20090216,6.3414,6.6748,6.2648,6.5546,6.3851,0.16949999999999932,2.6546,129448.86,153500.937
600295.SH,20090213,6.1774,6.4234,5.9915,6.3851,6.1118,0.27330000000000076,4.4717,139656.62,157643.133
600295.SH,20090212,6.1227,6.15,5.6526,6.1118,6.0188,0.09299999999999997,1.5452,116007.24,124944.651
600295.SH,20090211,6.0735,6.2648,5.9204,6.0188,6.232,-0.2132000000000005,-3.4211,113163.57,126099.297
600295.SH,20090210,5.7892,6.2539,5.6908,6.232,5.8002,0.43179999999999996,7.4446,131249.81,144257.268
600295.SH,20090209,5.7455,5.9314,5.6744,5.8002,5.6799,0.1203000000000003,2.118,114205.51,121542.198
600295.SH,20090206,5.3902,5.7674,5.3902,5.6799,5.3792,0.30069999999999997,5.5901,156798.0,159100.772
600295.SH,20090205,5.5487,5.5924,5.3574,5.3792,5.5487,-0.1695000000000002,-3.0548,126867.97,127446.251
600295.SH,20090204,5.4339,5.587,5.3738,5.5487,5.423,0.12570000000000014,2.3179,140935.64,141722.048
600295.SH,20090203,5.2808,5.494,5.2371,5.423,5.2699,0.15310000000000024,2.9052,168551.52,165738.536
600295.SH,20090202,5.1114,5.3027,5.0458,5.2699,5.0184,0.25150000000000006,5.0116,135793.06,128894.861
600295.SH,20090123,5.166,5.177,5.002,5.0184,5.166,-0.14760000000000062,-2.8571,113427.17,105348.532
600295.SH,20090122,4.9747,5.2316,4.9747,5.166,5.0075,0.15850000000000009,3.1653,177016.91,165568.707
600295.SH,20090121,4.756,5.1934,4.7014,5.0075,4.756,0.25150000000000006,5.2881,263838.53,242116.712
600295.SH,20090119,4.7451,4.9583,4.6631,4.756,4.7506,0.005399999999999849,0.1137,94594.72,83053.45
600295.SH,20090116,4.7779,4.92,4.7068,4.7506,4.7724,-0.02179999999999982,-0.4568,125121.88,110254.511
600295.SH,20090115,4.5264,4.8654,4.4718,4.7724,4.5756,0.19680000000000053,4.3011,156835.39,135219.211
600295.SH,20090114,4.4171,4.6194,4.3788,4.5756,4.3788,0.19679999999999964,4.4944,65088.12,53693.528
600295.SH,20090113,4.5702,4.5702,4.3734,4.3788,4.6194,-0.2405999999999997,-5.2085,67490.89,54921.322
600295.SH,20090112,4.5155,4.6959,4.4444,4.6194,4.4718,0.14759999999999973,3.3007,111099.46,93378.868
600295.SH,20090109,4.3788,4.5046,4.3624,4.4718,4.3898,0.08199999999999985,1.868,49223.41,40055.503
600295.SH,20090108,4.5264,4.5264,4.3734,4.3898,4.5866,-0.19679999999999964,-4.2908,53568.46,43422.03
600295.SH,20090107,4.6686,4.7232,4.5811,4.5866,4.7068,-0.12020000000000053,-2.5538,63443.3,53910.88
600295.SH,20090106,4.5647,4.767,4.5155,4.7068,4.6084,0.09840000000000071,2.1352,87127.1,74132.953
600295.SH,20090105,4.439,4.6194,4.4226,4.6084,4.4226,0.18579999999999952,4.2011,69002.31,56811.408
600295.SH,20081230,4.3078,4.5155,4.2422,4.4226,4.3023,0.1203000000000003,2.7962,73771.67,59245.426
600295.SH,20081229,4.3187,4.3515,4.111,4.3023,4.2968,0.005499999999999616,0.128,41968.88,32360.281
600295.SH,20081225,4.275,4.3843,4.2094,4.2968,4.264,0.03279999999999994,0.7692,38311.56,30234.826
600295.SH,20081224,4.3078,4.3898,4.2094,4.264,4.3242,-0.06020000000000003,-1.3922,47590.32,37346.196
600295.SH,20081223,4.6631,4.674,4.3187,4.3242,4.6467,-0.3224999999999998,-6.9404,69536.58,57128.427
600295.SH,20081222,4.8107,4.8107,4.592,4.6467,4.7724,-0.12570000000000014,-2.6339,74413.04,63836.167
600295.SH,20081219,4.8544,5.002,4.756,4.7724,4.8599,-0.08749999999999947,-1.8004,114274.7,102396.197
600295.SH,20081218,4.6467,4.8818,4.5428,4.8599,4.6795,0.18039999999999967,3.8551,125586.25,109178.674
600295.SH,20081217,4.6467,4.7506,4.5702,4.6795,4.6358,0.043700000000000294,0.9427,103108.76,88000.596
600295.SH,20081216,4.51,4.6467,4.3078,4.6358,4.5866,0.04919999999999991,1.0727,77422.61,63458.379
600295.SH,20081215,4.4827,4.6194,4.4226,4.5866,4.4226,0.1639999999999997,3.7082,74288.83,61384.599
600295.SH,20081212,4.603,4.685,4.3078,4.4226,4.6959,-0.2732999999999999,-5.82,100006.61,82226.646
600295.SH,20081211,4.8107,4.9966,4.6904,4.6959,4.7888,-0.0929000000000002,-1.9399,202876.63,179095.726
600295.SH,20081210,4.3843,4.8654,4.3624,4.7888,4.4335,0.3552999999999997,8.014,176920.42,150634.011
600295.SH,20081209,4.6358,4.6358,4.428,4.4335,4.6084,-0.17489999999999917,-3.7952,108814.29,89860.668
600295.SH,20081208,4.51,4.6194,4.4772,4.6084,4.4335,0.17489999999999917,3.945,127531.9,106293.301
600295.SH,20081205,4.2422,4.4444,4.2422,4.4335,4.3132,0.1203000000000003,2.7891,92751.29,74175.902
600295.SH,20081204,4.3679,4.5264,4.2586,4.3132,4.3187,-0.005499999999999616,-0.1274,191033.2,153371.413
600295.SH,20081203,3.9962,4.3242,3.9688,4.3187,3.9306,0.38809999999999967,9.8738,128071.47,97686.193
600295.SH,20081202,3.7611,3.947,3.7009,3.9306,3.865,0.06559999999999988,1.6973,58719.49,41517.432
600295.SH,20081201,3.7447,3.865,3.6353,3.865,3.7392,0.12580000000000036,3.3644,45717.91,31539.01
600295.SH,20081128,3.936,3.9743,3.7173,3.7392,3.9524,-0.21320000000000006,-5.3942,52947.07,37217.713
600295.SH,20081127,4.2367,4.2695,3.947,3.9524,3.9415,0.01089999999999991,0.2765,68549.94,51539.998
600295.SH,20081126,3.9579,4.018,3.8923,3.9415,3.9688,-0.02729999999999988,-0.6879,24133.32,17440.864
600295.SH,20081125,3.9579,4.0126,3.854,3.9688,3.8759,0.09289999999999976,2.3969,43909.8,31553.058
600295.SH,20081124,4.1328,4.2203,3.8704,3.8759,4.1274,-0.2514999999999996,-6.0934,60005.16,43887.972
600295.SH,20081121,4.1328,4.4007,3.9962,4.1274,4.3679,-0.24049999999999994,-5.5061,94554.11,71979.302
600295.SH,20081120,4.3952,4.6139,4.346,4.3679,4.275,0.09289999999999932,2.1731,136278.53,111536.906
600295.SH,20081119,3.9415,4.3132,3.8923,4.275,3.9962,0.2788000000000004,6.9766,81522.5,61045.011
600295.SH,20081118,4.3843,4.4608,3.9962,3.9962,4.439,-0.4428000000000001,-9.9752,104093.87,79650.6
600295.SH,20081117,4.2367,4.4554,4.182,4.439,4.3023,0.13670000000000027,3.1774,99963.14,79097.447
600295.SH,20081114,4.182,4.3624,4.0836,4.3023,4.1547,0.14759999999999973,3.5526,99145.46,76706.008
600295.SH,20081113,3.9306,4.2695,3.8704,4.1547,3.947,0.2077,5.2622,89544.75,66972.945
600295.SH,20081112,3.8814,3.9579,3.8376,3.947,3.9087,0.0383,0.9799,39324.86,28089.641
600295.SH,20081111,3.947,4.0836,3.865,3.9087,3.9962,-0.08749999999999991,-2.1896,67730.16,49130.316
600295.SH,20081110,3.7829,4.0399,3.7064,3.9962,3.6791,0.31709999999999994,8.619,78201.0,55800.308
600295.SH,20081107,3.5697,3.7337,3.4987,3.6791,3.6408,0.0383,1.052,38943.48,26021.844
600295.SH,20081106,3.6627,3.7447,3.608,3.6408,3.8212,-0.18040000000000012,-4.721,47505.41,31979.734
600295.SH,20081105,3.7993,3.8868,3.6353,3.8212,3.7611,0.060100000000000264,1.5979,104744.96,72347.153
600295.SH,20081104,3.5151,3.8486,3.5151,3.7611,3.4987,0.26239999999999997,7.4999,128000.83,86159.419
600295.SH,20081103,3.3401,3.5151,3.3073,3.4987,3.3839,0.11479999999999979,3.3925,48175.01,30480.242
600295.SH,20081031,3.4659,3.526,3.3675,3.3839,3.444,-0.06009999999999982,-1.7451,61321.97,38761.726
600295.SH,20081030,3.3183,3.4659,3.3128,3.444,3.28,0.16400000000000015,5.0,54516.67,33939.373
600295.SH,20081029,3.444,3.4987,3.2527,3.28,3.3948,-0.11480000000000024,-3.3816,54139.54,33576.643
600295.SH,20081028,3.198,3.4276,3.1707,3.3948,3.3237,0.07109999999999994,2.1392,47091.96,28416.965
600295.SH,20081027,3.608,3.6517,3.3237,3.3237,3.69,-0.36629999999999985,-9.9268,44184.95,27686.208
600295.SH,20081024,3.7173,3.854,3.6627,3.69,3.7009,-0.01089999999999991,-0.2945,47244.66,32527.636
600295.SH,20081023,3.6135,3.7665,3.608,3.7009,3.8267,-0.12580000000000036,-3.2874,50819.19,34199.999
600295.SH,20081022,3.7611,3.9306,3.7173,3.8267,3.6845,0.14220000000000033,3.8594,80070.53,56453.553
600295.SH,20081020,3.526,3.7173,3.4549,3.6845,3.5479,0.13660000000000005,3.8502,24109.12,15901.663
600295.SH,20081017,3.5533,3.608,3.4713,3.5479,3.4877,0.06020000000000003,1.7261,18373.71,11883.436
600295.SH,20081016,3.6517,3.69,3.4713,3.4877,3.8267,-0.3390000000000004,-8.8588,24142.05,15956.246
600295.SH,20081015,3.772,3.854,3.7173,3.8267,3.7884,0.0383,1.011,17566.07,12222.23
600295.SH,20081014,4.029,4.1766,3.7611,3.7884,3.9579,-0.16949999999999976,-4.2826,45088.46,33377.014
600295.SH,20081013,3.8267,3.9634,3.6408,3.9579,3.8267,0.13119999999999976,3.4285,35948.73,24847.57
600295.SH,20081010,4.0727,4.0727,3.8212,3.8267,4.2148,-0.3881000000000001,-9.208,40522.15,28992.827
600295.SH,20081009,4.5374,4.5374,4.2094,4.2148,4.4062,-0.1913999999999998,-4.3439,24382.85,19594.727
600295.SH,20081008,4.4116,4.4827,4.3515,4.4062,4.4991,-0.0929000000000002,-2.0649,26151.77,21108.508
600295.SH,20081007,4.4718,4.6412,4.3788,4.4991,4.7123,-0.2131999999999996,-4.5243,46423.16,38002.344
600295.SH,20081006,5.0294,5.0294,4.6795,4.7123,5.1168,-0.40449999999999964,-7.9053,51376.18,45632.118
600295.SH,20080926,4.767,5.1934,4.592,5.1168,4.767,0.3497999999999992,7.3379,73171.71,67346.914
600295.SH,20080925,4.5647,4.8654,4.51,4.767,4.5374,0.22960000000000047,5.0602,71293.81,61741.108
600295.SH,20080924,4.4335,4.5483,4.2367,4.5374,4.5374,0.0,0.0,43314.88,34672.9
600295.SH,20080923,4.5374,4.756,4.439,4.5374,4.7068,-0.16940000000000044,-3.599,64438.81,54420.318
600295.SH,20080922,4.5975,4.7068,4.3734,4.7068,4.2804,0.4264000000000001,9.9617,119857.73,100528.36
600295.SH,20080919,4.2804,4.2804,4.182,4.2804,3.8923,0.3881000000000001,9.971,28930.52,22625.067
600295.SH,20080918,3.9907,4.0782,3.6955,3.8923,4.1,-0.20769999999999955,-5.0659,33427.5,23637.036
600295.SH,20080917,4.3242,4.4171,4.0946,4.1,4.5046,-0.4046000000000003,-8.9819,27028.47,21054.183
600295.SH,20080912,4.4827,4.5647,4.439,4.5046,4.51,-0.005399999999999849,-0.1197,9315.88,7705.448
600295.SH,20080911,4.5374,4.592,4.3788,4.51,4.5592,-0.04919999999999991,-1.0791,16867.13,13825.644
600295.SH,20080910,4.5756,4.674,4.428,4.5592,4.5702,-0.01100000000000012,-0.2407,16225.11,13540.215
600295.SH,20080909,4.592,4.6194,4.4335,4.5702,4.5647,0.005499999999999616,0.1205,10690.49,8897.66
600295.SH,20080908,4.6795,4.8107,4.3734,4.5647,4.7178,-0.15310000000000024,-3.2452,36057.83,29667.205
600295.SH,20080905,4.7014,4.7834,4.6467,4.7178,4.8872,-0.16939999999999955,-3.4662,22177.27,19109.882
600295.SH,20080904,4.7888,4.9583,4.7451,4.8872,4.7834,0.10379999999999967,2.17,19813.55,17577.002
600295.SH,20080903,4.8763,4.9638,4.674,4.7834,4.9255,-0.14210000000000012,-2.885,21049.7,18453.063
600295.SH,20080902,5.002,5.002,4.8435,4.9255,4.9966,-0.0710999999999995,-1.423,16465.76,14814.266
600295.SH,20080901,4.92,5.0458,4.8052,4.9966,4.9583,0.03829999999999956,0.7724,28790.92,26146.414
600295.SH,20080829,4.7779,5.0731,4.7779,4.9583,4.7779,0.18040000000000056,3.7757,30684.97,27701.307
600295.SH,20080828,4.7724,4.838,4.6795,4.7779,4.767,0.010899999999999466,0.2287,17448.77,15235.223
600295.SH,20080827,4.8927,4.9747,4.6139,4.767,4.9146,-0.14759999999999973,-3.0033,30889.68,27151.344
600295.SH,20080826,5.3027,5.3519,4.9091,4.9146,5.4284,-0.5137999999999998,-9.465,36508.92,33926.552
600295.SH,20080825,5.5651,5.587,5.1387,5.4284,5.4667,-0.038300000000000445,-0.7006,14596.13,14565.948
600295.SH,20080822,5.3683,5.6252,5.3628,5.4667,5.4612,0.0055000000000005045,0.1007,30699.46,31011.727
600295.SH,20080821,5.7947,5.986,5.4503,5.4612,5.9696,-0.5084,-8.5165,54094.1,56815.889
600295.SH,20080820,5.3464,6.0079,5.3027,5.9696,5.5159,0.45369999999999955,8.2253,72681.97,77165.697
600295.SH,20080819,5.2918,5.5214,5.0458,5.5159,5.3847,0.13120000000000065,2.4365,43833.03,42461.451
600295.SH,20080818,6.0079,6.0079,5.3847,5.3847,5.9806,-0.5959000000000003,-9.9639,35502.69,36448.395
600295.SH,20080815,6.0626,6.15,5.8876,5.9806,5.9587,0.021899999999999586,0.3675,33658.8,37080.69
600295.SH,20080814,5.7892,5.9915,5.751,5.9587,5.8712,0.08750000000000036,1.4903,31030.3,33559.685
600295.SH,20080813,5.658,5.9204,5.576,5.8712,5.7455,0.12570000000000014,2.1878,37351.89,39453.035
600295.SH,20080812,6.0243,6.0243,5.5979,5.7455,6.1774,-0.43189999999999973,-6.9916,47300.33,50231.231
600295.SH,20080811,6.8279,6.9044,6.1774,6.1774,6.8662,-0.6888000000000005,-10.0317,37147.32,43301.226
600295.SH,20080808,7.052,7.2379,6.7787,6.8662,7.0684,-0.2021999999999995,-2.8606,39311.57,50393.039
600295.SH,20080807,7.1614,7.2324,6.806,7.0684,7.1286,-0.06020000000000003,-0.8445,36208.66,46365.87
600295.SH,20080805,7.5714,7.6424,7.0958,7.1286,7.5386,-0.41000000000000014,-5.4387,44189.91,58486.243
600295.SH,20080804,8.0087,8.1344,7.5222,7.5386,8.1836,-0.6450000000000005,-7.8816,48459.05,68434.826
600295.SH,20080801,8.3586,8.4406,8.0087,8.1836,8.2492,-0.06559999999999988,-0.7952,33302.66,49994.263
600295.SH,20080731,8.4679,8.5171,8.2219,8.2492,8.375,-0.1257999999999999,-1.5021,19045.79,28940.015
600295.SH,20080730,8.5827,8.6538,8.3531,8.375,8.528,-0.15300000000000047,-1.7941,21618.35,33444.42
600295.SH,20080729,8.5007,8.5444,8.293,8.528,8.5772,-0.04919999999999902,-0.5736,28379.38,43551.517
600295.SH,20080728,8.7194,8.7795,8.5007,8.5772,8.6592,-0.08200000000000074,-0.947,45956.64,72620.858
600295.SH,20080725,8.4351,8.7303,8.2984,8.6592,8.4296,0.22959999999999958,2.7237,58024.8,91014.218
600295.SH,20080724,8.3094,8.4624,8.2,8.4296,8.2438,0.1858000000000004,2.2538,40425.87,61696.505
600295.SH,20080723,8.5554,8.61,8.1782,8.2438,8.5062,-0.2623999999999995,-3.0848,41234.47,62833.451
600295.SH,20080722,8.692,8.7248,8.4679,8.5062,8.6866,-0.18040000000000056,-2.0768,39168.12,61495.927
600295.SH,20080721,8.539,8.7467,8.3422,8.6866,8.5335,0.15310000000000024,1.7941,53700.85,84133.604
600295.SH,20080718,8.3039,8.5718,8.0634,8.5335,8.2656,0.2679000000000009,3.2411,36955.27,56335.913
600295.SH,20080717,8.3531,8.364,7.9322,8.2656,8.1235,0.14209999999999923,1.7492,42409.26,63271.635
600295.SH,20080716,8.7412,8.7467,7.9267,8.1235,8.8068,-0.6833000000000009,-7.7588,64704.47,98763.353
600295.SH,20080715,9.2387,9.348,8.8014,8.8068,9.2114,-0.4045999999999985,-4.3924,51598.28,84463.442
600295.SH,20080714,8.8014,9.2879,8.7467,9.2114,8.8834,0.3279999999999994,3.6923,47258.86,78927.853
600295.SH,20080711,8.774,8.9818,8.6866,8.8834,9.0364,-0.15300000000000047,-1.6932,57990.79,93610.815
600295.SH,20080710,9.4027,9.4574,9.02,9.0364,9.5175,-0.48109999999999964,-5.0549,96454.63,163898.482
600295.SH,20080709,9.758,9.8674,9.1567,9.5175,9.5558,-0.03829999999999956,-0.4008,183866.26,315323.189
600295.SH,20080707,9.2278,9.6104,9.1786,9.5558,9.2442,0.3116000000000003,3.3708,65470.93,113444.485
600295.SH,20080704,9.4464,9.4519,8.9435,9.2442,9.4519,-0.20770000000000088,-2.1974,70771.32,118999.0
600295.SH,20080703,8.8396,9.6596,8.6374,9.4519,8.8232,0.6287000000000003,7.1255,108865.38,183407.533
600295.SH,20080702,8.6975,9.0419,8.6374,8.8232,8.8014,0.021800000000000708,0.2477,43804.44,70860.844
600295.SH,20080701,8.7576,8.9271,8.3367,8.8014,8.7686,0.03279999999999994,0.3741,64122.12,101930.84
600295.SH,20080630,9.02,9.266,8.5663,8.7686,9.2442,-0.4756,-5.1448,59944.91,97276.446
600295.SH,20080627,9.8346,9.9384,9.0966,9.2442,10.1079,-0.8637000000000015,-8.5448,73613.29,128295.72
600295.SH,20080626,10.168,10.332,9.8838,10.1079,10.25,-0.14209999999999923,-1.3863,62772.41,116270.764
600295.SH,20080625,9.4902,10.3484,9.4847,10.25,9.6323,0.6176999999999992,6.4128,89113.21,162596.515
600295.SH,20080624,9.3262,9.6706,9.0091,9.6323,9.2988,0.3335000000000008,3.5865,52944.65,91262.227
600295.SH,20080623,9.2387,9.5831,9.102,9.2988,9.4082,-0.10940000000000083,-1.1628,43801.24,75082.654
600295.SH,20080620,8.8451,9.5612,8.7576,9.4082,8.7467,0.6615000000000002,7.5629,85158.97,144074.315
600295.SH,20080619,9.266,9.5667,8.7248,8.7467,9.2278,-0.48109999999999964,-5.2136,88301.43,148615.008
600295.SH,20080618,8.5554,9.4519,8.375,9.2278,8.6046,0.6232000000000006,7.2426,67235.18,111424.473
600295.SH,20080617,8.8232,8.9982,8.282,8.6046,8.8178,-0.2132000000000005,-2.4178,72074.85,113075.866
600295.SH,20080616,9.5995,9.7198,8.7522,8.8178,9.594,-0.7761999999999993,-8.0905,48427.6,80814.851
600295.SH,20080613,9.8947,9.9494,9.4027,9.594,9.9111,-0.31709999999999994,-3.1994,54120.03,95417.608
600295.SH,20080612,9.5448,9.9658,9.4683,9.9111,9.6815,0.22959999999999958,2.3715,61225.86,108411.631
600295.SH,20080611,9.8783,10.0587,9.4519,9.6815,9.8783,-0.19679999999999964,-1.9922,69918.13,124941.089
600295.SH,20080610,9.9876,10.4687,9.4902,9.8783,10.5179,-0.6395999999999997,-6.0811,98523.69,180771.576
600295.SH,20080606,11.4418,11.7534,10.496,10.5179,11.491,-0.9731000000000005,-8.4684,87124.36,176433.709
600295.SH,20080605,11.48,11.7534,11.3488,11.491,11.573,-0.08200000000000074,-0.7085,67068.69,142089.457
600295.SH,20080604,11.1903,11.6933,10.8787,11.573,11.1958,0.3772000000000002,3.3691,63499.65,130249.734
600295.SH,20080603,11.1797,11.4294,10.9681,11.196,11.2611,-0.06510000000000105,-0.5781,50200.29,103241.665
600295.SH,20080602,11.0169,11.4456,10.7456,11.2611,11.1037,0.15740000000000087,1.4175,76159.32,156668.04
600295.SH,20080530,11.1309,11.4836,10.5556,11.1037,11.2069,-0.10319999999999929,-0.9209,121446.8,245077.646
600295.SH,20080529,11.5053,11.9287,11.1254,11.2069,11.5108,-0.3039000000000005,-2.6401,120473.0,257005.973
600295.SH,20080528,11.0712,11.641,11.0006,11.5108,11.0658,0.4450000000000003,4.0214,98597.73,205844.384
600295.SH,20080527,10.9626,11.196,10.6804,11.0658,11.1037,-0.03790000000000049,-0.3413,91502.65,183567.489
600295.SH,20080526,10.8541,11.5705,10.8053,11.1037,11.0115,0.09220000000000006,0.8373,164968.13,342363.271
600295.SH,20080523,10.9572,11.1146,10.5882,11.0115,11.0386,-0.02710000000000079,-0.2455,99359.32,199450.702
600295.SH,20080522,11.0061,11.7116,10.7347,11.0386,11.0169,0.02170000000000094,0.197,204797.31,424116.585
600295.SH,20080521,9.7687,11.0495,9.6601,11.0169,10.3385,0.6783999999999999,6.5619,211930.28,402763.005
600295.SH,20080519,10.2354,10.5556,9.9858,10.3385,10.0563,0.28219999999999956,2.8062,134845.11,256424.353
600295.SH,20080516,10.0129,10.2408,9.8501,10.0563,9.8881,0.16820000000000057,1.701,148020.54,274947.842
600295.SH,20080515,9.671,10.04,9.5299,9.8881,9.6764,0.21170000000000044,2.1878,112970.9,204080.449
600295.SH,20080514,9.2151,9.8447,9.2151,9.6764,9.036,0.6403999999999996,7.0872,96420.06,170893.509
600295.SH,20080513,9.0415,9.4973,8.9655,9.036,9.3834,-0.3474000000000004,-3.7023,92179.75,156634.289
600295.SH,20080512,9.3345,9.7687,9.1174,9.3834,9.8609,-0.4775000000000009,-4.8424,145594.45,254816.298
600295.SH,20080509,9.7958,10.0943,9.5245,9.8609,9.8012,0.0597000000000012,0.6091,119958.91,217465.797
600295.SH,20080508,9.112,9.8772,9.0632,9.8012,9.112,0.6891999999999996,7.5637,144646.33,254652.499
600295.SH,20080507,9.4159,9.6059,9.0849,9.112,9.3399,-0.2279,-2.4401,73259.18,125569.673
600295.SH,20080506,9.1771,9.7416,9.0577,9.3399,9.3345,0.005399999999999849,0.0578,122113.2,213445.624
600295.SH,20080505,8.7918,9.3345,8.2762,9.3345,8.7267,0.607800000000001,6.9648,137098.97,222590.692
600295.SH,20080430,8.4662,8.9601,8.4391,8.7267,8.4988,0.2279,2.6816,90901.79,146533.754
600295.SH,20080429,9.4973,9.671,8.4119,8.4988,9.2803,-0.7815000000000012,-8.4211,147830.37,240611.075
600295.SH,20080428,9.0089,9.4159,8.9601,9.2803,9.226,0.05429999999999957,0.5886,60331.56,102697.366
600295.SH,20080425,8.9438,9.6601,8.7538,9.226,9.0903,0.1357000000000017,1.4928,106254.3,180794.998
600295.SH,20080424,9.0252,9.0903,8.5747,9.0903,8.2654,0.8248999999999995,9.9802,165799.19,272289.96
600295.SH,20080423,7.7064,8.3848,7.5979,8.2654,7.739,0.5263999999999998,6.8019,58031.57,86669.795
600295.SH,20080422,7.5545,7.8692,7.2831,7.739,7.7281,0.010899999999999466,0.141,34885.26,48910.054
600295.SH,20080421,8.1243,8.184,7.4513,7.7281,7.4513,0.2768000000000006,3.7148,54284.78,78575.37
600295.SH,20080418,8.0049,8.0863,7.3591,7.4513,8.0863,-0.6349999999999998,-7.8528,41623.8,59271.294
600295.SH,20080417,8.0863,8.5747,7.9398,8.0863,8.146,-0.0597000000000012,-0.7329,49008.38,74787.094
600295.SH,20080416,8.4553,8.667,8.0863,8.146,8.4553,-0.3092999999999986,-3.6581,42392.2,65744.574
600295.SH,20080415,8.1406,8.4879,8.0049,8.4553,8.2003,0.254999999999999,3.1096,48102.03,72858.915
600295.SH,20080414,7.9343,8.5693,7.8746,8.2003,8.1514,0.04889999999999972,0.5999,87282.69,133999.278
600295.SH,20080411,8.0375,8.2111,7.9018,8.1514,7.8638,0.2876000000000003,3.6573,42751.2,63991.975
600295.SH,20080410,7.3265,7.8692,7.2994,7.8638,7.4405,0.42330000000000023,5.6891,31889.99,44622.946
600295.SH,20080409,7.8149,8.2003,7.4351,7.4405,7.8964,-0.45589999999999975,-5.7735,47470.07,69023.769
600295.SH,20080408,7.6521,8.2383,7.625,7.8964,7.8095,0.08689999999999998,1.1127,51691.14,76189.224
600295.SH,20080407,7.0823,7.8692,6.9032,7.8095,7.1854,0.6241000000000003,8.6857,61648.26,86055.049
600295.SH,20080403,6.7567,7.3265,6.6753,7.1854,6.7784,0.40699999999999914,6.0044,64325.52,83210.977
600295.SH,20080402,7.2397,7.4133,6.7024,6.7784,7.2397,-0.4612999999999996,-6.3718,55965.4,72136.761
600295.SH,20080401,7.8638,8.032,7.2397,7.2397,8.0429,-0.8031999999999995,-9.9864,78457.28,106783.817
600295.SH,20080331,8.4662,8.629,8.0212,8.0429,8.8081,-0.7652000000000001,-8.6875,41491.33,63283.629
600295.SH,20080328,8.5747,8.8515,7.9832,8.8081,8.6236,0.1844999999999999,2.1395,47389.9,74195.546
600295.SH,20080327,8.743,8.9004,8.4716,8.6236,8.9926,-0.3689999999999998,-4.1034,42243.27,67430.996
600295.SH,20080326,8.8027,9.1609,8.7755,8.9926,8.7701,0.22250000000000014,2.537,46272.26,76334.032
600295.SH,20080325,8.6724,8.9546,8.2817,8.7701,8.8678,-0.09770000000000145,-1.1017,46738.93,74643.632
600295.SH,20080324,9.2531,9.4322,8.7918,8.8678,9.1283,-0.2604999999999986,-2.8538,46545.78,78650.692
600295.SH,20080321,9.2206,9.4648,8.9655,9.1283,9.2748,-0.1465000000000014,-1.5795,71343.94,120995.987
600295.SH,20080320,8.5747,9.4322,8.4119,9.2748,8.7375,0.5373000000000001,6.1494,99588.88,164906.825
600295.SH,20080319,8.5205,9.0523,8.2708,8.7375,8.3034,0.4341000000000008,5.228,106246.28,169307.975
600295.SH,20080318,9.1337,9.1337,7.9723,8.3034,8.8135,-0.5100999999999996,-5.7877,95911.13,148286.689
600295.SH,20080317,9.8338,9.8501,8.8135,8.8135,9.7904,-0.9769000000000005,-9.9781,88716.51,151233.459
600295.SH,20080314,10.5122,10.5122,9.7687,9.7904,10.2571,-0.46669999999999945,-4.55,92685.71,171787.989
600295.SH,20080313,10.7727,10.7727,10.0346,10.2571,10.6316,-0.37450000000000117,-3.5225,86513.17,165236.891
600295.SH,20080312,10.9626,11.234,10.4796,10.6316,10.7944,-0.16279999999999895,-1.5082,154036.33,309946.45
600295.SH,20080311,9.9206,10.8487,9.785,10.7944,9.9315,0.8628999999999998,8.6885,89325.97,170471.715
600295.SH,20080310,10.1594,10.1594,9.7253,9.9315,10.1269,-0.19539999999999935,-1.9295,36902.84,67512.088
600295.SH,20080307,10.3874,10.5827,9.8501,10.1269,10.3711,-0.24420000000000108,-2.3546,69238.3,129337.133
600295.SH,20080306,10.7564,10.7998,10.3494,10.3711,10.7564,-0.3852999999999991,-3.5821,84972.36,164525.7
600295.SH,20080305,10.2571,10.827,10.192,10.7564,10.306,0.45040000000000013,4.3703,120592.78,235825.699
600295.SH,20080304,10.3114,10.6696,10.0943,10.306,10.306,0.0,0.0,109082.04,208206.411
600295.SH,20080303,9.7687,10.3657,9.6059,10.306,9.8447,0.4612999999999996,4.6858,138297.9,256971.027
600295.SH,20080229,9.3617,9.8827,9.3399,9.8447,9.3399,0.5047999999999995,5.4048,118664.48,211659.401
600295.SH,20080228,9.1066,9.6601,8.9004,9.3399,9.0523,0.2875999999999994,3.1771,65403.44,113120.229
600295.SH,20080227,8.819,9.1663,8.8027,9.0523,9.0089,0.043400000000000105,0.4817,59814.37,99356.196
600295.SH,20080226,9.6601,10.0292,8.6019,9.0089,9.3888,-0.37989999999999924,-4.0463,134651.62,231635.096
600295.SH,20080225,9.6764,9.7687,9.2314,9.3888,9.5353,-0.14649999999999963,-1.5364,82182.88,144197.407
600295.SH,20080222,9.3074,9.9044,9.1446,9.5353,9.4431,0.09220000000000006,0.9764,116238.06,204399.905
600295.SH,20080221,9.4973,9.6601,9.0632,9.4431,9.4431,0.0,0.0,83010.3,143703.976
600295.SH,20080220,9.3345,9.6601,9.2368,9.4431,9.4376,0.005499999999999616,0.0583,130682.78,227609.479
600295.SH,20080219,8.7918,9.633,8.7321,9.4376,8.7593,0.6783000000000001,7.7438,228726.02,395751.24
600295.SH,20080218,8.6833,8.8841,8.5747,8.7593,8.4228,0.33649999999999913,3.9951,63756.9,103165.938
600295.SH,20080215,8.5747,8.6561,8.3631,8.4228,8.6561,-0.23329999999999984,-2.6952,36241.01,56598.365
600295.SH,20080214,8.5802,8.781,8.5205,8.6561,8.4879,0.16820000000000057,1.9816,33210.33,53067.292
600295.SH,20080213,8.2491,8.7918,8.1514,8.4879,8.4879,0.0,0.0,44481.23,70506.116
600295.SH,20080205,8.1948,8.5964,8.1406,8.4879,8.298,0.18989999999999974,2.2885,66844.19,103845.391
600295.SH,20080204,7.8692,8.3522,7.7878,8.298,7.6576,0.6403999999999996,8.3629,48409.22,72256.208
600295.SH,20080201,8.0375,8.1406,7.2722,7.6576,8.0212,-0.3635999999999999,-4.533,69059.91,96103.502
600295.SH,20080131,8.553,8.7104,8.0103,8.0212,8.5964,-0.5751999999999988,-6.6912,57847.92,88674.87
600295.SH,20080130,9.0089,9.0903,8.222,8.5964,8.8949,-0.29850000000000065,-3.3559,103121.08,165016.478
600295.SH,20080129,8.7701,9.0089,8.4716,8.8949,8.6019,0.29299999999999926,3.4062,123745.94,200742.842
600295.SH,20080128,8.5205,8.9275,8.4174,8.6019,8.4553,0.14660000000000117,1.7338,160441.5,256899.093
600295.SH,20080125,8.5747,8.6833,8.2762,8.4553,8.5096,-0.05430000000000135,-0.6381,78808.29,123171.808
600295.SH,20080124,8.2383,8.7647,8.0429,8.5096,8.1731,0.3365000000000009,4.1172,90970.6,140887.168
600295.SH,20080123,7.8746,8.2328,7.7064,8.1731,7.7715,0.4016000000000002,5.1676,89147.91,131756.734
600295.SH,20080122,8.1948,8.4119,7.6413,7.7715,8.4879,-0.7164000000000001,-8.4403,140625.46,203143.169
600295.SH,20080121,9.1934,9.2803,8.4553,8.4879,8.9655,-0.4776000000000007,-5.3271,105037.63,173481.617
600295.SH,20080118,9.0523,9.3074,8.7375,8.9655,9.074,-0.10849999999999937,-1.1957,108513.78,180136.564
600295.SH,20080117,8.553,9.3237,8.515,9.074,8.629,0.4450000000000003,5.157,223760.94,370083.497
600295.SH,20080116,8.2491,8.8841,8.184,8.629,8.4119,0.2171000000000003,2.5809,188040.6,299399.094
600295.SH,20080115,8.0592,8.4988,7.9723,8.4119,8.0049,0.40700000000000003,5.0844,110128.24,167628.754
600295.SH,20080114,7.9995,8.1189,7.9181,8.0049,8.0266,-0.02170000000000094,-0.2704,35890.83,53028.082
600295.SH,20080111,8.184,8.1948,7.9018,8.0266,8.1948,-0.16820000000000057,-2.0525,49989.34,73830.009
600295.SH,20080110,8.1406,8.2925,8.0537,8.1948,8.1351,0.0597000000000012,0.7339,98257.54,147565.797
600295.SH,20080109,7.5979,8.1514,7.5545,8.1351,7.6304,0.5046999999999997,6.6143,87552.46,127730.689
600295.SH,20080108,7.9235,8.0212,7.5436,7.6304,7.9181,-0.28770000000000007,-3.6334,86316.71,124233.622
600295.SH,20080107,7.9506,8.0429,7.8041,7.9181,7.8909,0.02719999999999967,0.3447,129833.85,188879.634
600295.SH,20080104,7.6413,7.9235,7.5002,7.8909,7.5924,0.29850000000000065,3.9316,115248.58,163872.757
600295.SH,20080103,7.4568,7.6413,7.2722,7.5924,7.4459,0.14649999999999963,1.9675,86543.03,119538.169
600295.SH,20080102,7.3971,7.5165,7.2234,7.4459,7.3971,0.048799999999999955,0.6597,49603.41,67534.213
600295.SH,20071228,7.4351,7.587,7.3591,7.3971,7.4025,-0.005399999999999849,-0.0729,45489.19,62460.615
600295.SH,20071227,7.5382,7.5707,7.3808,7.4025,7.511,-0.10850000000000026,-1.4445,52062.69,71464.62
600295.SH,20071226,7.2722,7.5382,7.2234,7.511,7.1691,0.34189999999999987,4.7691,68449.91,92983.726
600295.SH,20071225,7.0389,7.2343,7.0009,7.1691,7.0552,0.11390000000000011,1.6144,46819.37,61804.076
600295.SH,20071224,7.1203,7.294,7.0335,7.0552,7.0986,-0.043400000000000105,-0.6114,55946.42,73770.427
600295.SH,20071221,6.99,7.1366,6.9629,7.0986,7.0226,0.07600000000000051,1.0822,34335.34,44720.229
600295.SH,20071220,7.0009,7.1366,6.8815,7.0226,6.9738,0.048799999999999955,0.6998,45334.98,58709.71
600295.SH,20071219,6.8544,7.028,6.8109,6.9738,6.7892,0.18459999999999965,2.719,43403.81,55422.687
600295.SH,20071218,6.6753,6.8652,6.6481,6.7892,6.7295,0.05970000000000031,0.8871,22220.8,27794.989
600295.SH,20071217,6.6481,6.8327,6.6156,6.7295,6.6373,0.09220000000000006,1.3891,29891.2,36953.958
600295.SH,20071214,6.5125,6.6481,6.4365,6.6373,6.5504,0.08689999999999998,1.3266,23053.49,27742.741
600295.SH,20071213,6.7404,6.8924,6.5287,6.5504,6.8489,-0.29850000000000065,-4.3584,27278.35,33836.833
600295.SH,20071212,6.7241,6.9358,6.6807,6.8489,6.7784,0.07050000000000001,1.0401,24790.53,31133.734
600295.SH,20071211,6.8598,6.8652,6.697,6.7784,6.8544,-0.07599999999999962,-1.1088,31215.26,39002.682
600295.SH,20071210,6.5342,6.8652,6.5287,6.8544,6.6916,0.16279999999999983,2.4329,42732.68,53259.459
600295.SH,20071207,6.6427,6.697,6.5287,6.6916,6.6156,0.07600000000000051,1.1488,23282.56,28441.1
600295.SH,20071206,6.621,6.7947,6.5776,6.6156,6.5396,0.07599999999999962,1.1622,45161.43,55575.371
600295.SH,20071205,6.2682,6.5667,6.214,6.5396,6.2628,0.2767999999999997,4.4197,30963.24,36579.318
600295.SH,20071204,6.3334,6.3388,6.1923,6.2628,6.252,0.010800000000000587,0.1727,10974.39,12657.242
600295.SH,20071203,6.1651,6.2845,6.138,6.252,6.1868,0.06519999999999992,1.0539,13027.69,14939.784
600295.SH,20071130,6.4039,6.4039,6.1217,6.1868,6.4256,-0.23880000000000035,-3.7164,25606.44,29395.94
600295.SH,20071129,6.3768,6.4419,6.176,6.4256,6.2574,0.16820000000000057,2.688,23428.81,27275.939
600295.SH,20071128,6.4039,6.4907,6.2411,6.2574,6.3768,-0.11940000000000062,-1.8724,17740.0,20717.601
600295.SH,20071127,6.4582,6.5613,6.3225,6.3768,6.5016,-0.12479999999999958,-1.9195,14822.69,17585.635
600295.SH,20071126,6.7784,6.8435,6.4636,6.5016,6.6807,-0.17910000000000004,-2.6809,20058.61,24663.245
600295.SH,20071123,6.507,6.7404,6.4473,6.6807,6.5179,0.16279999999999983,2.4977,22183.63,27050.5
600295.SH,20071122,6.5613,6.8109,6.4582,6.5179,6.7241,-0.20619999999999994,-3.0666,34840.59,42605.067
600295.SH,20071121,6.9955,7.0443,6.697,6.7241,6.8055,-0.08140000000000036,-1.1961,73120.35,93119.045
600295.SH,20071120,6.3496,6.8055,6.3496,6.8055,6.1868,0.6187000000000005,10.0003,23875.49,29611.436
600295.SH,20071116,6.024,6.214,5.9318,6.1868,6.0729,0.11390000000000011,1.8755,16267.78,18383.654
600295.SH,20071115,6.2411,6.2791,6.062,6.0729,6.2465,-0.17360000000000042,-2.7792,18973.1,21493.835
600295.SH,20071114,6.0946,6.2954,6.0295,6.2465,6.0566,0.18989999999999974,3.1354,24572.58,28031.957
600295.SH,20071113,6.024,6.2845,5.9426,6.0566,5.9969,0.05970000000000031,0.9955,16696.59,18792.131
600295.SH,20071112,6.1217,6.2465,5.8612,5.9969,6.3117,-0.31479999999999997,-4.9876,18594.09,20594.367
600295.SH,20071109,6.3985,6.5016,6.2085,6.3117,6.469,-0.15730000000000022,-2.4316,16600.16,19348.367
600295.SH,20071108,6.6427,6.6644,6.3605,6.469,6.6427,-0.1736999999999993,-2.6149,18126.88,21620.974
600295.SH,20071107,6.7295,6.7892,6.4907,6.6427,6.6861,-0.043400000000000105,-0.6491,14283.59,17514.307
600295.SH,20071106,6.5179,6.8327,6.5125,6.6861,6.621,0.06509999999999927,0.9832,20041.56,24833.024
600295.SH,20071105,6.5667,6.7187,6.3279,6.621,6.5939,0.02710000000000079,0.411,24167.84,29281.914
600295.SH,20071102,6.4311,6.773,6.1488,6.5939,6.5125,0.08139999999999947,1.2499,39181.43,45688.091
600295.SH,20071101,6.8327,6.8381,6.507,6.5125,6.8381,-0.32559999999999967,-4.7616,28547.8,35069.971
600295.SH,20071031,6.545,6.8381,6.5287,6.8381,6.507,0.33110000000000017,5.0884,40093.95,49840.84
600295.SH,20071030,6.5233,6.5559,6.3117,6.507,6.4853,0.021700000000000053,0.3346,28615.68,33833.599
600295.SH,20071029,6.3496,6.5125,6.138,6.4853,6.1,0.3853,6.3164,28194.69,32953.649
600295.SH,20071025,6.7838,6.7838,6.1,6.1,6.7784,-0.6784000000000008,-10.0083,60225.37,70540.527
600295.SH,20071024,7.0009,7.1094,6.773,6.7784,6.9955,-0.2170999999999994,-3.1034,33699.58,43016.784
600295.SH,20071023,7.142,7.3102,6.8706,6.9955,7.142,-0.14650000000000052,-2.0512,32067.09,41637.297
600295.SH,20071022,7.2722,7.4568,7.1311,7.142,7.1528,-0.010799999999999699,-0.151,35757.64,47959.157
600295.SH,20071019,7.3157,7.3808,7.1149,7.1528,7.18,-0.02719999999999967,-0.3788,26316.33,34915.848
600295.SH,20071018,7.5436,7.5707,7.1637,7.18,7.5545,-0.3745000000000003,-4.9573,47914.71,64273.243
600295.SH,20071017,7.625,7.6956,7.4459,7.5545,7.6413,-0.08680000000000021,-1.1359,33948.97,47175.519
600295.SH,20071016,7.5436,7.7064,7.2722,7.6413,7.4948,0.14650000000000052,1.9547,49177.71,68104.77
600295.SH,20071015,7.5979,7.6467,7.218,7.4948,7.5924,-0.09759999999999991,-1.2855,58431.37,79799.531
600295.SH,20071012,7.6521,7.6521,7.0552,7.5924,7.6956,-0.10320000000000018,-1.341,105492.21,143440.736
600295.SH,20071011,8.1406,8.2491,7.5924,7.6956,8.3142,-0.6185999999999998,-7.4403,142236.43,205642.709
600295.SH,20071010,8.4553,8.6833,8.2817,8.3142,8.4553,-0.14109999999999978,-1.6688,75376.23,118261.633
600295.SH,20071009,8.3577,8.6833,8.26,8.4553,8.3685,0.08680000000000021,1.0372,45985.66,72060.483
600295.SH,20071008,8.7375,8.781,8.3088,8.3685,8.5259,-0.15740000000000087,-1.8461,61621.48,95909.161
600295.SH,20070928,8.222,8.7267,8.222,8.5259,7.9995,0.5263999999999998,6.5804,110185.19,173005.294
600295.SH,20070927,7.9289,8.1026,7.8258,7.9995,7.8692,0.13030000000000008,1.6558,33652.44,49400.665
600295.SH,20070926,7.9561,8.1243,7.7064,7.8692,8.0157,-0.14650000000000052,-1.8277,55686.23,81161.539
600295.SH,20070925,8.3197,8.4282,7.9561,8.0157,8.4391,-0.4233999999999991,-5.0171,99607.36,149698.839
600295.SH,20070924,8.6073,8.8081,8.2654,8.4391,8.5096,-0.0705000000000009,-0.8285,118119.64,187186.31
600295.SH,20070921,8.5747,8.6833,8.1948,8.5096,8.5747,-0.06509999999999927,-0.7592,102755.25,159543.968
600295.SH,20070920,8.4445,8.7864,8.2003,8.5747,8.3902,0.1844999999999999,2.199,136650.74,214605.319
600295.SH,20070919,8.0429,8.6833,7.8149,8.3902,8.0537,0.3365000000000009,4.1782,174945.24,269750.367
600295.SH,20070918,8.3034,8.3142,7.8041,8.0537,8.0483,0.005399999999999849,0.0671,166875.35,248384.376
600295.SH,20070917,7.4839,8.0483,7.3265,8.0483,7.3157,0.7325999999999997,10.0141,119731.71,175669.873
600295.SH,20070914,7.3265,7.3808,7.0335,7.3157,7.3265,-0.010800000000000587,-0.1474,58556.61,78079.26
600295.SH,20070913,7.0552,7.4079,6.9195,7.3265,7.028,0.29850000000000065,4.2473,73884.44,97899.565
600295.SH,20070912,7.0552,7.2397,6.7078,7.028,6.9249,0.10309999999999953,1.4888,75609.86,97005.161
600295.SH,20070911,7.6793,7.6793,6.9141,6.9249,7.6793,-0.7543999999999995,-9.8238,82662.34,111776.97
600295.SH,20070910,7.3754,7.7553,7.2343,7.6793,7.473,0.2062999999999997,2.7606,78602.73,109109.128
600295.SH,20070907,7.7987,7.7987,7.4351,7.473,7.8855,-0.41250000000000053,-5.2311,123037.82,172892.247
600295.SH,20070906,8.0592,8.2111,7.8692,7.8855,8.0266,-0.14109999999999978,-1.7579,68724.7,101167.849
600295.SH,20070905,8.0103,8.1297,7.625,8.0266,7.9995,0.027099999999999902,0.3388,87525.66,126260.465
600295.SH,20070904,8.3468,8.3577,7.9289,7.9995,8.3142,-0.3146999999999993,-3.7851,111462.89,166077.996
600295.SH,20070903,7.6413,8.3142,7.6359,8.3142,7.5599,0.7542999999999997,9.9776,192951.18,290365.0
600295.SH,20070831,7.5707,7.6847,7.4622,7.5599,7.5979,-0.038000000000000256,-0.5001,82422.56,115096.021
600295.SH,20070830,7.5327,7.8964,7.4893,7.5979,7.473,0.12490000000000023,1.6714,137035.52,193467.883
600295.SH,20070829,7.2831,7.7064,7.1908,7.473,7.3428,0.13019999999999943,1.7732,212923.98,295677.701
600295.SH,20070828,6.7295,7.3428,6.621,7.3428,6.6753,0.6675000000000004,9.9996,185896.5,244576.419
600295.SH,20070827,6.9195,6.9683,6.5993,6.6753,6.8381,-0.16279999999999983,-2.3808,100509.9,124709.952
600295.SH,20070824,6.7892,7.0497,6.7838,6.8381,6.8001,0.038000000000000256,0.5588,61797.62,78479.504
600295.SH,20070823,6.9249,6.9466,6.735,6.8001,6.8978,-0.09770000000000056,-1.4164,57932.96,72858.349
600295.SH,20070822,6.5939,6.99,6.5233,6.8978,6.7295,0.16830000000000034,2.5009,94800.2,119482.628
600295.SH,20070821,6.7241,6.8381,6.6644,6.7295,6.6644,0.06510000000000016,0.9768,59869.26,74458.602
600295.SH,20070820,6.6427,6.7295,6.5722,6.6644,6.4745,0.18989999999999974,2.933,61457.92,75484.309
600295.SH,20070817,6.6481,6.8327,6.4636,6.4745,6.697,-0.22250000000000014,-3.3224,58503.56,71330.312
600295.SH,20070816,6.3931,6.7567,6.2954,6.697,6.3714,0.32559999999999967,5.1103,95676.07,115522.476
600295.SH,20070815,6.5233,6.6047,6.2411,6.3714,6.507,-0.13559999999999928,-2.0839,46268.68,54680.775
600295.SH,20070814,6.3225,6.5613,6.2682,6.507,6.3171,0.18989999999999974,3.0061,64531.32,76984.129
600295.SH,20070813,6.2628,6.3985,6.1977,6.3171,6.2411,0.07599999999999962,1.2177,48927.27,56652.508
600295.SH,20070810,6.3605,6.4582,6.1109,6.2411,6.3496,-0.10849999999999937,-1.7088,50986.52,58978.732
600295.SH,20070809,6.4582,6.5125,6.3062,6.3496,6.3496,0.0,0.0,40856.9,48002.456
600295.SH,20070808,6.5993,6.5993,6.214,6.3496,6.6373,-0.28770000000000007,-4.3346,68697.44,80984.222
600295.SH,20070807,6.7838,6.8381,6.621,6.6373,6.8435,-0.20619999999999994,-3.0131,75170.57,92883.801
600295.SH,20070806,6.5179,6.9738,6.3931,6.8435,6.4799,0.3635999999999999,5.6112,119654.11,148580.905
600295.SH,20070803,6.3008,6.5396,6.1054,6.4799,6.2357,0.2442000000000002,3.9162,86682.5,100718.793
600295.SH,20070802,6.1597,6.3659,6.0566,6.2357,6.0512,0.1844999999999999,3.049,67656.96,77296.495
600295.SH,20070801,6.545,6.6481,6.0132,6.0512,6.5342,-0.48300000000000054,-7.3919,97662.53,114106.548
600295.SH,20070731,6.6753,6.7187,6.4039,6.5342,6.6644,-0.13019999999999943,-1.9537,88523.56,106204.197
600295.SH,20070730,6.5125,6.6753,6.4962,6.6644,6.4962,0.16819999999999968,2.5892,80407.98,97744.365
600295.SH,20070727,6.2303,6.5939,6.1868,6.4962,6.2845,0.21169999999999956,3.3686,67873.75,80869.092
600295.SH,20070726,6.3876,6.3931,6.1923,6.2845,6.2791,0.0054000000000007375,0.086,55116.82,63731.842
600295.SH,20070725,6.0783,6.4039,6.0783,6.2791,6.1217,0.15739999999999998,2.5712,59519.87,68830.278
600295.SH,20070724,6.1326,6.469,6.1163,6.1217,5.9915,0.13019999999999943,2.1731,101034.55,116818.291
600295.SH,20070723,5.6278,6.0023,5.6278,5.9915,5.5953,0.39620000000000033,7.0809,73537.64,79255.343
600295.SH,20070720,5.2534,5.6984,5.248,5.5953,5.2262,0.36909999999999954,7.0625,56082.07,57055.457
600295.SH,20070719,5.2371,5.2968,5.1937,5.2262,5.2534,-0.02719999999999967,-0.5178,15176.67,14637.19
600295.SH,20070718,5.3185,5.3999,5.1828,5.2534,5.3294,-0.07599999999999962,-1.4261,28122.52,27414.075
600295.SH,20070717,5.2425,5.427,5.1611,5.3294,5.2317,0.09769999999999968,1.8675,21625.4,21105.132
600295.SH,20070716,5.4705,5.5247,5.1937,5.2317,5.4813,-0.24960000000000004,-4.5537,40392.83,39552.584
600295.SH,20070713,5.5899,5.6224,5.4053,5.4813,5.6116,-0.13030000000000008,-2.322,19338.69,19551.382
600295.SH,20070712,5.5519,5.6224,5.4922,5.6116,5.5519,0.05970000000000031,1.0753,24246.86,24863.064
600295.SH,20070711,5.4433,5.6116,5.3728,5.5519,5.4596,0.09229999999999983,1.6906,28965.25,29285.802
600295.SH,20070710,5.6713,5.6821,5.4379,5.4596,5.6984,-0.23880000000000035,-4.1907,43147.13,44000.145
600295.SH,20070709,5.7418,5.8015,5.5844,5.6984,5.6496,0.048799999999999955,0.8638,64548.27,68064.914
600295.SH,20070706,5.3999,5.6875,5.1557,5.6496,5.3999,0.2497000000000007,4.6242,68989.57,69458.534
600295.SH,20070705,5.427,5.6713,5.3674,5.3999,5.4976,-0.09770000000000056,-1.7771,53067.62,53787.194
600295.SH,20070704,5.7907,5.8124,5.4542,5.4976,5.769,-0.27139999999999986,-4.7045,27711.41,28740.979
600295.SH,20070703,5.7798,5.8069,5.5519,5.769,5.6713,0.09770000000000056,1.7227,40342.13,42442.667
600295.SH,20070702,5.4759,5.6875,5.2914,5.6713,5.5356,0.13569999999999993,2.4514,50907.84,51586.679
600295.SH,20070629,5.7527,5.9698,5.5302,5.5356,5.9806,-0.4450000000000003,-7.4407,73912.18,77756.161
600295.SH,20070628,6.5993,6.5993,5.9806,5.9806,6.6427,-0.6620999999999997,-9.9673,76128.09,87682.321
600295.SH,20070627,6.5939,6.6861,6.3876,6.6427,6.5776,0.06509999999999927,0.9897,71563.85,86732.877
600295.SH,20070626,6.0512,6.5939,5.7581,6.5776,6.2194,0.3582000000000001,5.7594,92038.26,103874.067
600295.SH,20070625,6.9629,7.1094,6.2194,6.2194,6.9086,-0.6891999999999996,-9.976,110771.29,132882.778
600295.SH,20070622,7.5436,7.5653,6.7892,6.9086,7.5436,-0.6349999999999998,-8.4177,132258.75,172290.84
600295.SH,20070621,7.5382,7.701,7.2722,7.5436,7.3211,0.22249999999999925,3.0392,108983.77,150498.491
600295.SH,20070620,7.5924,7.9669,7.1963,7.3211,7.6087,-0.2875999999999994,-3.7799,150938.5,213374.244
600295.SH,20070619,7.5979,7.6738,7.3591,7.6087,7.6738,-0.06510000000000016,-0.8483,111411.12,154463.306
600295.SH,20070618,7.6033,7.9669,7.5979,7.6738,7.5327,0.14109999999999978,1.8732,142563.47,203465.364
600295.SH,20070615,7.4351,7.7607,7.3265,7.5327,7.4351,0.09759999999999991,1.3127,118048.5,165037.126
600295.SH,20070614,7.6196,7.6196,7.4079,7.4351,7.6738,-0.2386999999999997,-3.1106,136791.51,188933.859
600295.SH,20070613,7.8095,7.9669,7.6521,7.6738,7.8095,-0.13569999999999993,-1.7376,184558.87,263759.37
600295.SH,20070612,7.4242,7.8312,7.2831,7.8095,7.3265,0.48299999999999965,6.5925,232664.07,323306.508
600295.SH,20070611,6.8761,7.5436,6.8435,7.3265,6.8761,0.45040000000000013,6.5502,164365.28,218439.978
600295.SH,20070608,6.8109,7.0552,6.7024,6.8761,6.8327,0.043400000000000105,0.6352,126960.37,161246.737
600295.SH,20070607,6.5383,7.0693,6.4417,6.8333,6.6133,0.22000000000000064,3.3266,191577.85,244224.569
600295.SH,20070606,6.1145,6.7045,5.9,6.6133,6.1092,0.5040999999999993,8.2515,230328.04,273144.229
600295.SH,20070605,5.5513,6.1092,5.31,6.1092,5.5513,0.5579000000000001,10.0499,164681.41,176061.754
600295.SH,20070604,6.0126,6.1199,5.4709,5.5513,5.8356,-0.2843,-4.8718,163616.14,176277.149
600295.SH,20070601,6.2862,6.5275,5.6586,5.8356,6.2862,-0.45059999999999967,-7.1681,174506.02,202313.285
600295.SH,20070531,6.6241,6.785,6.0877,6.2862,6.7635,-0.4772999999999996,-7.057,194108.37,229860.918
600295.SH,20070530,6.7635,7.3428,6.7635,6.7635,7.5144,-0.7509000000000006,-9.9928,211493.72,273784.194
600295.SH,20070529,7.4554,7.611,7.1873,7.5144,7.4501,0.06430000000000025,0.8631,184516.25,253798.146
600295.SH,20070528,7.3535,7.7719,7.2516,7.4501,7.1873,0.26280000000000037,3.6564,164181.86,230381.368
600295.SH,20070525,6.962,7.4876,6.8923,7.1873,7.1658,0.02149999999999963,0.3,186085.74,252407.495
600295.SH,20070524,7.2409,7.2409,6.8011,7.1658,6.6133,0.5525000000000002,8.3544,298586.97,390087.199
600295.SH,20070522,6.608,7.1551,6.5973,6.6133,6.5061,0.10719999999999974,1.6477,420197.85,539159.355
600295.SH,20070521,5.723,6.5061,5.6425,6.5061,5.9161,0.5899999999999999,9.9728,302194.01,353021.323
600295.SH,20070518,5.8249,6.0287,5.6854,5.9161,5.7927,0.12340000000000018,2.1303,173244.77,187913.645
600295.SH,20070517,5.6854,5.9214,5.6854,5.7927,5.6747,0.11800000000000033,2.0794,108243.34,117629.898
600295.SH,20070516,5.5567,5.7123,5.4226,5.6747,5.5299,0.14480000000000004,2.6185,89557.41,93214.615
600295.SH,20070515,5.9053,5.9858,5.5192,5.5299,5.8517,-0.32180000000000053,-5.4993,116661.06,124560.095
600295.SH,20070514,5.7391,6.0341,5.6318,5.8517,5.8195,0.03220000000000045,0.5533,131187.31,141875.816
600295.SH,20070511,5.9536,5.9536,5.7391,5.8195,6.0394,-0.21989999999999998,-3.6411,123572.3,134342.267
600295.SH,20070510,5.9053,6.2218,5.8195,6.0394,5.9107,0.12869999999999937,2.1774,182024.68,206662.552
600295.SH,20070509,5.6425,5.9375,5.5192,5.9107,5.6533,0.2574000000000005,4.5531,230496.23,247868.691
600295.SH,20070508,5.5353,5.6586,5.4173,5.6533,5.4387,0.2145999999999999,3.9458,144376.59,149601.942
600295.SH,20070430,5.4602,5.5084,5.3368,5.4387,5.5084,-0.0697000000000001,-1.2653,100495.75,101538.111
600295.SH,20070427,5.6318,5.7927,5.4763,5.5084,5.605,-0.09660000000000046,-1.7235,84659.85,88695.64
600295.SH,20070426,5.5192,5.6103,5.4709,5.605,5.5513,0.05370000000000008,0.9673,96874.54,99998.637
600295.SH,20070425,5.5996,5.6211,5.3636,5.5513,5.6425,-0.09119999999999973,-1.6163,102247.23,104864.386
600295.SH,20070424,5.7337,5.8463,5.5889,5.6425,5.7337,-0.09119999999999973,-1.5906,142959.16,151912.837
600295.SH,20070423,5.5728,5.8356,5.5728,5.7337,5.5674,0.16629999999999967,2.987,138234.32,147662.251
600295.SH,20070420,5.2671,5.6854,5.2671,5.5674,5.2778,0.2896000000000001,5.4871,235111.79,240514.717
600295.SH,20070419,5.4441,5.4441,4.9184,5.2778,5.4655,-0.18769999999999953,-3.4343,174480.02,168809.639
600295.SH,20070418,5.3851,5.5889,5.2563,5.4655,5.428,0.037499999999999645,0.6909,167405.41,170521.228
600295.SH,20070417,5.1383,5.4602,5.0203,5.428,5.1383,0.28969999999999985,5.6381,227781.1,221242.36
600295.SH,20070416,5.0311,5.1598,4.9721,5.1383,5.074,0.06430000000000025,1.2672,113081.47,107037.705
600295.SH,20070413,5.3529,5.4655,5.0043,5.074,5.2456,-0.17159999999999975,-3.2713,159111.32,154589.315
600295.SH,20070411,4.9882,5.3904,4.9077,5.2456,4.9828,0.2627999999999995,5.2741,194874.59,187100.8
600295.SH,20070410,4.9399,5.0096,4.7736,4.9828,4.9399,0.04290000000000038,0.8684,119687.57,109136.77
600295.SH,20070409,4.8863,5.0203,4.8863,4.9399,4.9131,0.026799999999999713,0.5455,97084.37,89481.019
600295.SH,20070406,4.9184,5.0257,4.8541,4.9131,4.9453,-0.03219999999999956,-0.6511,101646.88,93549.093
600295.SH,20070405,4.9238,4.9828,4.8487,4.9453,4.9292,0.01609999999999978,0.3266,84251.38,77383.326
600295.SH,20070404,5.0257,5.0257,4.8755,4.9292,5.0257,-0.09649999999999981,-1.9201,117828.98,108198.348
600295.SH,20070403,4.7093,5.1813,4.6663,5.0257,4.7093,0.3163999999999998,6.7186,274870.13,258311.987
600295.SH,20070402,4.4411,4.7522,4.3982,4.7093,4.4196,0.28969999999999985,6.5549,119089.27,101863.388
600295.SH,20070330,4.5054,4.5805,4.3821,4.4196,4.5376,-0.11800000000000033,-2.6005,103069.65,85657.953
600295.SH,20070329,4.8004,4.8755,4.4733,4.5376,4.8112,-0.27360000000000007,-5.6867,264126.31,230444.999
600295.SH,20070328,4.3124,4.8112,4.1836,4.8112,4.3714,0.43979999999999997,10.0609,336376.28,294660.087
600295.SH,20070327,4.2104,4.3928,4.1568,4.3714,4.2158,0.15560000000000063,3.6909,147140.2,116883.763
600295.SH,20070326,4.1139,4.2694,4.0549,4.2158,4.1085,0.1072999999999995,2.6117,123476.14,95847.18
600295.SH,20070323,3.8886,4.1783,3.8457,4.1085,3.8725,0.2360000000000002,6.0943,175268.02,131121.971
600295.SH,20070322,3.8243,3.9744,3.8082,3.8725,3.8082,0.06430000000000025,1.6885,107705.56,78226.453
600295.SH,20070321,3.7653,3.8833,3.7653,3.8082,3.7653,0.04289999999999994,1.1394,53172.96,37716.82
600295.SH,20070320,3.6258,3.776,3.6204,3.7653,3.6526,0.1126999999999998,3.0855,51978.56,36195.592
600295.SH,20070319,3.5936,3.6902,3.5185,3.6526,3.6526,0.0,0.0,60993.34,41347.572
600295.SH,20070316,3.8618,3.8886,3.6097,3.6526,3.8243,-0.17169999999999996,-4.4897,93718.26,64962.254
600295.SH,20070315,3.8028,3.9047,3.7867,3.8243,3.8028,0.021500000000000075,0.5654,73088.53,52117.724
600295.SH,20070314,3.8618,3.894,3.6473,3.8028,3.9262,-0.12340000000000018,-3.143,84614.01,60102.083
600295.SH,20070313,3.8296,4.0174,3.7867,3.9262,3.8296,0.09660000000000002,2.5225,108839.53,79140.568
600295.SH,20070312,3.7224,3.835,3.6258,3.8296,3.7224,0.10720000000000018,2.8799,99947.4,70083.058
600295.SH,20070309,3.7599,3.8243,3.6687,3.7224,3.7653,-0.04289999999999994,-1.1394,84676.64,59064.154
600295.SH,20070308,3.6955,3.7814,3.6526,3.7653,3.6848,0.0804999999999998,2.1847,80231.15,55723.041
600295.SH,20070307,3.5722,3.7331,3.5722,3.6848,3.5293,0.15549999999999997,4.406,66281.1,45362.242
600295.SH,20070306,3.5346,3.5614,3.4542,3.5293,3.5668,-0.03750000000000009,-1.0514,48021.04,31409.371
600295.SH,20070305,3.6955,3.7653,3.4059,3.5668,3.7063,-0.13949999999999996,-3.7639,104412.13,70005.983
600295.SH,20070302,3.7063,3.776,3.6365,3.7063,3.7438,-0.037499999999999645,-1.0017,76147.18,52467.985
600295.SH,20070301,3.7545,3.8618,3.6204,3.7438,3.6687,0.07509999999999994,2.047,196532.04,137813.001
600295.SH,20070228,3.3576,3.6687,3.3523,3.6687,3.3362,0.3325,9.9664,143875.34,95154.957
600295.SH,20070227,3.7063,3.8833,3.3362,3.3362,3.7063,-0.3701000000000003,-9.9857,186532.13,127815.468
600295.SH,20070226,3.4542,3.7224,3.4005,3.7063,3.4274,0.27890000000000015,8.1374,115021.21,76772.104
600295.SH,20070216,3.4917,3.5293,3.4113,3.4274,3.4381,-0.010699999999999932,-0.3112,114176.87,73792.672
600295.SH,20070215,3.3308,3.4434,3.3094,3.4381,3.3147,0.12339999999999973,3.7228,105677.38,66260.927
600295.SH,20070214,3.2289,3.3254,3.2182,3.3147,3.2182,0.09650000000000025,2.9986,85807.69,52391.306
600295.SH,20070213,3.2182,3.2396,3.1645,3.2182,3.1914,0.026800000000000157,0.8398,50182.42,29979.818
600295.SH,20070212,3.1753,3.245,3.1699,3.1914,3.1753,0.01609999999999978,0.507,44737.88,26697.661
600295.SH,20070209,3.1699,3.2664,3.1699,3.1753,3.1699,0.005399999999999849,0.1704,74797.44,44768.566
600295.SH,20070208,3.0626,3.1753,3.0251,3.1699,3.0573,0.11260000000000003,3.683,69916.97,40600.842
600295.SH,20070207,3.0734,3.1109,3.0304,3.0573,3.0734,-0.01609999999999978,-0.5238,49493.14,28365.489
600295.SH,20070206,3.0144,3.0948,2.9875,3.0734,2.9875,0.08590000000000009,2.8753,38981.88,22165.221
600295.SH,20070205,2.9285,3.0304,2.9232,2.9875,2.9285,0.05899999999999972,2.0147,29940.97,16627.437
600295.SH,20070202,2.9768,3.009,2.9178,2.9285,2.9714,-0.04289999999999994,-1.4438,41419.32,22831.898
600295.SH,20070201,2.9661,3.0251,2.8803,2.9714,3.0144,-0.04300000000000015,-1.4265,59694.84,32900.839
600295.SH,20070131,3.2289,3.2289,2.9607,3.0144,3.2182,-0.20379999999999976,-6.3327,77999.09,45274.442
600295.SH,20070130,3.2879,3.3147,3.1645,3.2182,3.2235,-0.005300000000000082,-0.1644,158073.17,95491.069
600295.SH,20070129,3.1002,3.2504,3.0304,3.2235,3.0787,0.14480000000000004,4.7033,106042.54,62059.355
600295.SH,20070126,3.0573,3.1109,2.891,3.0787,3.1324,-0.05370000000000008,-1.7143,100694.48,56212.893
600295.SH,20070125,3.3254,3.3254,3.1109,3.1324,3.3308,-0.1983999999999999,-5.9565,88895.3,53149.336
600295.SH,20070124,3.2664,3.4327,3.1377,3.3308,3.2772,0.05359999999999987,1.6355,148702.49,90909.886
600295.SH,20070123,3.2986,3.3147,3.1216,3.2772,3.2825,-0.005300000000000082,-0.1615,114198.1,68349.63
600295.SH,20070122,3.1699,3.304,3.1645,3.2825,3.1163,0.16620000000000035,5.3332,137921.1,83573.963
600295.SH,20070119,3.0036,3.1538,2.9554,3.1163,2.9285,0.18779999999999974,6.4128,156572.24,89885.311
600295.SH,20070118,2.9607,2.9983,2.8427,2.9285,2.9661,-0.037599999999999856,-1.2677,117968.94,64028.777
600295.SH,20070117,2.7998,2.9714,2.7891,2.9661,2.7891,0.17700000000000005,6.3461,218718.34,117357.509
600295.SH,20070116,2.7354,2.8052,2.714,2.7891,2.7515,0.037599999999999856,1.3665,111195.56,57241.833
600295.SH,20070115,2.6335,2.7784,2.6282,2.7515,2.6335,0.11799999999999988,4.4807,81761.17,41482.966
600295.SH,20070112,2.773,2.8213,2.6121,2.6335,2.7998,-0.16629999999999967,-5.9397,85121.05,43034.709
600295.SH,20070111,2.6818,2.891,2.6389,2.7998,2.6711,0.12869999999999981,4.8182,176570.39,91537.942
600295.SH,20070110,2.5906,2.6925,2.5477,2.6711,2.6174,0.05370000000000008,2.0517,81054.45,39552.983
600295.SH,20070109,2.6067,2.6604,2.5638,2.6174,2.596,0.021399999999999864,0.8243,53302.92,26014.827
600295.SH,20070108,2.5155,2.6228,2.5155,2.596,2.5263,0.0697000000000001,2.759,82714.46,39730.306
600295.SH,20070105,2.419,2.5316,2.4136,2.5263,2.4404,0.08590000000000009,3.5199,41497.21,19132.427
600295.SH,20070104,2.4619,2.4994,2.4351,2.4404,2.4512,-0.010800000000000143,-0.4406,38294.76,17537.336
600295.SH,20061229,2.4297,2.4834,2.4083,2.4512,2.4244,0.026800000000000157,1.1054,30119.32,13694.838
600295.SH,20061228,2.5155,2.5155,2.3975,2.4244,2.4994,-0.07500000000000018,-3.0007,31045.41,14154.338
600295.SH,20061227,2.4726,2.5477,2.4673,2.4994,2.4887,0.010699999999999932,0.4299,26182.51,12143.831
600295.SH,20061226,2.5477,2.5531,2.4673,2.4887,2.5424,-0.05370000000000008,-2.1122,40071.78,18626.622
600295.SH,20061225,2.5263,2.5745,2.5155,2.5424,2.5263,0.016100000000000225,0.6373,34781.84,16441.348
600295.SH,20061222,2.5424,2.5853,2.4994,2.5263,2.5853,-0.05900000000000016,-2.2821,39255.26,18544.676
600295.SH,20061221,2.6282,2.6872,2.5799,2.5853,2.6335,-0.04820000000000002,-1.8303,56219.79,27545.753
600295.SH,20061220,2.6496,2.6657,2.596,2.6335,2.6818,-0.04829999999999979,-1.801,82173.99,40186.836
600295.SH,20061219,2.5799,2.7086,2.5209,2.6818,2.5799,0.1019000000000001,3.9498,164696.53,81242.487
600295.SH,20061218,2.4941,2.6014,2.478,2.5799,2.4834,0.09649999999999981,3.8858,81415.19,38617.703
600295.SH,20061215,2.4565,2.5048,2.4458,2.4834,2.4834,0.0,0.0,34213.35,15779.607
600295.SH,20061214,2.4351,2.4941,2.3868,2.4834,2.4351,0.04830000000000023,1.9835,26325.57,11953.594
600295.SH,20061213,2.4726,2.4726,2.419,2.4351,2.4726,-0.03750000000000009,-1.5166,7097.42,3225.841
600295.SH,20061212,2.4512,2.478,2.4029,2.4726,2.4565,0.01609999999999978,0.6554,20889.51,9521.661
600295.SH,20061211,2.3385,2.4941,2.3385,2.4565,2.3707,0.08580000000000032,3.6192,16812.93,7490.95
600295.SH,20061208,2.4512,2.4726,2.3654,2.3707,2.4619,-0.09120000000000017,-3.7045,23873.6,10734.522
600295.SH,20061207,2.4834,2.537,2.4565,2.4619,2.5048,-0.04289999999999994,-1.7127,30679.0,14241.116
600295.SH,20061206,2.4994,2.5209,2.4136,2.5048,2.4994,0.005399999999999849,0.2161,38390.61,17659.811
600295.SH,20061205,2.5477,2.5584,2.4673,2.4994,2.5584,-0.05899999999999972,-2.3061,39232.53,18369.297
600295.SH,20061204,2.5102,2.6282,2.5102,2.5584,2.4941,0.0642999999999998,2.5781,39325.17,18756.427
600295.SH,20061201,2.4941,2.5102,2.4458,2.4941,2.4941,0.0,0.0,37262.21,17203.554
600295.SH,20061130,2.4834,2.5102,2.4619,2.4941,2.4887,0.005399999999999849,0.217,26276.13,12140.224
600295.SH,20061129,2.4726,2.4994,2.4297,2.4887,2.4834,0.005300000000000082,0.2134,27344.86,12605.538
600295.SH,20061128,2.419,2.4941,2.4083,2.4834,2.4136,0.06979999999999986,2.8919,46688.87,21418.301
600295.SH,20061127,2.3385,2.419,2.3385,2.4136,2.3385,0.07510000000000039,3.2115,36625.68,16406.332
600295.SH,20061124,2.3064,2.3439,2.2742,2.3385,2.3064,0.032099999999999795,1.3918,17570.38,7563.078
600295.SH,20061123,2.3224,2.3224,2.2795,2.3064,2.3224,-0.016000000000000014,-0.6889,15117.06,6470.024
600295.SH,20061122,2.2688,2.3439,2.2634,2.3224,2.2956,0.026800000000000157,1.1675,11755.9,5074.089
600295.SH,20061121,2.3064,2.3224,2.2527,2.2956,2.3278,-0.032200000000000006,-1.3833,15868.5,6737.758
600295.SH,20061120,2.3332,2.3761,2.2956,2.3278,2.3493,-0.021500000000000075,-0.9152,14606.15,6347.672
600295.SH,20061117,2.3814,2.3814,2.3332,2.3493,2.3654,-0.016100000000000225,-0.6806,10074.62,4429.021
600295.SH,20061116,2.3493,2.4083,2.3224,2.3654,2.3439,0.021500000000000075,0.9173,29981.69,13266.248
600295.SH,20061115,2.3117,2.3493,2.301,2.3439,2.3332,0.010699999999999932,0.4586,13450.8,5836.436
600295.SH,20061114,2.3278,2.3546,2.2527,2.3332,2.3278,0.0054000000000002935,0.232,12540.6,5404.118
600295.SH,20061113,2.2795,2.36,2.1884,2.3278,2.2688,0.05899999999999972,2.6005,25358.9,10781.939
600295.SH,20061110,2.3278,2.3385,2.2581,2.2688,2.3385,-0.06969999999999965,-2.9805,16662.0,7145.801
600295.SH,20061109,2.3332,2.3546,2.3064,2.3385,2.3332,0.005299999999999638,0.2272,7620.2,3309.414
600295.SH,20061108,2.3546,2.3546,2.3064,2.3332,2.3654,-0.032200000000000006,-1.3613,12410.71,5382.819
600295.SH,20061107,2.36,2.3868,2.3385,2.3654,2.3761,-0.010699999999999932,-0.4503,10865.11,4764.212
600295.SH,20061106,2.3922,2.3922,2.3493,2.3761,2.3922,-0.01609999999999978,-0.673,11524.1,5076.841
600295.SH,20061103,2.3707,2.3975,2.3385,2.3922,2.3868,0.005399999999999849,0.2262,14669.18,6488.808
600295.SH,20061102,2.3707,2.3868,2.3064,2.3868,2.3814,0.005399999999999849,0.2268,14637.54,6402.384
600295.SH,20061101,2.36,2.4029,2.3385,2.3814,2.36,0.021400000000000308,0.9068,12779.24,5648.926
600295.SH,20061031,2.3385,2.3922,2.3332,2.36,2.3707,-0.010699999999999932,-0.4513,9666.01,4254.407
600295.SH,20061030,2.36,2.4029,2.2849,2.3707,2.3654,0.005299999999999638,0.2241,17584.13,7634.138
600295.SH,20061027,2.4136,2.4244,2.3439,2.3654,2.4136,-0.04820000000000002,-1.997,14280.24,6319.124
600295.SH,20061026,2.4029,2.4297,2.3922,2.4136,2.3975,0.016100000000000225,0.6715,8080.73,3635.247
600295.SH,20061025,2.4244,2.478,2.3761,2.3975,2.419,-0.021500000000000075,-0.8888,20646.61,9339.523
600295.SH,20061024,2.3707,2.478,2.3707,2.419,2.3707,0.04830000000000023,2.0374,33373.39,15061.018
600295.SH,20061023,2.4673,2.4673,2.2581,2.3707,2.4351,-0.06440000000000001,-2.6447,26209.63,11679.284
600295.SH,20061020,2.5048,2.537,2.4136,2.4351,2.5155,-0.08040000000000003,-3.1962,23213.14,10682.407
600295.SH,20061019,2.4994,2.5638,2.4834,2.5155,2.4941,0.021399999999999864,0.858,44678.71,21037.617
600295.SH,20061018,2.4565,2.4941,2.4404,2.4941,2.4565,0.037599999999999856,1.5306,18717.96,8634.53
600295.SH,20061017,2.4834,2.4887,2.4458,2.4565,2.4887,-0.032200000000000006,-1.2938,10886.84,4998.235
600295.SH,20061016,2.478,2.5048,2.4565,2.4887,2.4619,0.026800000000000157,1.0886,20512.37,9496.41
600295.SH,20061013,2.4619,2.4834,2.4458,2.4619,2.4565,0.005399999999999849,0.2198,16777.65,7701.301
600295.SH,20061012,2.4941,2.4941,2.4244,2.4565,2.4941,-0.037599999999999856,-1.5076,21844.87,9963.646
600295.SH,20061011,2.4994,2.5209,2.4404,2.4941,2.4994,-0.005300000000000082,-0.2121,16361.2,7550.417
600295.SH,20061010,2.537,2.537,2.4726,2.4994,2.537,-0.037599999999999856,-1.4821,19132.01,8925.064
600295.SH,20061009,2.4351,2.537,2.4351,2.537,2.4297,0.10729999999999995,4.4162,36559.76,16965.58
600295.SH,20060929,2.3868,2.4565,2.3868,2.4297,2.3922,0.03750000000000009,1.5676,17414.62,7882.81
600295.SH,20060928,2.3868,2.4083,2.3814,2.3922,2.3868,0.005399999999999849,0.2262,12839.61,5729.673
600295.SH,20060927,2.3761,2.4029,2.3654,2.3868,2.3761,0.010699999999999932,0.4503,10001.59,4446.376
600295.SH,20060926,2.3868,2.4404,2.36,2.3761,2.4083,-0.032200000000000006,-1.337,13152.03,5837.769
600295.SH,20060925,2.3814,2.4619,2.3761,2.4083,2.3922,0.016100000000000225,0.673,13442.2,6057.733
600295.SH,20060922,2.4726,2.4726,2.3868,2.3922,2.4565,-0.06430000000000025,-2.6175,19031.59,8571.692
600295.SH,20060921,2.478,2.4941,2.4351,2.4565,2.4673,-0.010799999999999699,-0.4377,13961.55,6390.453
600295.SH,20060920,2.4512,2.4887,2.4351,2.4673,2.4512,0.01609999999999978,0.6568,11948.43,5460.029
600295.SH,20060919,2.4941,2.4941,2.4458,2.4512,2.4941,-0.04289999999999994,-1.7201,20399.06,9406.358
600295.SH,20060918,2.4619,2.5102,2.4351,2.4941,2.4726,0.021500000000000075,0.8695,32370.58,14899.589
600295.SH,20060915,2.4673,2.5263,2.4619,2.4726,2.4673,0.005300000000000082,0.2148,47112.1,21898.303
600295.SH,20060914,2.3761,2.478,2.3385,2.4673,2.3761,0.09119999999999973,3.8382,40786.37,18340.439
600295.SH,20060913,2.4297,2.4404,2.3707,2.3761,2.4083,-0.032200000000000006,-1.337,17679.79,7918.732
600295.SH,20060912,2.3975,2.4404,2.3814,2.4083,2.3975,0.010800000000000143,0.4505,15430.01,6930.746
600295.SH,20060911,2.3761,2.4297,2.36,2.3975,2.3814,0.01609999999999978,0.6761,14871.58,6597.963
600295.SH,20060908,2.3761,2.4136,2.3761,2.3814,2.3868,-0.005399999999999849,-0.2262,10834.92,4836.103
600295.SH,20060907,2.4619,2.4726,2.3761,2.3868,2.4619,-0.07509999999999994,-3.0505,18851.32,8451.118
600295.SH,20060906,2.4565,2.4887,2.4297,2.4619,2.4619,0.0,0.0,16482.49,7540.062
600295.SH,20060905,2.4834,2.4994,2.4404,2.4619,2.4834,-0.021500000000000075,-0.8657,17878.84,8198.686
600295.SH,20060904,2.4673,2.5048,2.4458,2.4834,2.4619,0.021500000000000075,0.8733,15310.34,7073.576
600295.SH,20060901,2.5477,2.5745,2.4565,2.4619,2.5745,-0.11260000000000003,-4.3737,25512.06,11900.198
600295.SH,20060831,2.4994,2.6496,2.4619,2.5745,2.5102,0.0642999999999998,2.5615,64282.37,30691.098
600295.SH,20060830,2.4351,2.5155,2.3922,2.5102,2.4404,0.0698000000000003,2.8602,36663.83,16866.917
600295.SH,20060829,2.3975,2.4565,2.3868,2.4404,2.3975,0.04289999999999994,1.7894,42908.03,19393.315
600295.SH,20060828,2.3546,2.4244,2.3439,2.3975,2.3385,0.05900000000000016,2.523,26862.63,11963.313
600295.SH,20060825,2.3922,2.419,2.3064,2.3385,2.3868,-0.04830000000000023,-2.0236,20656.3,9053.246
600295.SH,20060824,2.3707,2.3975,2.3171,2.3868,2.3761,0.010699999999999932,0.4503,9936.3,4370.518
600295.SH,20060823,2.3332,2.4297,2.3171,2.3761,2.3546,0.021500000000000075,0.9131,20970.01,9328.922
600295.SH,20060822,2.3064,2.3654,2.3064,2.3546,2.3171,0.03750000000000009,1.6184,10861.89,4742.682
600295.SH,20060821,2.301,2.3278,2.2688,2.3171,2.3546,-0.03750000000000009,-1.5926,11860.0,5082.996
600295.SH,20060818,2.36,2.3814,2.301,2.3546,2.36,-0.005399999999999849,-0.2288,12634.8,5512.459
600295.SH,20060817,2.3814,2.3814,2.3171,2.36,2.3814,-0.021400000000000308,-0.8986,12202.49,5331.461
600295.SH,20060816,2.3868,2.4083,2.3493,2.3814,2.3868,-0.005399999999999849,-0.2262,24824.4,11010.091
600295.SH,20060815,2.3278,2.3868,2.2849,2.3868,2.3332,0.05359999999999987,2.2973,6890.21,2997.214
600295.SH,20060814,2.3922,2.4029,2.2956,2.3332,2.3922,-0.05899999999999972,-2.4663,8541.71,3702.062
600295.SH,20060811,2.3654,2.419,2.3654,2.3922,2.4136,-0.021400000000000308,-0.8866,10920.07,4857.575
600295.SH,20060810,2.301,2.4673,2.301,2.4136,2.3385,0.07510000000000039,3.2115,19009.03,8510.499
600295.SH,20060809,2.3439,2.36,2.2903,2.3385,2.3385,0.0,0.0,14358.79,6217.209
600295.SH,20060808,2.2527,2.3493,2.2527,2.3385,2.2795,0.05899999999999972,2.5883,14528.5,6266.354
600295.SH,20060807,2.242,2.2903,2.2259,2.2795,2.242,0.03750000000000009,1.6726,16268.14,6880.628
600295.SH,20060804,2.4136,2.4136,2.1991,2.242,2.4083,-0.16630000000000011,-6.9053,18433.12,7954.19
600295.SH,20060803,2.4297,2.4619,2.3922,2.4083,2.4297,-0.021399999999999864,-0.8808,9527.7,4293.044
600295.SH,20060802,2.3922,2.4404,2.36,2.4297,2.3868,0.04289999999999994,1.7974,19132.74,8579.945
600295.SH,20060801,2.3761,2.419,2.36,2.3868,2.3868,0.0,0.0,20941.38,9348.091
600295.SH,20060731,2.537,2.5638,2.3814,2.3868,2.5638,-0.17700000000000005,-6.9038,23843.5,10866.254
600295.SH,20060728,2.6443,2.655,2.5209,2.5638,2.6389,-0.07509999999999994,-2.8459,31004.51,14918.789
600295.SH,20060727,2.6818,2.6979,2.6174,2.6389,2.6818,-0.04289999999999994,-1.5997,32226.41,15982.403
600295.SH,20060726,2.6818,2.7247,2.6604,2.6818,2.6443,0.03750000000000009,1.4181,39786.82,19999.684
600295.SH,20060725,2.6282,2.6604,2.6014,2.6443,2.6282,0.01609999999999978,0.6126,20676.87,10142.797
600295.SH,20060724,2.5745,2.655,2.5209,2.6282,2.5638,0.06440000000000001,2.5119,21247.77,10307.034
600295.SH,20060721,2.537,2.6067,2.537,2.5638,2.5638,0.0,0.0,15272.07,7326.549
600295.SH,20060720,2.5424,2.5692,2.4941,2.5638,2.5477,0.016100000000000225,0.6319,20024.6,9469.113
600295.SH,20060719,2.6764,2.6818,2.5209,2.5477,2.6764,-0.12870000000000026,-4.8087,32560.8,15674.522
600295.SH,20060718,2.7408,2.7515,2.6174,2.6764,2.7408,-0.06440000000000001,-2.3497,32679.63,16237.769
600295.SH,20060717,2.7194,2.7462,2.6818,2.7408,2.7194,0.021400000000000308,0.7869,26859.58,13604.914
600295.SH,20060714,2.6764,2.7623,2.6389,2.7194,2.6979,0.02149999999999963,0.7969,43901.01,22305.23
600295.SH,20060713,2.9017,2.9661,2.6979,2.6979,2.9071,-0.2091999999999996,-7.1962,91809.2,48728.93
600295.SH,20060712,2.7944,2.9339,2.7837,2.9071,2.7998,0.10729999999999995,3.8324,74485.8,39791.671
600295.SH,20060711,2.8695,2.8749,2.7837,2.7998,2.8481,-0.04830000000000023,-1.6959,25555.18,13422.432
600295.SH,20060710,2.832,2.8749,2.7837,2.8481,2.7998,0.04830000000000023,1.7251,29085.84,15355.512
600295.SH,20060707,2.8856,2.9017,2.7891,2.7998,2.8803,-0.08050000000000024,-2.7948,32778.41,17314.324
600295.SH,20060706,2.7784,2.8856,2.773,2.8803,2.7623,0.11799999999999988,4.2718,39888.69,20977.477
600295.SH,20060705,2.8052,2.8052,2.7033,2.7623,2.8105,-0.04820000000000002,-1.715,35018.92,18056.587
600295.SH,20060704,2.8964,2.9339,2.7891,2.8105,2.9178,-0.10729999999999995,-3.6774,74166.3,39594.695
600295.SH,20060703,2.9071,2.9714,2.8749,2.9178,2.8964,0.021400000000000308,0.7388,54841.92,29658.791
600295.SH,20060630,2.8427,2.9983,2.8427,2.8964,2.8159,0.0804999999999998,2.8588,116485.5,63518.595
600295.SH,20060629,2.7998,2.8695,2.773,2.8159,2.7998,0.016100000000000225,0.575,62634.15,32929.114
600295.SH,20060628,2.8534,2.8642,2.7408,2.7998,2.8213,-0.021500000000000075,-0.7621,41986.18,21830.836
600295.SH,20060627,2.891,2.891,2.7837,2.8213,2.7462,0.07509999999999994,2.7347,65535.2,34477.658
600295.SH,20060623,2.5692,2.773,2.5692,2.7462,2.5745,0.17169999999999996,6.6693,59326.7,29802.959
600295.SH,20060622,2.6014,2.6604,2.537,2.5745,2.6121,-0.037599999999999856,-1.4395,25144.96,12161.107
600295.SH,20060621,2.6121,2.714,2.6014,2.6121,2.6121,0.0,0.0,48845.33,24280.889
600295.SH,20060620,2.5692,2.6174,2.5209,2.6121,2.5692,0.04289999999999994,1.6698,35498.66,16992.461
600295.SH,20060619,2.4941,2.6174,2.4726,2.5692,2.537,0.032200000000000006,1.2692,31023.74,14760.63
600295.SH,20060616,2.4404,2.5424,2.4404,2.537,2.4297,0.10729999999999995,4.4162,29731.91,13782.07
600295.SH,20060615,2.4136,2.4565,2.4029,2.4297,2.4083,0.021399999999999864,0.8886,15584.83,7035.703
600295.SH,20060614,2.4887,2.4887,2.3171,2.4083,2.4941,-0.08579999999999988,-3.4401,23477.57,10519.209
600295.SH,20060613,2.4404,2.5584,2.4297,2.4941,2.4619,0.032200000000000006,1.3079,19521.44,9074.454
600295.SH,20060612,2.4404,2.5638,2.4297,2.4619,2.4673,-0.005399999999999849,-0.2189,26238.78,12245.136
600295.SH,20060609,2.6606,2.7024,2.4311,2.4676,2.6867,-0.21910000000000007,-8.155,47428.22,23719.225
600295.SH,20060608,2.6241,2.7128,2.5615,2.6867,2.6241,0.06260000000000021,2.3856,66006.37,33652.198
600295.SH,20060607,2.8641,2.8954,2.6241,2.6241,2.9163,-0.29220000000000024,-10.0195,99177.92,52059.868
600295.SH,20060606,2.6606,2.9632,2.6137,2.9163,2.6919,0.22440000000000015,8.3361,134780.69,74367.896
600295.SH,20060605,2.7441,2.7441,2.5563,2.6919,2.7598,-0.06789999999999985,-2.4603,94419.53,48023.966
600295.SH,20060602,2.8119,2.8119,2.6085,2.7598,2.5563,0.20350000000000001,7.9607,200797.83,106122.388
600295.SH,20060531,2.6867,2.7389,2.525,2.5563,2.4885,0.06779999999999964,2.7245,210755.12,107230.4
600295.SH,20060530,2.3894,2.4885,2.3372,2.4885,2.2642,0.22429999999999994,9.9064,50311.43,23695.447
600295.SH,20060526,2.2433,2.332,2.1911,2.2642,2.1911,0.07310000000000016,3.3362,35561.2,15314.286
600295.SH,20060525,2.165,2.2172,2.1181,2.1911,2.1807,0.010400000000000187,0.4769,27127.22,11222.284
600295.SH,20060524,2.3007,2.3372,2.1076,2.1807,2.2642,-0.08350000000000035,-3.6878,64281.92,27044.634
600295.SH,20060523,2.4259,2.4259,2.2537,2.2642,2.4415,-0.1772999999999998,-7.2619,61574.94,27420.09
600295.SH,20060522,2.3894,2.4937,2.3476,2.4415,2.3894,0.05209999999999981,2.1805,72463.9,33886.945
600295.SH,20060519,2.3476,2.4676,2.2902,2.3894,2.3424,0.04700000000000015,2.0065,95067.34,43734.122
600295.SH,20060518,2.4259,2.4259,2.2433,2.3424,2.4624,-0.1200000000000001,-4.8733,78052.26,34849.164
600295.SH,20060517,2.3998,2.5146,2.3111,2.4624,2.3841,0.07830000000000004,3.2843,104993.0,48521.768
600295.SH,20060516,2.5146,2.6033,2.3007,2.3841,2.3946,-0.010499999999999954,-0.4385,226253.03,107695.561
600295.SH,20060515,2.2955,2.3946,2.2694,2.3946,2.1755,0.21910000000000007,10.0712,226318.33,102697.165
600295.SH,20060512,1.9772,2.1755,1.9407,2.1755,1.9772,0.19829999999999992,10.0293,140779.92,57284.386
600295.SH,20060511,2.0242,2.0868,1.972,1.9772,2.0242,-0.04699999999999993,-2.3219,87762.16,34432.627
600295.SH,20060510,2.0503,2.0555,1.9772,2.0242,2.045,-0.02079999999999993,-1.0171,55176.16,21349.419
600295.SH,20060509,1.9772,2.0607,1.9355,2.045,1.9772,0.06779999999999986,3.4291,77854.67,30111.501
600295.SH,20060508,1.9146,1.9981,1.9094,1.9772,1.9094,0.06780000000000008,3.5509,58882.53,22168.084
600295.SH,20060428,1.9564,1.9668,1.899,1.9094,1.9094,0.0,0.0,43312.68,16068.095
600295.SH,20060427,1.8781,1.9459,1.8624,1.9094,1.8729,0.03649999999999998,1.9488,40512.78,14812.798
600295.SH,20060426,1.8103,1.8781,1.7842,1.8729,1.8155,0.05740000000000012,3.1617,30657.55,10810.073
600295.SH,20060425,1.7842,1.8311,1.779,1.8155,1.8051,0.010399999999999965,0.5761,13972.11,4847.703
600295.SH,20060424,1.8311,1.8572,1.779,1.8051,1.852,-0.046900000000000164,-2.5324,18317.89,6319.455
600295.SH,20060421,1.779,1.8938,1.7738,1.852,1.7894,0.06259999999999999,3.4984,24382.14,8629.779
600295.SH,20060420,1.8364,1.8416,1.779,1.7894,1.8468,-0.057399999999999896,-3.1081,24010.15,8278.899
600295.SH,20060419,1.8729,1.8781,1.8259,1.8468,1.8781,-0.031300000000000106,-1.6666,25505.64,9017.019
600295.SH,20060418,1.9198,1.9198,1.8729,1.8781,1.9198,-0.04169999999999985,-2.1721,20988.29,7609.373
600295.SH,20060417,1.9198,1.9407,1.8833,1.9198,1.9198,0.0,0.0,18230.29,6680.432
600295.SH,20060414,1.8938,1.9198,1.852,1.9198,1.8938,0.026000000000000023,1.3729,18671.07,6764.397
600295.SH,20060413,1.9824,2.0033,1.8833,1.8938,1.9877,-0.0939000000000001,-4.7241,28455.07,10582.376
600295.SH,20060412,2.019,2.0242,1.972,1.9877,2.0242,-0.03649999999999998,-1.8032,36019.3,13771.687
600295.SH,20060411,2.0137,2.0555,1.9877,2.0242,1.9877,0.03649999999999998,1.8363,139197.46,53751.236
600295.SH,20060410,1.9094,1.9929,1.8938,1.9877,1.9094,0.07830000000000004,4.1008,88452.96,33264.8
600295.SH,20060407,1.899,1.9303,1.8781,1.9094,1.9094,0.0,0.0,41866.67,15226.486
600295.SH,20060406,1.9407,1.9407,1.8938,1.9094,1.9407,-0.031300000000000106,-1.6128,30434.62,11163.955
600295.SH,20060405,1.899,1.9459,1.8729,1.9407,1.899,0.04170000000000007,2.1959,43633.86,15955.025
600295.SH,20060404,1.9303,1.9303,1.8833,1.899,1.9303,-0.031299999999999883,-1.6215,30032.2,10927.917
600295.SH,20060403,1.8677,1.9303,1.8416,1.9303,1.8468,0.08349999999999991,4.5213,86428.18,31052.407
600295.SH,20060331,1.8624,1.8624,1.8207,1.8468,1.8416,0.0052000000000000934,0.2824,52635.94,18436.602
600295.SH,20060330,1.8677,1.8729,1.8207,1.8416,1.852,-0.010400000000000187,-0.5616,19388.6,6825.759
600295.SH,20060329,1.8677,1.8781,1.8468,1.852,1.8781,-0.026100000000000012,-1.3897,27704.8,9860.733
600295.SH,20060328,1.8781,1.899,1.852,1.8781,1.8833,-0.005199999999999871,-0.2761,16040.2,5733.393
600295.SH,20060327,1.8572,1.9042,1.8572,1.8833,1.8781,0.005199999999999871,0.2769,11162.59,4016.09
600295.SH,20060324,1.9251,1.9355,1.8677,1.8781,1.9146,-0.03649999999999998,-1.9064,14942.47,5399.692
600295.SH,20060323,1.9564,1.9564,1.9042,1.9146,1.9459,-0.031299999999999883,-1.6085,13632.09,5023.674
600295.SH,20060322,1.9564,1.9668,1.8938,1.9459,1.972,-0.026100000000000012,-1.3235,19363.61,7191.498
600295.SH,20060321,2.1389,2.1389,1.9198,1.972,2.0763,-0.10429999999999984,-5.0234,65424.32,24725.602
600295.SH,20060320,1.9616,2.0816,1.9303,2.0763,1.9877,0.08859999999999979,4.4574,37298.81,14474.094
600295.SH,20060317,1.8677,2.0659,1.8572,1.9877,1.8781,0.10959999999999992,5.8357,38267.98,14400.928
600295.SH,20060316,1.8311,1.9198,1.8155,1.8781,1.8311,0.04700000000000015,2.5668,18040.57,6447.608
600295.SH,20060315,1.8259,1.8572,1.8051,1.8311,1.8155,0.015600000000000058,0.8593,8418.9,2950.743
600295.SH,20060314,1.8103,1.8259,1.7894,1.8155,1.8103,0.005199999999999871,0.2872,5294.6,1834.985
600295.SH,20060313,1.7738,1.8207,1.7738,1.8103,1.7946,0.015700000000000047,0.8748,8021.32,2765.189
600295.SH,20060310,1.779,1.8051,1.7685,1.7946,1.7738,0.02079999999999993,1.1726,6650.8,2271.704
600295.SH,20060309,1.7998,1.7998,1.7738,1.7738,1.7946,-0.02079999999999993,-1.159,4649.8,1588.646
600295.SH,20060308,1.7842,1.7998,1.7685,1.7946,1.8103,-0.015700000000000047,-0.8673,4760.78,1632.626
600295.SH,20060307,1.8259,1.8259,1.7633,1.8103,1.8259,-0.015600000000000058,-0.8544,10495.58,3596.404
600295.SH,20060306,1.8364,1.8468,1.8155,1.8259,1.8364,-0.010499999999999954,-0.5718,7099.39,2489.581
600295.SH,20060303,1.8833,1.8885,1.8103,1.8364,1.8885,-0.052100000000000035,-2.7588,20574.0,7227.762
600295.SH,20060302,1.9094,1.9198,1.8781,1.8885,1.9094,-0.02089999999999992,-1.0946,8009.02,2914.478
600295.SH,20060301,1.9198,1.9511,1.8833,1.9094,1.9198,-0.010399999999999965,-0.5417,17073.59,6216.995
600295.SH,20060228,1.9668,1.9668,1.8833,1.9198,1.972,-0.052200000000000024,-2.6471,9513.79,3492.049
600295.SH,20060227,2.0137,2.0137,1.9616,1.972,2.045,-0.07299999999999995,-3.5697,9567.2,3639.252
600295.SH,20060224,2.0242,2.0555,1.9877,2.045,2.0346,0.010399999999999743,0.5112,8809.1,3409.97
600295.SH,20060223,2.0242,2.0607,2.0137,2.0346,2.0294,0.0052000000000003155,0.2562,3836.84,1493.483
600295.SH,20060222,2.019,2.0346,1.9981,2.0294,2.045,-0.015600000000000058,-0.7628,4920.38,1901.937
600295.SH,20060221,2.0555,2.0555,1.972,2.045,2.019,0.0259999999999998,1.2878,4940.9,1903.289
600295.SH,20060220,1.9877,2.0816,1.9564,2.019,1.9877,0.031300000000000106,1.5747,9149.65,3564.875
600295.SH,20060217,1.9407,1.9981,1.9303,1.9877,1.9616,0.026100000000000012,1.3305,8196.58,3073.567
600295.SH,20060216,2.0503,2.0503,1.9564,1.9616,2.0503,-0.0887,-4.3262,8394.89,3204.724
600295.SH,20060215,2.0659,2.0816,2.0398,2.0503,2.0659,-0.015600000000000058,-0.7551,7298.04,2874.699
600295.SH,20060214,2.0137,2.0972,2.0137,2.0659,2.0294,0.0365000000000002,1.7986,10222.8,4025.468
600295.SH,20060213,2.1076,2.1129,1.972,2.0294,2.092,-0.06260000000000021,-2.9924,16796.55,6547.387
600295.SH,20060210,2.0972,2.1337,2.0868,2.092,2.0972,-0.005199999999999871,-0.2479,12698.89,5132.599
600295.SH,20060209,2.1911,2.1911,2.0816,2.0972,2.2537,-0.15649999999999986,-6.9441,30518.78,12441.419
600295.SH,20060208,2.2224,2.2694,2.0816,2.2537,2.3372,-0.08350000000000035,-3.5727,64019.23,26415.457
600295.SH,20051228,1.9126,1.9821,1.8909,1.9474,1.9343,0.013100000000000112,0.6772,29317.51,12989.774
600295.SH,20051227,1.8909,1.9387,1.8822,1.9343,1.8952,0.03909999999999991,2.0631,22742.13,10009.078
600295.SH,20051226,1.8474,1.9213,1.8474,1.8952,1.8517,0.043500000000000094,2.3492,18491.68,8086.964
600295.SH,20051223,1.8735,1.8865,1.8257,1.8517,1.8735,-0.02180000000000004,-1.1636,10140.33,4310.991
600295.SH,20051222,1.8257,1.9126,1.8213,1.8735,1.8343,0.0391999999999999,2.1371,26387.8,11466.867
600295.SH,20051221,1.9126,1.9126,1.8343,1.8343,1.8474,-0.01309999999999989,-0.7091,14622.96,6283.419
600295.SH,20051220,1.8257,1.8952,1.7952,1.8474,1.8039,0.04349999999999987,2.4114,56191.11,23843.709
600295.SH,20051219,1.817,1.8474,1.7778,1.8039,1.7952,0.008700000000000152,0.4846,52740.02,22101.833
600295.SH,20051216,1.7605,1.8083,1.7605,1.7952,1.7605,0.03469999999999995,1.971,29394.0,12167.611
600295.SH,20051215,1.7474,1.8039,1.7431,1.7605,1.7561,0.0043999999999999595,0.2506,17350.43,7097.847
600295.SH,20051214,1.7648,1.7691,1.7387,1.7561,1.7605,-0.0043999999999999595,-0.2499,6452.87,2606.791
600295.SH,20051213,1.7605,1.7822,1.73,1.7605,1.7605,0.0,0.0,7275.0,2947.897
600295.SH,20051212,1.7387,1.7735,1.7126,1.7605,1.7257,0.03479999999999994,2.0166,16309.1,6567.34
600295.SH,20051209,1.6909,1.7431,1.6822,1.7257,1.7039,0.02180000000000004,1.2794,18983.12,7494.993
600295.SH,20051208,1.604,1.7257,1.5996,1.7039,1.6996,0.0042999999999999705,0.253,29339.46,11450.59
600295.SH,20051125,1.6779,1.7039,1.6561,1.6996,1.6779,0.021700000000000053,1.2933,9631.99,3750.757
600295.SH,20051124,1.6474,1.6866,1.63,1.6779,1.6431,0.03479999999999994,2.1179,17541.09,6659.01
600295.SH,20051123,1.6648,1.6952,1.63,1.6431,1.6866,-0.043500000000000094,-2.5792,10423.0,3967.722
600295.SH,20051122,1.6735,1.7083,1.6474,1.6866,1.7126,-0.0259999999999998,-1.5182,5008.8,1947.6
600295.SH,20051121,1.717,1.7213,1.6996,1.7126,1.6996,0.0129999999999999,0.7649,7105.8,2794.288
600295.SH,20051118,1.6474,1.7257,1.63,1.6996,1.6518,0.047800000000000065,2.8938,14234.25,5545.448
600295.SH,20051117,1.6518,1.6561,1.6344,1.6518,1.6605,-0.008700000000000152,-0.5239,2683.0,1017.081
600295.SH,20051116,1.6518,1.6605,1.63,1.6605,1.6474,0.013100000000000112,0.7952,4354.47,1649.785
600295.SH,20051115,1.6735,1.6909,1.6387,1.6474,1.6648,-0.017400000000000082,-1.0452,5205.0,1981.793
600295.SH,20051114,1.6866,1.6952,1.6518,1.6648,1.6866,-0.02180000000000004,-1.2925,4090.32,1561.999
600295.SH,20051111,1.6648,1.6952,1.6214,1.6866,1.6648,0.02180000000000004,1.3095,8384.39,3203.609
600295.SH,20051110,1.6952,1.6952,1.6605,1.6648,1.6952,-0.030399999999999983,-1.7933,7877.0,3031.247
600295.SH,20051109,1.7083,1.73,1.6822,1.6952,1.7083,-0.01309999999999989,-0.7668,6042.22,2358.771
600295.SH,20051108,1.6952,1.717,1.6735,1.7083,1.7126,-0.0042999999999999705,-0.2511,6273.39,2445.897
600295.SH,20051107,1.6952,1.717,1.6648,1.7126,1.6866,0.0259999999999998,1.5416,5660.4,2201.466
600295.SH,20051104,1.6909,1.6952,1.6648,1.6866,1.6952,-0.008599999999999941,-0.5073,4818.2,1862.366
600295.SH,20051103,1.7431,1.7474,1.6779,1.6952,1.73,-0.03479999999999994,-2.0116,6742.75,2642.966
600295.SH,20051102,1.6605,1.7431,1.6605,1.73,1.6779,0.052100000000000035,3.1051,14271.02,5658.899
600295.SH,20051101,1.6996,1.717,1.6127,1.6779,1.6779,0.0,0.0,16660.93,6413.895
600295.SH,20051031,1.6866,1.7518,1.6735,1.6779,1.717,-0.039100000000000135,-2.2772,9687.0,3800.183
600295.SH,20051028,1.73,1.7735,1.6735,1.717,1.7257,-0.00869999999999993,-0.5041,23618.3,9329.12
600295.SH,20051027,1.6344,1.7605,1.63,1.7257,1.6344,0.09129999999999994,5.5861,20744.2,8081.412
600295.SH,20051026,1.7213,1.7213,1.6257,1.6344,1.7213,-0.08689999999999998,-5.0485,21662.41,8341.598
600295.SH,20051025,1.7952,1.8039,1.7126,1.7213,1.7952,-0.07389999999999985,-4.1165,19807.0,7944.98
600295.SH,20051024,1.8126,1.817,1.7822,1.7952,1.8039,-0.008700000000000152,-0.4823,11158.89,4619.049
600295.SH,20051021,1.8039,1.8387,1.7822,1.8039,1.817,-0.01309999999999989,-0.721,13074.13,5456.294
600295.SH,20051020,1.7474,1.8213,1.7344,1.817,1.7648,0.052200000000000024,2.9578,34154.34,13957.248
600295.SH,20051019,1.817,1.83,1.7561,1.7648,1.8213,-0.056499999999999995,-3.1022,18039.05,7433.126
600295.SH,20051018,1.8083,1.8474,1.7996,1.8213,1.8083,0.0129999999999999,0.7189,27452.57,11551.2
600295.SH,20051017,1.7387,1.83,1.717,1.8083,1.7387,0.0696000000000001,4.003,35703.83,14694.795
600295.SH,20051014,1.7387,1.7648,1.7126,1.7387,1.7431,-0.0044000000000001815,-0.2524,16980.0,6793.577
600295.SH,20051013,1.7605,1.7735,1.7213,1.7431,1.7648,-0.02169999999999983,-1.2296,29873.75,11985.329
600295.SH,20051012,1.6735,1.7735,1.6692,1.7648,1.6866,0.07819999999999983,4.6365,36643.19,14615.318
600295.SH,20051011,1.6474,1.7083,1.5953,1.6866,1.6518,0.034800000000000164,2.1068,18916.35,7191.311
600295.SH,20051010,1.717,1.7344,1.6387,1.6518,1.717,-0.06520000000000015,-3.7973,17866.66,6910.802
600295.SH,20050930,1.717,1.7387,1.6822,1.717,1.717,0.0,0.0,29640.99,11695.657
600295.SH,20050929,1.6214,1.7213,1.6214,1.717,1.6344,0.0826,5.0538,32817.11,12705.521
600295.SH,20050928,1.63,1.6779,1.6083,1.6344,1.6692,-0.03479999999999994,-2.0848,22970.06,8655.48
600295.SH,20050927,1.5996,1.7474,1.5996,1.6692,1.5866,0.0826,5.2061,99184.52,38377.246
600295.SH,20050926,1.5779,1.5953,1.4996,1.5866,1.5605,0.026100000000000012,1.6725,39318.59,14102.655
600295.SH,20050923,1.5909,1.63,1.504,1.5605,1.604,-0.043500000000000094,-2.712,68061.72,24518.06
600295.SH,20050922,1.63,1.6474,1.5692,1.604,1.6605,-0.056499999999999995,-3.4026,21551.35,7978.437
600295.SH,20050921,1.6779,1.6822,1.6474,1.6605,1.6909,-0.030399999999999983,-1.7979,26432.31,10112.897
600295.SH,20050920,1.5953,1.717,1.5779,1.6909,1.5953,0.09560000000000013,5.9926,53425.55,20403.477
600295.SH,20050919,1.5735,1.5953,1.5475,1.5953,1.5648,0.03049999999999997,1.9491,9244.52,3358.508
600295.SH,20050916,1.5996,1.5996,1.5518,1.5648,1.604,-0.039200000000000124,-2.4439,16066.08,5775.634
600295.SH,20050915,1.6083,1.617,1.5779,1.604,1.604,0.0,0.0,12686.23,4659.532
600295.SH,20050914,1.5909,1.6344,1.5779,1.604,1.5909,0.013100000000000112,0.8234,21189.23,7844.07
600295.SH,20050913,1.5344,1.5996,1.5214,1.5909,1.5344,0.056499999999999995,3.6822,34681.11,12573.012
600295.SH,20050912,1.4692,1.5344,1.4562,1.5344,1.4779,0.056499999999999995,3.823,17911.27,6191.795
600295.SH,20050909,1.5127,1.5214,1.4562,1.4779,1.517,-0.03909999999999991,-2.5775,20802.86,7041.0
600295.SH,20050908,1.5562,1.5562,1.5083,1.517,1.5388,-0.02180000000000004,-1.4167,7099.99,2487.966
600295.SH,20050907,1.5214,1.5475,1.4996,1.5388,1.5127,0.026100000000000012,1.7254,6725.45,2361.888
600295.SH,20050906,1.5909,1.5909,1.5083,1.5127,1.5822,-0.06950000000000012,-4.3926,13520.9,4806.369
600295.SH,20050905,1.5388,1.5822,1.5344,1.5822,1.5388,0.043400000000000105,2.8204,17513.2,6301.328
600295.SH,20050902,1.5431,1.5605,1.5214,1.5388,1.5562,-0.017400000000000082,-1.1181,7324.87,2587.897
600295.SH,20050901,1.4562,1.5735,1.4475,1.5562,1.4736,0.0826,5.6053,27851.29,9797.431
600295.SH,20050831,1.4431,1.4736,1.4257,1.4736,1.4475,0.026100000000000012,1.8031,7322.5,2450.889
600295.SH,20050830,1.4866,1.4866,1.4431,1.4475,1.4909,-0.04339999999999988,-2.911,10453.16,3497.347
600295.SH,20050829,1.5214,1.5257,1.4736,1.4909,1.5301,-0.039200000000000124,-2.5619,8524.5,2929.126
600295.SH,20050826,1.5214,1.5648,1.4605,1.5301,1.5301,0.0,0.0,24977.41,8786.381
600295.SH,20050825,1.5257,1.5431,1.4562,1.5301,1.517,0.013100000000000112,0.8635,19983.13,6857.543
600295.SH,20050824,1.5083,1.5562,1.4866,1.517,1.5083,0.00869999999999993,0.5768,19200.96,6762.882
600295.SH,20050823,1.4779,1.5475,1.4605,1.5083,1.4909,0.017400000000000082,1.1671,32260.0,11227.345
600295.SH,20050822,1.4779,1.4996,1.4344,1.4909,1.4866,0.0042999999999999705,0.2893,13743.7,4670.843
600295.SH,20050819,1.3953,1.5127,1.3866,1.4866,1.4084,0.07819999999999983,5.5524,38373.66,12910.125
600295.SH,20050818,1.4171,1.5475,1.391,1.4084,1.4084,0.0,0.0,58474.17,19891.634
600295.SH,20050817,1.4127,1.4171,1.3649,1.4084,1.4084,0.0,0.0,15763.78,5038.665
600295.SH,20050816,1.3866,1.4257,1.3692,1.4084,1.3779,0.030500000000000194,2.2135,21579.66,6939.489
600295.SH,20050815,1.3301,1.3823,1.3258,1.3779,1.3345,0.04339999999999988,3.2522,11922.89,3721.975
600295.SH,20050812,1.3823,1.3866,1.3258,1.3345,1.3823,-0.047800000000000065,-3.458,14445.88,4518.935
600295.SH,20050811,1.3736,1.3866,1.3562,1.3823,1.3736,0.008700000000000152,0.6334,12120.99,3826.995
600295.SH,20050810,1.3562,1.3997,1.3519,1.3736,1.3605,0.01309999999999989,0.9629,10381.79,3267.478
600295.SH,20050809,1.3692,1.3736,1.3388,1.3605,1.3519,0.008599999999999941,0.6361,11842.15,3687.989
600295.SH,20050808,1.3258,1.3519,1.3171,1.3519,1.3214,0.030500000000000194,2.3082,12843.28,3941.344
600295.SH,20050805,1.2997,1.3258,1.2953,1.3214,1.2953,0.026100000000000012,2.015,12768.82,3850.597
600295.SH,20050804,1.3258,1.3258,1.2953,1.2953,1.3258,-0.030500000000000194,-2.3005,5594.76,1674.916
600295.SH,20050803,1.3171,1.3388,1.3084,1.3258,1.3171,0.008700000000000152,0.6605,13368.0,4076.112
600295.SH,20050802,1.3084,1.3171,1.2823,1.3171,1.304,0.01309999999999989,1.0046,7842.72,2347.562
600295.SH,20050801,1.2953,1.3258,1.2953,1.304,1.291,0.013000000000000123,1.007,7029.58,2108.471
600295.SH,20050729,1.3214,1.3214,1.278,1.291,1.3258,-0.034800000000000164,-2.6248,12866.87,3828.03
600295.SH,20050728,1.2388,1.3692,1.2258,1.3258,1.2432,0.0826,6.6441,41994.21,12755.54
600295.SH,20050727,1.2041,1.2475,1.1954,1.2432,1.1997,0.043500000000000094,3.6259,11121.44,3117.591
600295.SH,20050726,1.1867,1.2084,1.178,1.1997,1.1693,0.030399999999999983,2.5998,5534.55,1524.3
600295.SH,20050725,1.191,1.191,1.1649,1.1693,1.191,-0.021700000000000053,-1.822,3633.84,979.685
600295.SH,20050722,1.1519,1.2084,1.1519,1.191,1.1562,0.034800000000000164,3.0099,8421.64,2301.339
600295.SH,20050721,1.1649,1.1649,1.1215,1.1562,1.1649,-0.008700000000000152,-0.7468,2660.8,702.025
600295.SH,20050720,1.1562,1.1693,1.1389,1.1649,1.1389,0.026000000000000023,2.2829,4501.62,1202.018
600295.SH,20050719,1.1519,1.1519,1.1258,1.1389,1.1258,0.013100000000000112,1.1636,2888.0,756.565
600295.SH,20050718,1.1954,1.1954,1.1041,1.1258,1.1997,-0.07390000000000008,-6.1599,11648.99,3058.897
600295.SH,20050715,1.278,1.291,1.1867,1.1997,1.2867,-0.08699999999999997,-6.7615,9395.88,2668.657
600295.SH,20050714,1.2867,1.2997,1.278,1.2867,1.291,-0.0042999999999999705,-0.3331,2975.0,882.476
600295.SH,20050713,1.3084,1.3127,1.2867,1.291,1.3171,-0.026100000000000012,-1.9816,3418.79,1021.461
600295.SH,20050712,1.2649,1.3258,1.2519,1.3171,1.2736,0.04349999999999987,3.4155,7571.68,2259.833
600295.SH,20050711,1.304,1.3084,1.2649,1.2736,1.2693,0.0042999999999999705,0.3388,4339.38,1284.082
600295.SH,20050708,1.2997,1.304,1.2649,1.2693,1.304,-0.03469999999999995,-2.661,3794.86,1118.956
600295.SH,20050707,1.304,1.3127,1.291,1.304,1.304,0.0,0.0,3235.99,968.884
600295.SH,20050706,1.3084,1.3301,1.2867,1.304,1.2997,0.0042999999999999705,0.3308,4408.0,1325.758
600295.SH,20050705,1.3388,1.3562,1.2519,1.2997,1.3562,-0.056499999999999995,-4.1661,9096.97,2720.42
600295.SH,20050704,1.3649,1.3649,1.3171,1.3562,1.3649,-0.00869999999999993,-0.6374,6175.22,1892.329
600295.SH,20050701,1.4171,1.4214,1.3605,1.3649,1.4214,-0.056499999999999995,-3.975,6595.0,2112.949
600295.SH,20050630,1.4779,1.4779,1.4171,1.4214,1.4692,-0.047800000000000065,-3.2535,15950.84,5285.394
600295.SH,20050629,1.4518,1.4736,1.404,1.4692,1.4257,0.043500000000000094,3.0511,16972.19,5660.648
600295.SH,20050628,1.4605,1.4605,1.4214,1.4257,1.4649,-0.039200000000000124,-2.676,5815.0,1922.831
600295.SH,20050627,1.4692,1.4909,1.4649,1.4649,1.4388,0.026100000000000012,1.814,13212.87,4491.114
600295.SH,20050624,1.4344,1.4518,1.4344,1.4388,1.4301,0.008700000000000152,0.6083,4681.6,1552.271
600295.SH,20050623,1.4518,1.4649,1.4301,1.4301,1.4649,-0.034800000000000164,-2.3756,6468.31,2152.604
600295.SH,20050622,1.4779,1.4779,1.4344,1.4649,1.4779,-0.0129999999999999,-0.8796,9417.83,3148.502
600295.SH,20050621,1.4692,1.4866,1.4475,1.4779,1.4518,0.026100000000000012,1.7978,15904.49,5365.991
600295.SH,20050620,1.4562,1.4605,1.4084,1.4518,1.4431,0.00869999999999993,0.6029,16081.68,5344.02
600295.SH,20050617,1.4779,1.4866,1.4344,1.4431,1.4692,-0.026100000000000012,-1.7765,13085.48,4366.115
600295.SH,20050616,1.4084,1.4736,1.404,1.4692,1.3953,0.07390000000000008,5.2964,43010.29,14301.317
600295.SH,20050615,1.404,1.404,1.3779,1.3953,1.404,-0.00869999999999993,-0.6197,8617.28,2748.275
600295.SH,20050614,1.4127,1.4214,1.3997,1.404,1.4127,-0.008700000000000152,-0.6158,8320.0,2701.497
600295.SH,20050613,1.4344,1.4344,1.3736,1.4127,1.3997,0.013000000000000123,0.9288,13505.85,4351.126
600295.SH,20050610,1.4605,1.4605,1.3736,1.3997,1.4214,-0.021700000000000053,-1.5267,10952.0,3526.745
600295.SH,20050609,1.417,1.4463,1.3876,1.4212,1.4253,-0.0040999999999999925,-0.2877,19482.39,6571.976
600295.SH,20050608,1.3163,1.4337,1.3163,1.4253,1.3205,0.1048,7.9364,19320.34,6380.768
600295.SH,20050607,1.308,1.3583,1.3038,1.3205,1.3163,0.0041999999999999815,0.3191,6631.8,2099.177
600295.SH,20050606,1.3122,1.3163,1.2828,1.3163,1.3038,0.012499999999999956,0.9587,3187.69,990.88
600295.SH,20050603,1.2954,1.3247,1.287,1.3038,1.3038,0.0,0.0,3321.5,1036.946
600295.SH,20050602,1.2996,1.3163,1.2996,1.3038,1.308,-0.0041999999999999815,-0.3211,3739.39,1164.405
600295.SH,20050601,1.3331,1.3331,1.3038,1.308,1.3373,-0.02929999999999988,-2.191,3125.0,978.622
600295.SH,20050531,1.3373,1.3415,1.3289,1.3373,1.3373,0.0,0.0,6205.05,1977.206
600295.SH,20050530,1.2996,1.3457,1.2912,1.3373,1.3038,0.03349999999999986,2.5694,4763.0,1510.129
600295.SH,20050527,1.3331,1.3331,1.2954,1.3038,1.3331,-0.02929999999999988,-2.1979,3651.97,1146.293
600295.SH,20050525,1.3122,1.3415,1.3038,1.3331,1.3163,0.016799999999999926,1.2763,4377.0,1384.442
600295.SH,20050524,1.2912,1.3289,1.2828,1.3163,1.2912,0.025100000000000122,1.9439,3554.4,1107.595
600295.SH,20050523,1.3415,1.3415,1.2828,1.2912,1.3541,-0.06290000000000018,-4.6452,8340.22,2579.722
600295.SH,20050520,1.3625,1.3792,1.3499,1.3541,1.3667,-0.012599999999999945,-0.9219,5246.86,1708.982
600295.SH,20050519,1.3457,1.3792,1.3373,1.3667,1.3457,0.02100000000000013,1.5605,5252.09,1697.027
600295.SH,20050518,1.3331,1.3499,1.3247,1.3457,1.3289,0.016799999999999926,1.2642,3897.84,1241.046
600295.SH,20050517,1.3038,1.3499,1.3038,1.3289,1.3205,0.008399999999999963,0.6361,4823.51,1531.079
600295.SH,20050516,1.3667,1.3667,1.308,1.3205,1.3499,-0.029400000000000093,-2.1779,5126.46,1623.198
600295.SH,20050513,1.3331,1.3708,1.3331,1.3499,1.3415,0.008400000000000185,0.6262,4842.46,1562.186
600295.SH,20050512,1.3415,1.3625,1.3205,1.3415,1.3415,0.0,0.0,3319.53,1060.647
600295.SH,20050511,1.3667,1.3708,1.3415,1.3415,1.3499,-0.008400000000000185,-0.6223,4825.62,1556.926
600295.SH,20050510,1.3457,1.3625,1.2954,1.3499,1.3457,0.004200000000000204,0.3121,6537.69,2082.899
600295.SH,20050509,1.4421,1.4421,1.3205,1.3457,1.417,-0.07130000000000014,-5.0318,8962.01,2946.91
600295.SH,20050429,1.4379,1.4421,1.4086,1.417,1.4463,-0.02929999999999988,-2.0259,8007.0,2722.502
600295.SH,20050428,1.4086,1.4505,1.3834,1.4463,1.4086,0.037699999999999845,2.6764,14197.11,4822.165
600295.SH,20050427,1.4044,1.417,1.3876,1.4086,1.4086,0.0,0.0,9590.28,3209.773
600295.SH,20050426,1.3834,1.417,1.3708,1.4086,1.3792,0.029400000000000093,2.1317,19982.67,6638.75
600295.SH,20050425,1.3876,1.4086,1.3541,1.3792,1.4086,-0.029400000000000093,-2.0872,6602.49,2166.597
600295.SH,20050422,1.4673,1.4924,1.3415,1.4086,1.484,-0.07539999999999991,-5.0809,10516.59,3579.023
600295.SH,20050421,1.4673,1.4924,1.4505,1.484,1.4673,0.016699999999999937,1.1381,9362.68,3283.026
600295.SH,20050420,1.5092,1.5092,1.4673,1.4673,1.505,-0.037699999999999845,-2.505,6175.45,2195.294
600295.SH,20050419,1.4756,1.5092,1.4589,1.505,1.4756,0.02939999999999987,1.9924,5389.0,1910.758
600295.SH,20050418,1.4798,1.4882,1.4505,1.4756,1.4756,0.0,0.0,5007.62,1758.619
600295.SH,20050415,1.5134,1.5343,1.4756,1.4756,1.5385,-0.06289999999999996,-4.0884,9679.68,3447.404
600295.SH,20050414,1.5511,1.5721,1.526,1.5385,1.5553,-0.016799999999999926,-1.0802,14957.02,5523.992
600295.SH,20050413,1.526,1.5679,1.4924,1.5553,1.4966,0.058699999999999974,3.9222,22269.23,8164.873
600295.SH,20050412,1.5301,1.5595,1.4882,1.4966,1.5092,-0.012600000000000167,-0.8349,16297.98,5921.721
600295.SH,20050411,1.4882,1.5385,1.4463,1.5092,1.4882,0.02100000000000013,1.4111,17073.21,6129.203
600295.SH,20050408,1.4212,1.5092,1.4128,1.4882,1.4253,0.06289999999999996,4.4131,18682.05,6557.64
600295.SH,20050407,1.4002,1.4631,1.4002,1.4253,1.4002,0.025100000000000122,1.7926,15177.54,5195.054
600295.SH,20050406,1.3834,1.4128,1.3541,1.4002,1.396,0.0041999999999999815,0.3009,8874.49,2925.524
600295.SH,20050405,1.3834,1.4086,1.3792,1.396,1.3876,0.008399999999999963,0.6054,6373.81,2115.189
600295.SH,20050404,1.4253,1.4253,1.3667,1.3876,1.4337,-0.04610000000000003,-3.2155,7055.03,2349.885
600295.SH,20050401,1.3457,1.4547,1.3457,1.4337,1.3834,0.05030000000000001,3.636,15545.66,5191.219
600295.SH,20050331,1.3625,1.3918,1.3457,1.3834,1.3667,0.016699999999999937,1.2219,9278.98,3038.028
600295.SH,20050330,1.4044,1.417,1.3625,1.3667,1.417,-0.05030000000000001,-3.5498,10682.79,3545.878
600295.SH,20050329,1.4044,1.4379,1.4044,1.417,1.4253,-0.008299999999999974,-0.5823,6697.12,2274.999
600295.SH,20050328,1.4421,1.4421,1.3834,1.4253,1.4421,-0.016799999999999926,-1.165,9357.7,3133.661
600295.SH,20050325,1.4589,1.4673,1.4379,1.4421,1.4589,-0.016800000000000148,-1.1516,7104.06,2464.063
600295.SH,20050324,1.4212,1.4715,1.4044,1.4589,1.4128,0.04610000000000003,3.263,13517.9,4677.274
600295.SH,20050323,1.375,1.4882,1.3708,1.4128,1.3834,0.029400000000000093,2.1252,26805.98,9155.838
600295.SH,20050322,1.5092,1.5092,1.3625,1.3834,1.5092,-0.12580000000000013,-8.3355,32759.18,11119.889
600295.SH,20050321,1.5301,1.5427,1.4882,1.5092,1.5553,-0.04609999999999981,-2.9641,16913.15,6093.757
600295.SH,20050318,1.4966,1.5679,1.4756,1.5553,1.505,0.05030000000000001,3.3422,40452.63,14804.403
600295.SH,20050317,1.593,1.593,1.5008,1.505,1.6056,-0.10060000000000002,-6.2656,42198.22,15557.989
600295.SH,20050316,1.702,1.702,1.5846,1.6056,1.7104,-0.1048,-6.1272,62243.88,24177.415
600295.SH,20050315,1.6936,1.7859,1.6769,1.7104,1.6475,0.06289999999999996,3.8179,164432.47,67885.265
600295.SH,20050314,1.614,1.6475,1.6056,1.6475,1.4966,0.15090000000000003,10.0829,107773.07,42261.472
600295.SH,20050311,1.4673,1.4966,1.4589,1.4966,1.4715,0.0250999999999999,1.7057,13119.45,4639.714
600295.SH,20050310,1.526,1.526,1.4547,1.4715,1.5218,-0.05030000000000001,-3.3053,13964.9,4941.009
600295.SH,20050309,1.5427,1.5469,1.5092,1.5218,1.5427,-0.02089999999999992,-1.3548,11208.0,4079.49
600295.SH,20050308,1.4924,1.5553,1.4924,1.5427,1.5134,0.02929999999999988,1.936,22433.39,8181.279
600295.SH,20050307,1.4379,1.5301,1.4379,1.5134,1.4421,0.07130000000000014,4.9442,30068.07,10756.555
600295.SH,20050304,1.4882,1.4882,1.4421,1.4421,1.4798,-0.03770000000000007,-2.5476,7383.0,2564.213
600295.SH,20050303,1.4673,1.4882,1.4295,1.4798,1.4673,0.012499999999999956,0.8519,10541.82,3646.572
600295.SH,20050302,1.5092,1.526,1.4631,1.4673,1.505,-0.037699999999999845,-2.505,13425.22,4794.255
600295.SH,20050301,1.4631,1.5092,1.4589,1.505,1.4673,0.037699999999999845,2.5693,16276.65,5780.076
600295.SH,20050228,1.4798,1.4798,1.4505,1.4673,1.4756,-0.008299999999999974,-0.5625,12990.16,4537.134
600295.SH,20050225,1.4966,1.5092,1.4673,1.4756,1.4966,-0.020999999999999908,-1.4032,20135.98,7132.166
600295.SH,20050224,1.4924,1.526,1.4715,1.4966,1.4924,0.0041999999999999815,0.2814,20540.1,7332.374
600295.SH,20050223,1.4673,1.5176,1.4589,1.4924,1.4631,0.02929999999999988,2.0026,34258.61,12136.073
600295.SH,20050222,1.4337,1.4715,1.4212,1.4631,1.4337,0.029400000000000093,2.0506,38423.05,13278.664
600295.SH,20050221,1.4212,1.4379,1.4044,1.4337,1.4212,0.012499999999999956,0.8795,26666.53,9053.278
600295.SH,20050218,1.4463,1.4505,1.3918,1.4212,1.4463,-0.0250999999999999,-1.7355,43279.84,14662.309
600295.SH,20050217,1.396,1.4505,1.3625,1.4463,1.396,0.05030000000000001,3.6032,34663.47,11513.996
600295.SH,20050216,1.4253,1.4253,1.375,1.396,1.3625,0.03349999999999986,2.4587,25289.29,8400.803
600295.SH,20050204,1.3499,1.3708,1.3163,1.3625,1.3583,0.0041999999999999815,0.3092,10503.16,3373.305
600295.SH,20050203,1.3834,1.4044,1.3583,1.3583,1.3918,-0.03349999999999986,-2.407,11638.93,3824.307
600295.SH,20050202,1.3122,1.4086,1.3038,1.3918,1.3163,0.0754999999999999,5.7358,11364.88,3700.949
600295.SH,20050201,1.3122,1.3415,1.2912,1.3163,1.3122,0.0040999999999999925,0.3125,7832.4,2449.513
600295.SH,20050131,1.3541,1.3625,1.308,1.3122,1.3834,-0.07119999999999993,-5.1467,9558.0,3043.375
600295.SH,20050128,1.4295,1.4379,1.3834,1.3834,1.4379,-0.05449999999999999,-3.7902,11797.49,3949.156
600295.SH,20050127,1.4589,1.4631,1.4337,1.4379,1.4589,-0.02100000000000013,-1.4394,6100.0,2101.733
600295.SH,20050126,1.4673,1.484,1.4463,1.4589,1.4798,-0.02089999999999992,-1.4124,7495.81,2619.242
600295.SH,20050125,1.5134,1.5134,1.4673,1.4798,1.5092,-0.029400000000000093,-1.9481,10302.23,3668.479
600295.SH,20050124,1.5301,1.5343,1.4924,1.5092,1.4924,0.016800000000000148,1.1257,22600.24,8164.959
600295.SH,20050121,1.4379,1.5008,1.4379,1.4924,1.4589,0.03349999999999986,2.2963,20800.3,7341.363
600295.SH,20050120,1.4589,1.4882,1.4463,1.4589,1.484,-0.0250999999999999,-1.6914,19678.4,6872.426
600295.SH,20050119,1.4673,1.505,1.417,1.484,1.5469,-0.06289999999999996,-4.0662,63132.12,21847.537
600295.SH,20050118,1.5469,1.5469,1.5469,1.5469,1.7188,-0.17190000000000016,-10.0012,2430.0,896.67
600295.SH,20050114,1.8194,1.8194,1.7146,1.7188,1.8404,-0.12159999999999993,-6.6073,2137.0,888.31
600295.SH,20050113,1.8278,1.8446,1.8236,1.8404,1.8446,-0.0041999999999999815,-0.2277,1955.0,853.554
600295.SH,20050112,1.8697,1.8697,1.8236,1.8446,1.8446,0.0,0.0,1877.0,821.733
600295.SH,20050111,1.8446,1.8655,1.8362,1.8446,1.8362,0.008399999999999963,0.4575,2213.0,974.15
600295.SH,20050110,1.8404,1.8529,1.832,1.8362,1.8404,-0.0041999999999999815,-0.2282,1189.0,521.87
600295.SH,20050107,1.8739,1.8781,1.8362,1.8404,1.8488,-0.008399999999999963,-0.4543,2601.0,1148.844
600295.SH,20050106,1.8613,1.8613,1.8362,1.8488,1.8613,-0.012499999999999956,-0.6716,733.8,323.311
600295.SH,20050105,1.8655,1.8823,1.8446,1.8613,1.8488,0.012499999999999956,0.6761,1695.0,749.412
600295.SH,20050104,1.8529,1.8655,1.8278,1.8488,1.8823,-0.033500000000000085,-1.7797,1393.7,613.738
600295.SH,20041231,1.9033,1.9158,1.8529,1.8823,1.9033,-0.020999999999999908,-1.1033,2714.89,1216.448
600295.SH,20041230,1.8697,1.9074,1.8697,1.9033,1.8739,0.029400000000000093,1.5689,3161.42,1421.672
600295.SH,20041229,1.8865,1.9074,1.8655,1.8739,1.9033,-0.029400000000000093,-1.5447,1524.0,684.005
600295.SH,20041228,1.8865,1.9158,1.8781,1.9033,1.8949,0.008399999999999963,0.4433,2111.0,954.404
600295.SH,20041227,1.9033,1.9074,1.8823,1.8949,1.9074,-0.012499999999999956,-0.6553,3664.51,1654.247
600295.SH,20041224,1.8949,1.9158,1.8865,1.9074,1.9074,0.0,0.0,1156.5,524.255
600295.SH,20041223,1.9619,1.9619,1.8865,1.9074,1.9452,-0.037800000000000056,-1.9432,2233.0,1022.807
600295.SH,20041222,1.92,1.9619,1.9116,1.9452,1.9158,0.029400000000000093,1.5346,1744.53,805.935
600295.SH,20041221,1.92,1.9326,1.9074,1.9158,1.9242,-0.008399999999999963,-0.4365,997.0,456.719
600295.SH,20041220,1.9242,1.9326,1.9074,1.9242,1.9242,0.0,0.0,1283.0,587.844
600295.SH,20041217,1.9284,1.9494,1.9242,1.9242,1.9242,0.0,0.0,1118.36,514.857
600295.SH,20041216,1.9284,1.9494,1.92,1.9242,1.92,0.0041999999999999815,0.2187,926.0,426.619
600295.SH,20041215,1.9284,1.9284,1.9158,1.92,1.9242,-0.0041999999999999815,-0.2183,1620.3,742.623
600295.SH,20041214,1.9326,1.9494,1.9158,1.9242,1.941,-0.016800000000000148,-0.8655,1128.0,519.207
600295.SH,20041213,1.9619,1.9619,1.9284,1.941,1.9745,-0.03349999999999986,-1.6966,1191.66,550.848
600295.SH,20041210,1.9829,1.9913,1.9494,1.9745,1.9955,-0.02100000000000013,-1.0524,2143.47,1006.52
600295.SH,20041209,1.9787,2.0206,1.9661,1.9955,1.9913,0.0041999999999999815,0.2109,2400.0,1138.774
600295.SH,20041208,2.0039,2.0122,1.9871,1.9913,1.9913,0.0,0.0,1167.0,554.615
600295.SH,20041207,2.0122,2.0122,1.9871,1.9913,2.0206,-0.02929999999999988,-1.4501,1844.0,878.304
600295.SH,20041206,2.0248,2.0458,2.0039,2.0206,2.0248,-0.0041999999999999815,-0.2074,1622.72,780.477
600295.SH,20041203,2.0248,2.0835,2.0206,2.0248,2.0248,0.0,0.0,1297.0,630.464
600295.SH,20041202,2.0206,2.0416,2.0206,2.0248,2.0374,-0.012599999999999945,-0.6184,1763.66,853.535
600295.SH,20041201,2.0626,2.0667,2.0332,2.0374,2.0542,-0.016799999999999926,-0.8178,1392.6,678.174
600295.SH,20041130,2.0332,2.0584,2.0248,2.0542,2.0332,0.020999999999999908,1.0329,4052.5,1982.937
600295.SH,20041129,2.029,2.0542,2.0122,2.0332,2.029,0.0041999999999999815,0.207,3602.31,1745.645
600295.SH,20041126,1.9913,2.0542,1.9913,2.029,2.0081,0.020899999999999697,1.0408,1846.99,897.363
600295.SH,20041125,2.0206,2.0374,2.0081,2.0081,2.0206,-0.012499999999999734,-0.6186,2836.9,1362.854
600295.SH,20041124,2.0751,2.0793,2.0206,2.0206,2.0793,-0.058699999999999974,-2.8231,2714.0,1326.496
600295.SH,20041123,2.0877,2.0877,2.0458,2.0793,2.0877,-0.008399999999999963,-0.4024,5439.59,2682.717
600295.SH,20041122,2.0542,2.0877,2.0332,2.0877,2.0542,0.033500000000000085,1.6308,8066.71,3986.047
600295.SH,20041119,2.029,2.0667,2.0122,2.0542,2.029,0.02519999999999989,1.242,4723.87,2306.804
600295.SH,20041118,2.0122,2.0332,1.9829,2.029,2.0122,0.016799999999999926,0.8349,2930.82,1410.462
600295.SH,20041117,2.0332,2.0332,2.0039,2.0122,2.0332,-0.020999999999999908,-1.0329,2905.99,1391.944
600295.SH,20041116,2.0206,2.05,1.9913,2.0332,2.0081,0.025099999999999678,1.2499,6058.12,2903.421
600295.SH,20041115,1.9494,2.0081,1.9494,2.0081,1.9703,0.03780000000000028,1.9185,3881.62,1839.409
600295.SH,20041112,1.9703,1.9913,1.9619,1.9703,1.9787,-0.008399999999999963,-0.4245,2740.2,1292.298
600295.SH,20041111,2.0039,2.0248,1.9787,1.9787,2.0039,-0.02519999999999989,-1.2575,8818.0,4222.137
600295.SH,20041110,1.941,2.0332,1.9368,2.0039,1.941,0.06289999999999973,3.2406,11701.21,5580.951
600295.SH,20041109,1.9116,1.9661,1.9116,1.941,1.9452,-0.0041999999999999815,-0.2159,1427.0,662.579
600295.SH,20041108,1.9116,1.9452,1.9074,1.9452,1.9116,0.033600000000000074,1.7577,3693.11,1696.841
600295.SH,20041105,1.92,1.9494,1.8949,1.9116,1.8949,0.016699999999999937,0.8813,3003.98,1380.376
600295.SH,20041104,1.9116,1.9703,1.8865,1.8949,1.9074,-0.012499999999999956,-0.6553,9347.9,4342.284
600295.SH,20041103,1.8865,1.9116,1.8488,1.9074,1.8697,0.03770000000000007,2.0164,3429.0,1540.06
600295.SH,20041102,1.9074,1.9074,1.8655,1.8697,1.8781,-0.008400000000000185,-0.4473,3927.8,1752.26
600295.SH,20041101,1.8781,1.9452,1.8655,1.8781,1.8907,-0.012599999999999945,-0.6664,3517.19,1593.198
600295.SH,20041029,1.8949,1.9326,1.8529,1.8907,1.9578,-0.06709999999999994,-3.4273,7597.0,3412.198
600295.SH,20041028,1.9536,1.9829,1.9368,1.9578,1.9536,0.0041999999999999815,0.215,4411.6,2067.411
600295.SH,20041027,1.8991,1.9578,1.8949,1.9536,1.92,0.033600000000000074,1.75,3404.04,1566.648
600295.SH,20041026,1.8949,1.9284,1.8781,1.92,1.9033,0.016699999999999937,0.8774,3078.89,1393.607
600295.SH,20041025,1.9494,1.9913,1.8907,1.9033,1.9284,-0.0250999999999999,-1.3016,4887.2,2250.658
600295.SH,20041022,1.9242,1.9703,1.8655,1.9284,1.9242,0.0041999999999999815,0.2183,3413.88,1553.861
600295.SH,20041021,1.9997,1.9997,1.9158,1.9242,1.9871,-0.06290000000000018,-3.1654,4009.0,1867.438
600295.SH,20041020,2.0542,2.0542,1.9661,1.9871,2.0458,-0.05869999999999975,-2.8693,3742.5,1776.595
600295.SH,20041019,1.9703,2.0751,1.9578,2.0458,1.9619,0.08389999999999986,4.2765,7518.6,3622.677
600295.SH,20041018,1.9787,2.0164,1.9494,1.9619,1.9829,-0.02100000000000013,-1.0591,2792.35,1312.11
600295.SH,20041015,1.9913,2.0164,1.9284,1.9829,1.9913,-0.008399999999999963,-0.4218,3873.2,1829.666
600295.SH,20041014,2.1003,2.1003,1.9913,1.9913,2.0919,-0.1005999999999998,-4.809,5277.21,2540.659
600295.SH,20041013,2.0667,2.0919,2.0332,2.0919,2.0667,0.02519999999999989,1.2193,5355.52,2628.385
600295.SH,20041012,2.1003,2.1212,2.0626,2.0667,2.1254,-0.058699999999999974,-2.7618,5139.0,2567.905
600295.SH,20041011,2.1422,2.159,2.1087,2.1254,2.1422,-0.016799999999999926,-0.7842,6736.0,3434.177
600295.SH,20041008,2.0961,2.1464,2.0877,2.1422,2.1003,0.04190000000000005,1.995,4532.5,2272.913
600295.SH,20040930,2.1212,2.138,2.0961,2.1003,2.1212,-0.02090000000000014,-0.9853,4693.13,2367.396
600295.SH,20040929,2.1799,2.1799,2.1129,2.1212,2.1799,-0.058699999999999974,-2.6928,6512.5,3313.682
600295.SH,20040928,2.1464,2.1799,2.0877,2.1799,2.1548,0.025100000000000122,1.1648,18844.84,9574.887
600295.SH,20040924,2.1548,2.2428,2.1506,2.1548,2.159,-0.0041999999999999815,-0.1945,38904.15,20406.715
600295.SH,20040923,2.1254,2.1632,2.0793,2.159,2.1212,0.037799999999999834,1.782,20473.55,10328.088
600295.SH,20040922,2.1464,2.1716,2.0877,2.1212,2.1548,-0.03359999999999985,-1.5593,25429.75,12867.168
600295.SH,20040921,2.1716,2.1799,2.138,2.1548,2.1841,-0.029300000000000104,-1.3415,20194.3,10401.116
600295.SH,20040920,2.1087,2.1841,2.1003,2.1841,2.1003,0.0838000000000001,3.9899,17807.9,9108.647
600295.SH,20040917,2.0626,2.1087,2.0584,2.1003,2.0626,0.03769999999999962,1.8278,9868.57,4917.496
600295.SH,20040916,2.1129,2.1129,2.05,2.0626,2.0877,-0.025099999999999678,-1.2023,5677.64,2804.033
600295.SH,20040915,1.9913,2.0961,1.9703,2.0877,1.9871,0.1005999999999998,5.0627,10075.11,4950.424
600295.SH,20040914,1.9619,2.0164,1.9536,1.9871,1.9494,0.03770000000000007,1.9339,3872.0,1829.837
600295.SH,20040913,1.9703,1.9703,1.9242,1.9494,1.9829,-0.033500000000000085,-1.6894,2810.34,1298.813
600295.SH,20040910,1.9913,2.0081,1.9074,1.9829,2.0039,-0.020999999999999686,-1.048,5764.5,2677.162
600295.SH,20040909,2.0332,2.0332,2.0039,2.0039,2.0332,-0.029300000000000104,-1.4411,1862.0,893.885
600295.SH,20040908,2.0332,2.0542,2.0164,2.0332,2.0332,0.0,0.0,1749.0,846.099
600295.SH,20040907,2.0458,2.0458,2.0248,2.0332,2.05,-0.016799999999999926,-0.8195,934.0,452.481
600295.SH,20040906,2.0332,2.0626,2.0206,2.05,2.0458,0.0041999999999999815,0.2053,1435.0,695.756
600295.SH,20040903,2.0542,2.0626,2.0458,2.0458,2.0626,-0.01680000000000037,-0.8145,1050.0,513.991
600295.SH,20040902,2.0458,2.0667,2.0206,2.0626,2.05,0.012600000000000389,0.6146,1508.32,733.378
600295.SH,20040901,2.0458,2.0584,2.0416,2.05,2.0793,-0.029300000000000104,-1.4091,1105.0,539.745
600295.SH,20040831,2.1716,2.1716,2.0626,2.0793,2.0416,0.03770000000000007,1.8466,19814.0,9995.361
600295.SH,20040830,2.0542,2.0542,2.0039,2.0416,2.05,-0.008399999999999963,-0.4098,3776.27,1825.593
600295.SH,20040827,2.0751,2.0877,2.0332,2.05,2.0877,-0.03770000000000007,-1.8058,2149.34,1052.788
600295.SH,20040826,2.0458,2.1087,2.0458,2.0877,2.1003,-0.012599999999999945,-0.5999,2410.46,1199.123
600295.SH,20040825,2.1087,2.1087,2.0793,2.1003,2.1129,-0.012599999999999945,-0.5963,3298.0,1647.916
600295.SH,20040824,2.05,2.1296,2.0458,2.1129,2.0584,0.05449999999999999,2.6477,9515.03,4773.589
600295.SH,20040823,2.0374,2.0584,2.0206,2.0584,2.0584,0.0,0.0,1728.0,840.01
600295.SH,20040820,2.0332,2.0919,2.0164,2.0584,2.0709,-0.012500000000000178,-0.6036,3704.9,1810.357
600295.SH,20040819,2.0542,2.0751,2.029,2.0709,2.0584,0.012500000000000178,0.6073,3528.52,1721.081
600295.SH,20040818,2.029,2.0751,2.029,2.0584,2.0458,0.012599999999999945,0.6159,1736.0,848.496
600295.SH,20040817,2.0206,2.05,2.0206,2.0458,2.0332,0.012599999999999945,0.6197,1942.99,943.085
600295.SH,20040816,2.0709,2.0709,2.029,2.0332,2.0709,-0.03770000000000007,-1.8205,1350.0,655.888
600295.SH,20040813,2.0458,2.1087,2.0332,2.0709,2.0709,0.0,0.0,2140.6,1058.849
600295.SH,20040812,2.0458,2.0793,2.0164,2.0709,2.0667,0.0041999999999999815,0.2032,3544.0,1718.581
600295.SH,20040811,2.0835,2.0835,2.0458,2.0667,2.0626,0.0040999999999997705,0.1988,1700.03,834.369
600295.SH,20040810,2.0584,2.0793,2.05,2.0626,2.0667,-0.0040999999999997705,-0.1984,1322.02,649.305
600295.SH,20040809,2.0709,2.0793,2.029,2.0667,2.0374,0.029300000000000104,1.4381,2867.34,1405.595
600295.SH,20040806,2.0542,2.0751,2.0332,2.0374,2.0542,-0.016799999999999926,-0.8178,1306.0,637.926
600295.SH,20040805,2.1003,2.1003,2.05,2.0542,2.0961,-0.04190000000000005,-1.999,2019.98,998.743
600295.SH,20040804,2.0332,2.1171,2.0332,2.0961,2.0542,0.04190000000000005,2.0397,10108.79,5021.333
600295.SH,20040803,2.0374,2.0542,2.0332,2.0542,2.0626,-0.008400000000000407,-0.4073,778.0,378.872
600295.SH,20040802,2.0332,2.0709,2.0248,2.0626,2.05,0.012600000000000389,0.6146,2555.54,1252.571
600295.SH,20040730,2.0751,2.0751,2.0248,2.05,2.0751,-0.025100000000000122,-1.2096,3637.0,1765.72
600295.SH,20040729,2.05,2.0751,2.0374,2.0751,2.0458,0.029300000000000104,1.4322,1877.4,922.36
600295.SH,20040728,2.05,2.05,2.0206,2.0458,2.0206,0.02519999999999989,1.2472,1422.15,689.988
600295.SH,20040727,2.0122,2.0542,2.0122,2.0206,2.0332,-0.012599999999999945,-0.6197,1949.99,940.565
600295.SH,20040726,2.0542,2.0626,2.0164,2.0332,2.0626,-0.029400000000000315,-1.4254,1486.0,723.77
600295.SH,20040723,2.0542,2.0751,2.0332,2.0626,2.0542,0.008400000000000407,0.4089,2273.99,1107.911
600295.SH,20040722,2.138,2.138,2.0542,2.0542,2.1338,-0.07960000000000012,-3.7304,3085.0,1541.66
600295.SH,20040721,2.1296,2.1548,2.1129,2.1338,2.1338,0.0,0.0,2712.49,1378.394
600295.SH,20040720,2.159,2.1716,2.1296,2.1338,2.159,-0.02519999999999989,-1.1672,2308.0,1176.511
600295.SH,20040719,2.1799,2.2009,2.1422,2.159,2.1674,-0.008400000000000407,-0.3876,7022.59,3619.443
600295.SH,20040716,2.0961,2.1841,2.0961,2.1674,2.0919,0.07550000000000034,3.6092,13271.36,6779.606
600295.SH,20040715,2.0542,2.0961,2.0542,2.0919,2.0626,0.02929999999999966,1.4205,3871.0,1916.765
600295.SH,20040714,2.0709,2.0919,2.0332,2.0626,2.0584,0.004200000000000426,0.204,4779.4,2348.112
600295.SH,20040713,2.0332,2.0626,2.029,2.0584,2.0626,-0.004200000000000426,-0.2036,1916.57,932.92
600295.SH,20040712,2.0877,2.0877,2.0332,2.0626,2.0961,-0.03349999999999964,-1.5982,3584.0,1754.79
600295.SH,20040709,2.0835,2.1003,2.0667,2.0961,2.0961,0.0,0.0,1766.96,877.12
600295.SH,20040708,2.0667,2.1171,2.0626,2.0961,2.0877,0.008399999999999963,0.4024,1992.4,987.951
600295.SH,20040707,2.0961,2.0961,2.0667,2.0877,2.0961,-0.008399999999999963,-0.4007,2979.0,1478.66
600295.SH,20040706,2.0919,2.1087,2.0751,2.0961,2.0961,0.0,0.0,3295.7,1648.228
600295.SH,20040705,2.0961,2.1003,2.0584,2.0961,2.0961,0.0,0.0,1792.8,888.34
600295.SH,20040702,2.1003,2.1171,2.0751,2.0961,2.0919,0.0041999999999999815,0.2008,7165.42,3581.239
600295.SH,20040701,2.0081,2.1003,2.0081,2.0919,2.0374,0.05449999999999999,2.675,7541.38,3716.684
600295.SH,20040630,2.0458,2.05,1.9787,2.0374,2.0458,-0.008399999999999963,-0.4106,5712.0,2750.54
600295.SH,20040629,1.9955,2.0458,1.9829,2.0458,1.9955,0.05029999999999979,2.5207,4518.82,2172.214
600295.SH,20040628,2.0206,2.0751,1.9745,1.9955,2.0206,-0.0250999999999999,-1.2422,5367.02,2573.447
600295.SH,20040625,2.0584,2.0919,2.0164,2.0206,2.0542,-0.03359999999999985,-1.6357,2970.0,1445.601
600295.SH,20040624,2.0793,2.0919,2.0542,2.0542,2.0793,-0.025100000000000122,-1.2071,1721.0,851.461
600295.SH,20040623,2.0919,2.0919,2.05,2.0793,2.0919,-0.012599999999999945,-0.6023,2296.0,1128.739
600295.SH,20040622,2.0751,2.1087,2.0667,2.0919,2.0751,0.016799999999999926,0.8096,4029.37,2016.779
600295.SH,20040621,2.0458,2.0751,2.0458,2.0751,2.0458,0.029300000000000104,1.4322,2901.46,1430.004
600295.SH,20040618,2.0122,2.0542,2.0122,2.0458,2.0458,0.0,0.0,3759.97,1814.357
600295.SH,20040617,2.0877,2.0961,2.0458,2.0458,2.0877,-0.04190000000000005,-2.007,2736.0,1343.289
600295.SH,20040616,2.0835,2.1087,2.0667,2.0877,2.0793,0.008399999999999963,0.404,2719.0,1353.435
600295.SH,20040615,2.0458,2.0919,2.0374,2.0793,2.0374,0.04190000000000005,2.0565,2255.73,1108.089
600295.SH,20040614,2.0835,2.0961,2.0332,2.0374,2.0961,-0.058699999999999974,-2.8004,3961.0,1931.121
600295.SH,20040611,2.0709,2.1296,2.0709,2.0961,2.0709,0.02519999999999989,1.2169,3054.5,1533.842
600295.SH,20040610,2.138,2.138,2.0709,2.0709,2.1045,-0.03359999999999985,-1.5966,4976.0,2484.144
600295.SH,20040609,2.1377,2.1418,2.0966,2.1048,2.1377,-0.03290000000000015,-1.539,4672.0,2405.88
600295.SH,20040608,2.1377,2.1706,2.1295,2.1377,2.15,-0.012299999999999756,-0.5721,2582.0,1346.184
600295.SH,20040607,2.1911,2.1911,2.1336,2.15,2.1911,-0.041100000000000136,-1.8758,3811.08,1996.463
600295.SH,20040604,2.1665,2.2199,2.1459,2.1911,2.1706,0.020500000000000185,0.9444,4184.48,2213.001
600295.SH,20040603,2.2405,2.2528,2.1665,2.1706,2.2405,-0.06990000000000007,-3.1198,3895.0,2076.632
600295.SH,20040602,2.261,2.2774,2.224,2.2405,2.261,-0.020500000000000185,-0.9067,5087.92,2776.951
600295.SH,20040601,2.2405,2.2774,2.2117,2.261,2.2528,0.008199999999999985,0.364,8630.31,4719.39
600295.SH,20040531,2.1788,2.3843,2.1418,2.2528,2.1747,0.07810000000000006,3.5913,7769.02,4163.74
600295.SH,20040528,2.224,2.2487,2.1665,2.1747,2.224,-0.04930000000000012,-2.2167,6156.0,3295.396
600295.SH,20040527,2.0966,2.2405,2.0966,2.224,2.0966,0.12740000000000018,6.0765,10998.2,5894.923
600295.SH,20040525,2.1582,2.1706,2.0966,2.0966,2.1788,-0.08219999999999983,-3.7727,5574.0,2897.532
600295.SH,20040524,2.1706,2.1829,2.1623,2.1788,2.1829,-0.004100000000000215,-0.1878,3221.22,1702.786
600295.SH,20040521,2.1952,2.1952,2.1582,2.1829,2.1706,0.0123000000000002,0.5667,2762.63,1460.382
600295.SH,20040520,2.1747,2.1993,2.1541,2.1706,2.1665,0.0040999999999997705,0.1892,3839.83,2034.914
600295.SH,20040519,2.1788,2.2035,2.1665,2.1665,2.1747,-0.008199999999999985,-0.3771,7541.0,4005.751
600295.SH,20040518,2.1089,2.1911,2.0966,2.1747,2.1089,0.06579999999999986,3.1201,5358.84,2809.237
600295.SH,20040517,2.1295,2.1295,2.0925,2.1089,2.1336,-0.024699999999999722,-1.1577,3340.57,1713.835
600295.SH,20040514,2.1665,2.1747,2.1212,2.1336,2.1665,-0.03290000000000015,-1.5186,5115.96,2666.647
600295.SH,20040513,2.1829,2.1952,2.1541,2.1665,2.1829,-0.01639999999999997,-0.7513,3014.41,1590.373
600295.SH,20040512,2.1459,2.1829,2.1212,2.1829,2.1336,0.04930000000000012,2.3106,4428.05,2325.133
600295.SH,20040511,2.0966,2.1377,2.0842,2.1336,2.0883,0.04530000000000012,2.1692,3131.0,1609.69
600295.SH,20040510,2.1295,2.1541,2.0883,2.0883,2.1295,-0.04120000000000035,-1.9347,2934.84,1509.133
600295.SH,20040430,2.1952,2.1952,2.0596,2.1295,2.1747,-0.04519999999999991,-2.0784,12928.12,6738.065
600295.SH,20040429,2.2774,2.3021,2.1706,2.1747,2.2774,-0.10270000000000001,-4.5095,9181.0,5019.224
600295.SH,20040428,2.2774,2.2939,2.2405,2.2774,2.2487,0.02870000000000017,1.2763,4129.39,2275.346
600295.SH,20040427,2.2405,2.2939,2.2405,2.2487,2.2363,0.012399999999999967,0.5545,4278.02,2346.973
600295.SH,20040426,2.2528,2.2774,2.2281,2.2363,2.2569,-0.02059999999999995,-0.9128,4967.64,2710.071
600295.SH,20040423,2.3103,2.3144,2.2528,2.2569,2.3144,-0.05750000000000011,-2.4844,5384.19,2985.069
600295.SH,20040422,2.3227,2.3227,2.2857,2.3144,2.2898,0.024599999999999955,1.0743,3792.79,2127.754
600295.SH,20040421,2.298,2.3309,2.261,2.2898,2.3021,-0.012299999999999756,-0.5343,5997.05,3343.224
600295.SH,20040420,2.2898,2.3103,2.2733,2.3021,2.2898,0.012299999999999756,0.5372,5391.09,3002.23
600295.SH,20040419,2.2857,2.3021,2.2651,2.2898,2.2857,0.004100000000000215,0.1794,5780.0,3213.646
600295.SH,20040416,2.261,2.3021,2.2405,2.2857,2.261,0.024699999999999722,1.0924,8089.88,4476.581
600295.SH,20040415,2.3391,2.3391,2.2569,2.261,2.3186,-0.057599999999999874,-2.4843,11876.85,6598.141
600295.SH,20040414,2.3597,2.3597,2.2939,2.3186,2.3638,-0.04519999999999991,-1.9122,12160.61,6853.378
600295.SH,20040413,2.3967,2.4049,2.3514,2.3638,2.372,-0.008199999999999985,-0.3457,8435.99,4890.587
600295.SH,20040412,2.3432,2.3761,2.3268,2.372,2.3597,0.012299999999999756,0.5213,10848.13,6207.182
600295.SH,20040409,2.4501,2.4501,2.3514,2.3597,2.4501,-0.09039999999999981,-3.6896,22215.12,12934.776
600295.SH,20040408,2.4953,2.4953,2.4419,2.4501,2.4953,-0.04519999999999991,-1.8114,16658.9,9962.699
600295.SH,20040407,2.4994,2.5159,2.4748,2.4953,2.4994,-0.004100000000000215,-0.164,17954.76,10874.609
600295.SH,20040406,2.4378,2.5035,2.4337,2.4994,2.4378,0.06159999999999988,2.5269,23357.14,14088.871
600295.SH,20040405,2.4501,2.4666,2.4213,2.4378,2.4501,-0.012299999999999756,-0.502,20819.83,12323.6
600295.SH,20040402,2.4501,2.4666,2.4254,2.4501,2.446,0.0040999999999997705,0.1676,18880.54,11220.901
600295.SH,20040401,2.4666,2.4707,2.4254,2.446,2.4666,-0.02059999999999995,-0.8352,16384.08,9729.236
600295.SH,20040331,2.4337,2.4748,2.4254,2.4666,2.4296,0.03699999999999992,1.5229,14095.53,8410.115
600295.SH,20040330,2.4666,2.4707,2.4131,2.4296,2.4666,-0.03699999999999992,-1.5,18633.49,11017.233
600295.SH,20040329,2.5077,2.5323,2.4666,2.4666,2.5077,-0.04109999999999969,-1.639,25202.26,15223.049
600295.SH,20040326,2.5693,2.5734,2.5035,2.5077,2.5734,-0.06570000000000009,-2.553,46286.47,28406.908
600295.SH,20040325,2.4583,2.6187,2.446,2.5734,2.4501,0.12329999999999997,5.0324,140183.61,86672.166
600295.SH,20040324,2.4583,2.5077,2.3843,2.4501,2.4213,0.028799999999999937,1.1894,112229.02,67046.284
600295.SH,20040323,2.409,2.4583,2.3884,2.4213,2.409,0.0123000000000002,0.5106,22695.92,13426.226
600295.SH,20040322,2.3967,2.4131,2.3638,2.409,2.3967,0.012299999999999756,0.5132,7558.47,4390.478
600295.SH,20040319,2.3473,2.3967,2.3309,2.3967,2.3473,0.04939999999999989,2.1045,8726.35,5018.445
600295.SH,20040318,2.409,2.4172,2.3432,2.3473,2.4049,-0.057599999999999874,-2.3951,9331.79,5388.262
600295.SH,20040317,2.4296,2.4337,2.372,2.4049,2.4337,-0.028799999999999937,-1.1834,11127.45,6482.971
600295.SH,20040316,2.4583,2.4666,2.4254,2.4337,2.4378,-0.004100000000000215,-0.1682,10789.49,6393.98
600295.SH,20040315,2.4049,2.4378,2.3761,2.4378,2.3967,0.041100000000000136,1.7149,33694.67,19759.921
600295.SH,20040312,2.3679,2.4008,2.3309,2.3967,2.3679,0.028799999999999937,1.2163,14486.49,8330.152
600295.SH,20040311,2.298,2.3761,2.2733,2.3679,2.2692,0.09870000000000001,4.3496,17942.02,10203.859
600295.SH,20040310,2.2281,2.2733,2.224,2.2692,2.2281,0.041100000000000136,1.8446,5190.12,2835.772
600295.SH,20040309,2.2528,2.2733,2.2281,2.2281,2.2651,-0.03699999999999992,-1.6335,6839.99,3744.703
600295.SH,20040308,2.3021,2.3144,2.2651,2.2651,2.3144,-0.04930000000000012,-2.1301,5687.31,3165.986
600295.SH,20040305,2.335,2.3391,2.298,2.3144,2.3268,-0.012399999999999967,-0.5329,6707.26,3770.288
600295.SH,20040304,2.2939,2.3268,2.2651,2.3268,2.3021,0.024700000000000166,1.0729,7402.34,4113.752
600295.SH,20040303,2.3761,2.3802,2.298,2.3021,2.3761,-0.07400000000000029,-3.1143,7372.66,4180.284
600295.SH,20040302,2.3556,2.3926,2.3227,2.3761,2.3556,0.020500000000000185,0.8703,9792.24,5601.598
600295.SH,20040301,2.335,2.3761,2.3227,2.3556,2.3268,0.028799999999999937,1.2378,8163.37,4675.96
600295.SH,20040227,2.3021,2.3391,2.2898,2.3268,2.3021,0.024700000000000166,1.0729,6689.24,3768.673
600295.SH,20040226,2.3227,2.3268,2.2692,2.3021,2.3309,-0.02880000000000038,-1.2356,10754.62,5998.195
600295.SH,20040225,2.409,2.4378,2.3227,2.3309,2.409,-0.07809999999999961,-3.242,13422.26,7784.436
600295.SH,20040224,2.4666,2.4666,2.3843,2.409,2.4789,-0.06990000000000007,-2.8198,20022.68,11712.16
600295.SH,20040223,2.52,2.5323,2.4707,2.4789,2.5159,-0.03699999999999992,-1.4706,16629.89,10144.805
600295.SH,20040220,2.5118,2.5159,2.4666,2.5159,2.5159,0.0,0.0,12623.29,7652.494
600295.SH,20040219,2.5077,2.557,2.4871,2.5159,2.5077,0.008199999999999985,0.327,13327.66,8187.356
600295.SH,20040218,2.52,2.52,2.4666,2.5077,2.5118,-0.004100000000000215,-0.1632,25805.29,15609.924
600295.SH,20040217,2.5159,2.5364,2.4912,2.5118,2.5159,-0.0040999999999997705,-0.163,14140.67,8641.71
600295.SH,20040216,2.4583,2.52,2.4542,2.5159,2.4542,0.061699999999999644,2.5141,12585.79,7595.366
600295.SH,20040213,2.5405,2.5405,2.4542,2.4542,2.5241,-0.06989999999999963,-2.7693,17026.0,10290.605
600295.SH,20040212,2.5077,2.5447,2.5077,2.5241,2.5077,0.01639999999999997,0.654,16156.12,9903.91
600295.SH,20040211,2.5488,2.5611,2.4994,2.5077,2.5488,-0.041100000000000136,-1.6125,25492.44,15566.277
600295.SH,20040210,2.5775,2.6557,2.5405,2.5488,2.5488,0.0,0.0,76051.15,48239.985
600295.SH,20040209,2.4254,2.5652,2.4172,2.5488,2.4213,0.12749999999999995,5.2658,37779.94,23025.412
600295.SH,20040206,2.4378,2.52,2.3843,2.4213,2.4501,-0.028799999999999937,-1.1755,35884.76,21377.188
600295.SH,20040205,2.3638,2.4542,2.3227,2.4501,2.3597,0.09039999999999981,3.831,27742.81,16083.771
600295.SH,20040204,2.3514,2.3761,2.3144,2.3597,2.3514,0.008300000000000196,0.353,17621.67,10052.825
600295.SH,20040203,2.2816,2.3556,2.2774,2.3514,2.2774,0.07399999999999984,3.2493,22753.34,12913.031
600295.SH,20040202,2.261,2.3186,2.2281,2.2774,2.2363,0.041100000000000136,1.8379,11491.38,6343.536
600295.SH,20040130,2.2857,2.3021,2.224,2.2363,2.2898,-0.0535000000000001,-2.3364,10571.0,5797.253
600295.SH,20040129,2.2076,2.3268,2.2035,2.2898,2.2076,0.08220000000000027,3.7235,11318.65,6226.587
600295.SH,20040116,2.2076,2.2322,2.1788,2.2076,2.2076,0.0,0.0,6704.55,3595.207
600295.SH,20040115,2.1706,2.2446,2.1541,2.2076,2.1747,0.03289999999999971,1.5129,7845.25,4203.187
600295.SH,20040114,2.187,2.1993,2.15,2.1747,2.1993,-0.024599999999999955,-1.1185,7795.24,4106.958
600295.SH,20040113,2.1993,2.2322,2.1788,2.1993,2.2035,-0.0041999999999999815,-0.1906,9619.19,5154.521
600295.SH,20040112,2.1993,2.2158,2.1665,2.2035,2.1952,0.008300000000000196,0.3781,6980.99,3715.094
600295.SH,20040109,2.2199,2.2733,2.1952,2.1952,2.2446,-0.04940000000000033,-2.2008,17625.25,9605.566
600295.SH,20040108,2.187,2.2816,2.15,2.2446,2.1829,0.06170000000000009,2.8265,22622.0,12216.277
600295.SH,20040107,2.1377,2.2158,2.1048,2.1829,2.1377,0.04519999999999991,2.1144,23613.93,12331.213
600295.SH,20040106,2.1747,2.187,2.1171,2.1377,2.1706,-0.03289999999999971,-1.5157,9247.63,4807.107
600295.SH,20040105,2.1171,2.1788,2.1007,2.1706,2.1171,0.05349999999999966,2.527,11745.29,6128.028
600295.SH,20040102,2.1377,2.1582,2.0966,2.1171,2.1459,-0.028799999999999937,-1.3421,11327.0,5860.133
600295.SH,20031231,2.2487,2.2487,2.1418,2.1459,2.2158,-0.06990000000000007,-3.1546,17622.7,9451.419
600295.SH,20031230,2.0061,2.2158,2.0061,2.2158,2.0144,0.20140000000000002,9.998,42666.8,22586.072
600295.SH,20031229,2.0637,2.0637,2.0102,2.0144,2.0596,-0.04519999999999991,-2.1946,5379.58,2645.567
600295.SH,20031226,2.0308,2.0883,2.0308,2.0596,2.0513,0.008300000000000196,0.4046,4018.64,2012.111
600295.SH,20031225,2.076,2.076,2.0185,2.0513,2.076,-0.024700000000000166,-1.1898,8078.5,4011.175
600295.SH,20031224,2.1007,2.1048,2.0637,2.076,2.0966,-0.02059999999999995,-0.9825,7428.22,3762.789
600295.SH,20031223,2.0555,2.1212,2.0267,2.0966,2.0308,0.06579999999999986,3.2401,12881.47,6490.193
600295.SH,20031222,2.0061,2.0431,1.9445,2.0308,1.9979,0.03290000000000015,1.6467,12863.75,6213.074
600295.SH,20031219,2.113,2.1377,1.9157,1.9979,2.113,-0.11509999999999998,-5.4472,14314.0,7104.473
600295.SH,20031218,2.1212,2.1377,2.1007,2.113,2.1377,-0.024700000000000166,-1.1554,5221.44,2690.164
600295.SH,20031217,2.1706,2.1993,2.1377,2.1377,2.1788,-0.04109999999999969,-1.8864,6628.99,3488.809
600295.SH,20031216,2.2281,2.2281,2.1541,2.1788,2.2281,-0.04930000000000012,-2.2126,7912.23,4188.316
600295.SH,20031215,2.2487,2.2569,2.224,2.2281,2.2322,-0.004100000000000215,-0.1837,3299.5,1792.214
600295.SH,20031212,2.2035,2.2405,2.1952,2.2322,2.2035,0.02870000000000017,1.3025,4140.15,2235.951
600295.SH,20031211,2.2281,2.2281,2.1993,2.2035,2.2322,-0.02870000000000017,-1.2857,6947.29,3729.797
600295.SH,20031210,2.2199,2.2405,2.1993,2.2322,2.2117,0.020500000000000185,0.9269,6118.5,3307.623
600295.SH,20031209,2.1993,2.224,2.1788,2.2117,2.2199,-0.008199999999999985,-0.3694,4891.1,2617.776
600295.SH,20031208,2.2816,2.2816,2.2117,2.2199,2.2898,-0.06990000000000007,-3.0527,10294.0,5606.907
600295.SH,20031205,2.3021,2.3103,2.2487,2.2898,2.3021,-0.012299999999999756,-0.5343,13484.47,7454.479
600295.SH,20031204,2.3227,2.335,2.261,2.3021,2.3638,-0.06170000000000009,-2.6102,39633.56,22021.388
600295.SH,20031203,2.2158,2.4131,2.1623,2.3638,2.2117,0.1520999999999999,6.8771,35613.63,19816.664
600295.SH,20031202,2.2487,2.2528,2.1993,2.2117,2.2405,-0.028799999999999937,-1.2854,11578.21,6241.416
600295.SH,20031201,2.224,2.2446,2.1788,2.2405,2.224,0.016499999999999737,0.7419,23045.8,12453.53
600295.SH,20031128,2.0472,2.2363,2.0144,2.224,2.0555,0.16850000000000032,8.1975,34874.3,18177.839
600295.SH,20031127,2.1048,2.1253,2.0513,2.0555,2.1048,-0.04930000000000012,-2.3423,8565.22,4332.822
600295.SH,20031126,2.0883,2.113,2.0842,2.1048,2.0883,0.01650000000000018,0.7901,11728.63,5988.2
600295.SH,20031125,2.0719,2.1295,2.0472,2.0883,2.0719,0.01639999999999997,0.7915,12857.49,6523.871
600295.SH,20031124,1.9979,2.0719,1.9979,2.0719,1.9938,0.07809999999999984,3.9171,10430.18,5183.205
600295.SH,20031121,2.0144,2.0719,1.965,1.9938,2.0144,-0.020600000000000174,-1.0226,10715.01,5276.898
600295.SH,20031120,1.9321,2.0144,1.9034,2.0144,1.9445,0.0699000000000003,3.5948,10040.71,4853.732
600295.SH,20031119,1.8622,1.9527,1.8622,1.9445,1.9198,0.024699999999999944,1.2866,3382.0,1588.262
600295.SH,20031118,1.965,1.965,1.9034,1.9198,1.9609,-0.041100000000000136,-2.096,3180.02,1490.503
600295.SH,20031117,1.8992,2.0349,1.8869,1.9609,1.9239,0.037000000000000144,1.9232,6036.9,2887.687
600295.SH,20031114,1.891,1.9321,1.891,1.9239,1.8787,0.04519999999999991,2.4059,2694.0,1259.094
600295.SH,20031113,1.8499,1.891,1.8499,1.8787,1.8787,0.0,0.0,1857.0,844.855
600295.SH,20031112,1.9034,1.9034,1.8581,1.8787,1.9034,-0.024699999999999944,-1.2977,1966.2,895.558
600295.SH,20031111,1.8705,1.9034,1.8581,1.9034,1.8828,0.02059999999999995,1.0941,2532.5,1156.062
600295.SH,20031110,1.891,1.891,1.854,1.8828,1.8951,-0.012299999999999978,-0.649,2322.12,1056.623
600295.SH,20031107,1.9568,1.9568,1.891,1.8951,1.9321,-0.03699999999999992,-1.915,4012.22,1858.734
600295.SH,20031106,1.9815,1.9856,1.9198,1.9321,1.9897,-0.057600000000000096,-2.8949,6557.16,3084.117
600295.SH,20031105,2.0431,2.0431,1.9732,1.9897,2.0431,-0.05339999999999989,-2.6137,3450.0,1683.225
600295.SH,20031104,1.9938,2.0637,1.9732,2.0431,1.9856,0.057499999999999885,2.8959,7604.1,3752.046
600295.SH,20031103,1.9732,1.9979,1.9527,1.9856,1.9856,0.0,0.0,2088.01,1006.625
600295.SH,20031031,1.9527,1.9938,1.9362,1.9856,1.9609,0.024699999999999944,1.2596,3425.0,1645.125
600295.SH,20031030,1.9815,1.9979,1.9362,1.9609,1.9815,-0.02059999999999995,-1.0396,3606.51,1720.229
600295.SH,20031029,2.039,2.039,1.965,1.9815,2.0472,-0.06570000000000009,-3.2093,5163.79,2496.412
600295.SH,20031028,2.0678,2.0678,2.0185,2.0472,2.076,-0.028799999999999937,-1.3873,3006.09,1493.261
600295.SH,20031027,2.0925,2.0966,2.039,2.076,2.0966,-0.02059999999999995,-0.9825,3338.7,1675.231
600295.SH,20031024,2.1295,2.1336,2.0966,2.0966,2.1336,-0.03699999999999992,-1.7342,2808.0,1436.294
600295.SH,20031023,2.1706,2.1706,2.1253,2.1336,2.1706,-0.03699999999999992,-1.7046,2373.0,1240.197
600295.SH,20031022,2.1295,2.1747,2.1171,2.1706,2.1253,0.045299999999999674,2.1315,3701.02,1934.91
600295.SH,20031021,2.1089,2.1336,2.0966,2.1253,2.113,0.0123000000000002,0.5821,1273.0,652.278
600295.SH,20031020,2.1377,2.1377,2.1007,2.113,2.1377,-0.024700000000000166,-1.1554,1396.2,718.648
600295.SH,20031017,2.1541,2.1541,2.1295,2.1377,2.1582,-0.02049999999999974,-0.9499,2151.8,1116.903
600295.SH,20031016,2.1788,2.1788,2.1459,2.1582,2.1788,-0.02059999999999995,-0.9455,1999.94,1048.015
600295.SH,20031015,2.1829,2.2158,2.1665,2.1788,2.1952,-0.01639999999999997,-0.7471,1587.14,844.555
600295.SH,20031014,2.2446,2.2446,2.1829,2.1952,2.2117,-0.01650000000000018,-0.746,1221.25,653.824
600295.SH,20031013,2.2446,2.2487,2.2035,2.2117,2.2322,-0.020500000000000185,-0.9184,1534.3,832.395
600295.SH,20031010,2.1788,2.2405,2.1582,2.2322,2.1829,0.04930000000000012,2.2585,3372.27,1811.731
600295.SH,20031009,2.1829,2.2158,2.1706,2.1829,2.1911,-0.008199999999999985,-0.3742,1303.0,694.263
600295.SH,20031008,2.1623,2.1993,2.1623,2.1911,2.1706,0.020500000000000185,0.9444,1198.58,635.317
600295.SH,20030930,2.1541,2.1788,2.1541,2.1706,2.1541,0.016499999999999737,0.766,2010.2,1058.303
600295.SH,20030929,2.1993,2.1993,2.1459,2.1541,2.1788,-0.024699999999999722,-1.1337,2732.02,1432.803
600295.SH,20030926,2.1788,2.2035,2.1623,2.1788,2.2076,-0.028799999999999937,-1.3046,2172.5,1149.15
600295.SH,20030925,2.2405,2.2405,2.1993,2.2076,2.2405,-0.03290000000000015,-1.4684,2094.99,1128.631
600295.SH,20030924,2.187,2.261,2.1788,2.2405,2.187,0.0535000000000001,2.4463,3769.5,2042.034
600295.SH,20030923,2.1747,2.1911,2.1582,2.187,2.1665,0.02049999999999974,0.9462,1781.0,942.525
600295.SH,20030922,2.1623,2.1911,2.1623,2.1665,2.1623,0.0041999999999999815,0.1942,1627.8,861.297
600295.SH,20030919,2.1541,2.1747,2.1418,2.1623,2.1582,0.004100000000000215,0.19,2897.0,1516.585
600295.SH,20030918,2.2035,2.2035,2.1418,2.1582,2.2117,-0.0535000000000001,-2.419,4425.54,2328.721
600295.SH,20030917,2.2816,2.2816,2.1952,2.2117,2.2816,-0.06990000000000007,-3.0636,4465.21,2407.239
600295.SH,20030916,2.2816,2.2816,2.2487,2.2816,2.2774,0.0041999999999999815,0.1844,3363.68,1850.341
600295.SH,20030915,2.3268,2.3432,2.2651,2.2774,2.3268,-0.04939999999999989,-2.1231,3419.9,1912.154
600295.SH,20030912,2.3638,2.3638,2.3227,2.3268,2.3802,-0.05339999999999989,-2.2435,5136.36,2927.494
600295.SH,20030911,2.372,2.3843,2.3679,2.3802,2.3802,0.0,0.0,1850.03,1070.373
600295.SH,20030910,2.3843,2.4008,2.3638,2.3802,2.3884,-0.008199999999999985,-0.3433,1526.99,884.071
600295.SH,20030909,2.4254,2.4254,2.3679,2.3884,2.3967,-0.008300000000000196,-0.3463,1997.0,1157.763
600295.SH,20030908,2.4049,2.409,2.3843,2.3967,2.4213,-0.024599999999999955,-1.016,1201.42,699.854
600295.SH,20030905,2.4378,2.4378,2.3761,2.4213,2.4378,-0.01650000000000018,-0.6768,3158.8,1847.101
600295.SH,20030904,2.4213,2.4501,2.4172,2.4378,2.4213,0.01650000000000018,0.6815,3335.0,1975.203
600295.SH,20030903,2.3884,2.4501,2.3761,2.4213,2.4172,0.004100000000000215,0.1696,3928.22,2304.17
600295.SH,20030902,2.4049,2.446,2.3967,2.4172,2.4254,-0.008199999999999985,-0.3381,3958.72,2325.755
600295.SH,20030901,2.4049,2.4337,2.3761,2.4254,2.4049,0.02049999999999974,0.8524,4656.12,2724.064
600295.SH,20030829,2.3884,2.409,2.3473,2.4049,2.4008,0.004100000000000215,0.1708,4026.65,2321.344
600295.SH,20030828,2.3926,2.4542,2.3843,2.4008,2.3967,0.0040999999999997705,0.1711,3006.98,1757.312
600295.SH,20030827,2.4378,2.4378,2.3926,2.3967,2.4296,-0.03290000000000015,-1.3541,4784.02,2812.316
600295.SH,20030826,2.4213,2.5405,2.4213,2.4296,2.4337,-0.0040999999999997705,-0.1685,2157.0,1280.647
600295.SH,20030825,2.4296,2.4501,2.4254,2.4337,2.4624,-0.02870000000000017,-1.1655,2806.78,1659.314
600295.SH,20030822,2.4501,2.4707,2.4254,2.4624,2.4542,0.008199999999999985,0.3341,2382.85,1420.686
600295.SH,20030821,2.4583,2.4624,2.4213,2.4542,2.4624,-0.008199999999999985,-0.333,2488.99,1476.133
600295.SH,20030820,2.5077,2.5077,2.446,2.4624,2.4953,-0.03289999999999971,-1.3185,2824.9,1692.102
600295.SH,20030819,2.4871,2.5077,2.4666,2.4953,2.4624,0.03289999999999971,1.3361,2373.0,1438.299
600295.SH,20030818,2.4583,2.4871,2.446,2.4624,2.4583,0.004100000000000215,0.1668,1715.01,1025.147
600295.SH,20030815,2.4994,2.4994,2.4501,2.4583,2.4912,-0.03290000000000015,-1.3206,5218.5,3125.88
600295.SH,20030814,2.5159,2.5364,2.4871,2.4912,2.5241,-0.03289999999999971,-1.3034,3039.0,1858.309
600295.SH,20030813,2.5611,2.5611,2.5118,2.5241,2.5405,-0.016400000000000414,-0.6455,3780.28,2314.255
600295.SH,20030812,2.5323,2.5652,2.5159,2.5405,2.5241,0.016400000000000414,0.6497,2534.56,1562.387
600295.SH,20030811,2.5241,2.557,2.5118,2.5241,2.5447,-0.020600000000000396,-0.8095,2171.36,1334.357
600295.SH,20030808,2.5693,2.5899,2.5364,2.5447,2.5734,-0.028699999999999726,-1.1153,2924.0,1815.214
600295.SH,20030807,2.5693,2.5899,2.5693,2.5734,2.5693,0.0040999999999997705,0.1596,2220.83,1392.694
600295.SH,20030806,2.5693,2.5817,2.5529,2.5693,2.5652,0.004100000000000215,0.1598,1842.5,1149.625
600295.SH,20030805,2.5817,2.594,2.5529,2.5652,2.5775,-0.0123000000000002,-0.4772,4018.01,2510.563
600295.SH,20030804,2.5693,2.5817,2.5077,2.5775,2.5693,0.008199999999999985,0.3192,5628.85,3488.057
600295.SH,20030801,2.5693,2.5734,2.5488,2.5693,2.5775,-0.008199999999999985,-0.3181,3759.18,2340.159
600295.SH,20030731,2.5817,2.5899,2.5611,2.5775,2.5817,-0.0041999999999999815,-0.1627,1734.0,1085.703
600295.SH,20030730,2.5858,2.5899,2.5652,2.5817,2.5858,-0.0040999999999997705,-0.1586,1615.58,1011.127
600295.SH,20030729,2.5734,2.594,2.5611,2.5858,2.5652,0.02059999999999995,0.8031,2926.5,1831.89
600295.SH,20030728,2.5693,2.5734,2.557,2.5652,2.5734,-0.008199999999999985,-0.3186,3459.0,2155.061
600295.SH,20030725,2.6063,2.631,2.5693,2.5734,2.6022,-0.028799999999999937,-1.1068,7426.48,4667.81
600295.SH,20030724,2.6104,2.6269,2.5981,2.6022,2.6392,-0.037000000000000366,-1.4019,2726.0,1728.303
600295.SH,20030723,2.631,2.6433,2.6104,2.6392,2.6269,0.0123000000000002,0.4682,2313.0,1478.401
600295.SH,20030722,2.631,2.6598,2.5899,2.6269,2.6063,0.02059999999999995,0.7904,4013.4,2555.717
600295.SH,20030721,2.6721,2.6721,2.5693,2.6063,2.6844,-0.07810000000000006,-2.9094,16626.9,10497.702
600295.SH,20030718,2.7831,2.7831,2.6721,2.6844,2.7831,-0.09870000000000001,-3.5464,7081.58,4680.872
600295.SH,20030717,2.7173,2.7995,2.7173,2.7831,2.7297,0.053400000000000336,1.9563,10600.0,7127.532
600295.SH,20030716,2.7255,2.7666,2.7132,2.7297,2.742,-0.0123000000000002,-0.4486,3896.6,2586.135
600295.SH,20030715,2.742,2.779,2.7173,2.742,2.7461,-0.004100000000000215,-0.1493,5998.58,4001.147
600295.SH,20030714,2.7749,2.7872,2.7379,2.7461,2.779,-0.03289999999999971,-1.1839,7281.12,4873.848
600295.SH,20030711,2.7009,2.8242,2.7009,2.779,2.6927,0.08630000000000004,3.205,27339.46,18456.848
600295.SH,20030710,2.5899,2.7338,2.5693,2.6927,2.5899,0.10279999999999978,3.9693,15128.34,9767.125
600295.SH,20030709,2.6228,2.6228,2.5858,2.5899,2.6145,-0.024599999999999955,-0.9409,4484.25,2831.556
600295.SH,20030708,2.631,2.631,2.5981,2.6145,2.6145,0.0,0.0,4997.64,3173.209
600295.SH,20030707,2.631,2.6351,2.5817,2.6145,2.6351,-0.02059999999999995,-0.7818,5318.98,3364.908
600295.SH,20030704,2.6598,2.6598,2.6228,2.6351,2.6598,-0.024700000000000166,-0.9286,3660.0,2346.68
600295.SH,20030703,2.6063,2.6598,2.5981,2.6598,2.6063,0.0535000000000001,2.0527,4351.51,2784.906
600295.SH,20030702,2.6104,2.631,2.5693,2.6063,2.6104,-0.0040999999999997705,-0.1571,9065.18,5708.894
600295.SH,20030701,2.6639,2.6927,2.5981,2.6104,2.6515,-0.041100000000000136,-1.5501,6258.42,4021.254
600295.SH,20030630,2.631,2.705,2.631,2.6515,2.6968,-0.04530000000000012,-1.6798,3958.4,2567.068
600295.SH,20030627,2.7543,2.7584,2.6844,2.6968,2.6927,0.004100000000000215,0.1523,4579.46,3024.77
600295.SH,20030626,2.7338,2.742,2.6721,2.6927,2.742,-0.04930000000000012,-1.798,6679.0,4395.089
600295.SH,20030625,2.7543,2.7666,2.7214,2.742,2.7543,-0.0123000000000002,-0.4466,3882.02,2589.83
600295.SH,20030624,2.7173,2.7543,2.7132,2.7543,2.7173,0.037000000000000366,1.3616,4556.24,3032.917
600295.SH,20030623,2.7708,2.7708,2.705,2.7173,2.779,-0.06170000000000009,-2.2202,8250.7,5480.801
600295.SH,20030620,2.8365,2.8365,2.7749,2.779,2.8365,-0.05750000000000011,-2.0271,10311.0,7006.723
600295.SH,20030619,2.9064,2.927,2.816,2.8365,2.9064,-0.06990000000000007,-2.405,13631.02,9447.1
600295.SH,20030618,2.9352,2.9516,2.8818,2.9064,2.9352,-0.028799999999999937,-0.9812,9061.57,6425.002
600295.SH,20030617,2.9229,2.964,2.9188,2.9352,2.9352,0.0,0.0,7300.57,5220.086
600295.SH,20030616,3.001,3.001,2.9188,2.9352,3.0174,-0.08219999999999983,-2.7242,9811.8,7026.311
600295.SH,20030613,3.0215,3.0339,2.9804,3.0174,3.0215,-0.004100000000000215,-0.1357,6058.2,4431.125
600295.SH,20030612,3.0267,3.063,3.0206,3.0227,3.0267,-0.0040000000000000036,-0.1322,20286.5,30569.49
600295.SH,20030611,3.0287,3.0368,3.0025,3.0267,3.0267,0.0,0.0,9757.61,14602.27
600295.SH,20030610,3.0106,3.0287,3.0045,3.0267,3.0065,0.020199999999999996,0.6719,6719.42,10042.624
600295.SH,20030609,2.9984,3.0368,2.9984,3.0065,2.9984,0.008099999999999774,0.2701,10204.57,15243.424
600295.SH,20030606,2.9763,3.0065,2.9561,2.9984,2.9823,0.016100000000000225,0.5399,9208.04,13551.103
600295.SH,20030605,3.0025,3.0146,2.9763,2.9823,3.0388,-0.05650000000000022,-1.8593,13877.31,20611.568
600295.SH,20030604,3.1094,3.1336,2.9763,3.0388,3.1074,-0.0686,-2.2076,56163.32,83920.323
600295.SH,20030603,3.1236,3.1982,3.0812,3.1074,3.1236,-0.016199999999999992,-0.5186,17462.61,27121.427
600295.SH,20030602,2.9964,3.2688,2.9702,3.1236,2.9742,0.14939999999999998,5.0232,48460.45,75514.55
600295.SH,20030530,2.9702,2.9964,2.9601,2.9742,2.9763,-0.0020999999999999908,-0.0706,8251.5,12168.323
600295.SH,20030529,2.944,2.9783,2.9258,2.9763,2.944,0.03230000000000022,1.0971,11795.46,17313.955
600295.SH,20030527,2.9662,2.9763,2.9218,2.944,2.9561,-0.012100000000000222,-0.4093,5373.41,7830.626
600295.SH,20030526,2.9177,2.9783,2.9177,2.9561,2.9137,0.042400000000000215,1.4552,9458.78,13851.091
600295.SH,20030523,2.8895,2.9157,2.8814,2.9137,2.8915,0.022199999999999775,0.7678,8163.53,11737.804
600295.SH,20030522,2.8976,2.8976,2.8592,2.8915,2.8976,-0.006099999999999994,-0.2105,2949.5,4208.94
600295.SH,20030521,2.8915,2.9218,2.8855,2.8976,2.9016,-0.0040000000000000036,-0.1379,4426.5,6374.429
600295.SH,20030520,2.9157,2.9157,2.8713,2.9016,2.9056,-0.0040000000000000036,-0.1377,4671.52,6679.205
600295.SH,20030519,2.8653,2.9258,2.8653,2.9056,2.8713,0.0343,1.1946,8788.12,12649.547
600295.SH,20030516,2.7967,2.8935,2.7967,2.8713,2.7866,0.08470000000000022,3.0395,10303.21,14650.408
600295.SH,20030515,2.7442,2.8209,2.7442,2.7866,2.7482,0.03839999999999977,1.3973,5495.53,7625.08
600295.SH,20030514,2.726,2.7563,2.7079,2.7482,2.726,0.02220000000000022,0.8144,4717.22,6392.978
600295.SH,20030513,2.8431,2.8451,2.7139,2.726,2.8431,-0.1171000000000002,-4.1187,9734.3,13299.547
600295.SH,20030512,2.8491,2.8733,2.8088,2.8431,2.8411,0.002000000000000224,0.0704,4279.13,6015.231
600295.SH,20030430,2.8411,2.8855,2.8047,2.8411,2.829,0.012099999999999778,0.4277,10853.62,15279.007
600295.SH,20030429,2.9379,2.942,2.8269,2.829,2.9258,-0.0968,-3.3085,11303.0,16046.633
600295.SH,20030428,2.9258,2.9763,2.8047,2.9258,2.8774,0.0484,1.6821,22972.79,32859.24
600295.SH,20030425,2.8532,2.9177,2.831,2.8774,2.8532,0.0242,0.8482,19928.58,28462.042
600295.SH,20030424,2.8592,2.8754,2.7644,2.8532,2.8653,-0.012099999999999778,-0.4223,14435.66,20254.584
600295.SH,20030423,2.8855,2.9036,2.8552,2.8653,2.8733,-0.008000000000000007,-0.2784,21400.48,30538.399
600295.SH,20030422,2.726,2.8754,2.726,2.8733,2.7442,0.12909999999999977,4.7045,33737.7,47498.869
600295.SH,20030421,2.7442,2.7846,2.7281,2.7442,2.7644,-0.020199999999999996,-0.7307,4422.3,6024.329
600295.SH,20030418,2.7805,2.7866,2.7523,2.7644,2.7765,-0.012099999999999778,-0.4358,4133.5,5662.101
600295.SH,20030417,2.7765,2.7947,2.7442,2.7765,2.7725,0.0040000000000000036,0.1443,5185.62,7090.986
600295.SH,20030416,2.8411,2.8653,2.7704,2.7725,2.835,-0.0625,-2.2046,8758.29,12186.484
600295.SH,20030415,2.8249,2.8451,2.7967,2.835,2.8047,0.030299999999999994,1.0803,7954.68,11117.931
600295.SH,20030414,2.7644,2.8148,2.724,2.8047,2.7583,0.046399999999999775,1.6822,11500.05,15870.314
600295.SH,20030411,2.7523,2.7704,2.7059,2.7583,2.7523,0.006000000000000227,0.218,6526.66,8878.737
600295.SH,20030410,2.6695,2.7563,2.6635,2.7523,2.6635,0.08879999999999999,3.334,11297.71,15261.663
600295.SH,20030409,2.5767,2.6776,2.5747,2.6635,2.5868,0.07669999999999977,2.9651,3971.56,5190.201
600295.SH,20030408,2.5828,2.6211,2.5787,2.5868,2.5888,-0.0019999999999997797,-0.0773,1075.45,1379.5
600295.SH,20030407,2.6009,2.6009,2.5828,2.5888,2.6009,-0.012100000000000222,-0.4652,1840.0,2360.101
600295.SH,20030404,2.5989,2.611,2.5989,2.6009,2.603,-0.0020999999999999908,-0.0807,935.35,1206.466
600295.SH,20030403,2.6131,2.6131,2.6009,2.603,2.6171,-0.014100000000000001,-0.5388,1427.45,1843.642
600295.SH,20030402,2.6393,2.6393,2.611,2.6171,2.6373,-0.020199999999999996,-0.7659,2001.82,2602.505
600295.SH,20030401,2.6272,2.6534,2.6272,2.6373,2.6373,0.0,0.0,1122.63,1468.375
600295.SH,20030331,2.607,2.6554,2.605,2.6373,2.6494,-0.012099999999999778,-0.4567,996.3,1301.512
600295.SH,20030328,2.6837,2.6837,2.6453,2.6494,2.6635,-0.014100000000000001,-0.5294,1768.5,2331.634
600295.SH,20030327,2.603,2.6837,2.5969,2.6635,2.611,0.05249999999999977,2.0107,1858.47,2426.896
600295.SH,20030326,2.605,2.611,2.6009,2.611,2.605,0.006000000000000227,0.2303,876.67,1131.677
600295.SH,20030325,2.5828,2.6211,2.5828,2.605,2.611,-0.006000000000000227,-0.2298,1431.5,1848.458
600295.SH,20030324,2.6009,2.6131,2.6009,2.611,2.603,0.008000000000000007,0.3073,1094.25,1413.731
600295.SH,20030321,2.5727,2.6151,2.5687,2.603,2.5687,0.0343,1.3353,1043.0,1343.764
600295.SH,20030320,2.5747,2.5828,2.5646,2.5687,2.5727,-0.0040000000000000036,-0.1555,1125.95,1434.967
600295.SH,20030319,2.5646,2.5828,2.5646,2.5727,2.5909,-0.018199999999999772,-0.7025,1753.75,2234.247
600295.SH,20030318,2.5929,2.6272,2.5848,2.5909,2.607,-0.016100000000000225,-0.6176,1876.26,2419.906
600295.SH,20030317,2.6554,2.6554,2.603,2.607,2.6453,-0.0383,-1.4479,2422.05,3139.742
600295.SH,20030314,2.6474,2.6534,2.6312,2.6453,2.6514,-0.006099999999999994,-0.2301,1418.0,1855.084
600295.SH,20030313,2.6655,2.6655,2.6453,2.6514,2.6796,-0.028200000000000003,-1.0524,1475.94,1943.439
600295.SH,20030312,2.6332,2.6837,2.6252,2.6796,2.6272,0.0524,1.9945,1421.34,1866.621
600295.SH,20030311,2.6191,2.6332,2.6191,2.6272,2.6272,0.0,0.0,1637.47,2133.0
600295.SH,20030310,2.6635,2.6675,2.6252,2.6272,2.6635,-0.03629999999999978,-1.3629,3071.0,4025.27
600295.SH,20030307,2.6514,2.6796,2.6494,2.6635,2.6514,0.012099999999999778,0.4564,2607.28,3443.593
600295.SH,20030306,2.6938,2.6998,2.6453,2.6514,2.6978,-0.046399999999999775,-1.7199,5118.5,6750.249
600295.SH,20030305,2.72,2.72,2.6938,2.6978,2.7139,-0.016100000000000225,-0.5932,3449.49,4614.32
600295.SH,20030304,2.7442,2.7503,2.7059,2.7139,2.7402,-0.02629999999999999,-0.9598,3721.03,5015.75
600295.SH,20030303,2.72,2.7482,2.7039,2.7402,2.72,0.020199999999999996,0.7426,6770.96,9144.311
600295.SH,20030228,2.7785,2.7906,2.6595,2.72,2.7967,-0.07669999999999977,-2.7425,21915.48,29484.499
600295.SH,20030227,2.9198,2.952,2.7704,2.7967,2.9662,-0.1695000000000002,-5.7144,66837.09,93236.595
600295.SH,20030226,2.9238,2.9742,2.8633,2.9662,2.9379,0.028300000000000214,0.9633,24194.63,34898.736
600295.SH,20030225,2.8007,2.95,2.8007,2.9379,2.7967,0.1412,5.0488,25825.32,37420.588
600295.SH,20030224,2.7563,2.8068,2.7503,2.7967,2.7947,0.0019999999999997797,0.0716,1999.89,2767.172
600295.SH,20030221,2.8249,2.8249,2.7906,2.7947,2.8552,-0.060499999999999776,-2.1189,2780.0,3870.625
600295.SH,20030220,2.8471,2.8955,2.8471,2.8552,2.8794,-0.0242,-0.8405,1835.98,2609.734
600295.SH,20030219,2.8168,2.8834,2.8148,2.8794,2.8249,0.05449999999999999,1.9293,1856.65,2624.514
600295.SH,20030218,2.831,2.8552,2.8209,2.8249,2.8592,-0.0343,-1.1996,874.0,1224.716
600295.SH,20030217,2.831,2.8612,2.8068,2.8592,2.831,0.028200000000000003,0.9961,2974.42,4179.297
600295.SH,20030214,3.0126,3.0126,2.8229,2.831,2.8269,0.0040999999999997705,0.145,8069.2,11459.237
600295.SH,20030213,2.8451,2.8471,2.8249,2.8269,2.8249,0.002000000000000224,0.0708,1555.45,2180.862
600295.SH,20030212,3.0267,3.0267,2.8068,2.8249,2.8592,-0.0343,-1.1996,5959.6,8424.756
600295.SH,20030211,2.8249,2.8633,2.7846,2.8592,2.8209,0.0383,1.3577,3196.24,4485.654
600295.SH,20030210,2.7805,2.8229,2.7281,2.8209,2.7846,0.03629999999999978,1.3036,2108.71,2904.903
600295.SH,20030129,2.8047,2.8148,2.7825,2.7846,2.8047,-0.020099999999999785,-0.7167,1349.9,1869.671
600295.SH,20030128,2.8047,2.8209,2.7947,2.8047,2.8088,-0.004100000000000215,-0.146,985.5,1369.69
600295.SH,20030127,2.8229,2.8229,2.7846,2.8088,2.8148,-0.005999999999999783,-0.2132,1237.19,1721.998
600295.SH,20030124,2.7603,2.8189,2.7321,2.8148,2.7644,0.05039999999999978,1.8232,2497.51,3440.172
600295.SH,20030123,2.7301,2.7664,2.7301,2.7644,2.7503,0.014100000000000001,0.5127,3661.34,4984.499
600295.SH,20030122,2.7039,2.7947,2.7018,2.7503,2.7361,0.014200000000000212,0.519,3023.56,4126.536
600295.SH,20030121,2.835,2.837,2.7341,2.7361,2.837,-0.10090000000000021,-3.5566,4128.0,5678.329
600295.SH,20030120,2.8471,2.8612,2.8068,2.837,2.8915,-0.05449999999999999,-1.8848,3548.71,4982.6
600295.SH,20030117,2.7543,2.8976,2.7543,2.8915,2.7825,0.10899999999999999,3.9173,19102.95,26879.275
600295.SH,20030116,2.6776,2.9379,2.6494,2.7825,2.6776,0.10490000000000022,3.9177,16836.18,23034.306
600295.SH,20030115,2.6413,2.7139,2.6393,2.6776,2.718,-0.04039999999999999,-1.4864,7824.15,10380.945
600295.SH,20030114,2.6131,2.7301,2.5586,2.718,2.5666,0.15139999999999976,5.8989,10794.25,14148.93
600295.SH,20030113,2.498,2.5868,2.4839,2.5666,2.498,0.0686,2.7462,10252.61,13000.678
600295.SH,20030110,2.5001,2.5424,2.4819,2.498,2.4859,0.012100000000000222,0.4867,4317.5,5368.872
600295.SH,20030109,2.4597,2.4859,2.4436,2.4859,2.4456,0.04029999999999978,1.6479,2830.02,3459.174
600295.SH,20030108,2.3871,2.4516,2.3871,2.4456,2.3871,0.058499999999999996,2.4507,819.0,982.599
600295.SH,20030107,2.3931,2.4335,2.383,2.3871,2.4133,-0.02619999999999978,-1.0857,915.0,1087.641
600295.SH,20030106,2.3689,2.4153,2.3689,2.4133,2.3911,0.02220000000000022,0.9284,774.0,916.844
600295.SH,20030103,2.4214,2.4214,2.3427,2.3911,2.3911,0.0,0.0,960.7,1135.461
600295.SH,20030102,2.4819,2.4819,2.3649,2.3911,2.5323,-0.14120000000000044,-5.576,2523.7,3027.098
600295.SH,20021231,2.4779,2.5566,2.4718,2.5323,2.5424,-0.010099999999999998,-0.3973,4315.0,5366.507
600295.SH,20021230,2.5444,2.5707,2.492,2.5424,2.5666,-0.0242,-0.9429,7885.69,9903.036
600295.SH,20021227,2.4436,2.5727,2.4214,2.5666,2.4617,0.10490000000000022,4.2613,8998.07,11248.463
600295.SH,20021226,2.4658,2.5182,2.4617,2.4617,2.49,-0.028300000000000214,-1.1365,7571.91,9336.01
600295.SH,20021225,2.5142,2.5303,2.4839,2.49,2.5283,-0.0383,-1.5149,1517.5,1883.897
600295.SH,20021224,2.4678,2.5465,2.4678,2.5283,2.4839,0.044399999999999995,1.7875,5367.9,6694.569
600295.SH,20021223,2.4476,2.496,2.4456,2.4839,2.4617,0.02220000000000022,0.9018,5084.44,6257.534
600295.SH,20021220,2.4173,2.4819,2.4012,2.4617,2.4113,0.05039999999999978,2.0902,3944.0,4815.286
600295.SH,20021219,2.4214,2.4415,2.4012,2.4113,2.4274,-0.01609999999999978,-0.6633,652.0,781.701
600295.SH,20021218,2.4436,2.4436,2.4133,2.4274,2.4254,0.002000000000000224,0.0825,1211.5,1456.062
600295.SH,20021217,2.4335,2.4637,2.4173,2.4254,2.3951,0.030299999999999994,1.2651,2073.13,2502.04
600295.SH,20021216,2.3931,2.4415,2.379,2.3951,2.3951,0.0,0.0,6339.13,7583.36
600295.SH,20021213,2.381,2.4032,2.3406,2.3951,2.381,0.014100000000000001,0.5922,687.19,805.821
600295.SH,20021212,2.3649,2.4052,2.3649,2.381,2.3649,0.01609999999999978,0.6808,578.0,682.176
600295.SH,20021211,2.377,2.3992,2.3568,2.3649,2.383,-0.018100000000000005,-0.7595,853.76,1000.734
600295.SH,20021210,2.4415,2.4415,2.383,2.383,2.4214,-0.03840000000000021,-1.5859,472.0,562.432
600295.SH,20021209,2.4879,2.4879,2.4153,2.4214,2.4294,-0.007999999999999563,-0.3293,608.7,733.051
600295.SH,20021206,2.4314,2.4557,2.4133,2.4294,2.4476,-0.018200000000000216,-0.7436,735.9,887.655
600295.SH,20021205,2.4617,2.4678,2.4214,2.4476,2.4779,-0.030299999999999994,-1.2228,1099.6,1333.253
600295.SH,20021204,2.4274,2.5142,2.4012,2.4779,2.4173,0.06059999999999999,2.5069,7700.8,9419.233
600295.SH,20021203,2.4012,2.4173,2.381,2.4173,2.3951,0.02220000000000022,0.9269,544.5,647.592
600295.SH,20021202,2.4718,2.4718,2.3911,2.3951,2.4718,-0.07670000000000021,-3.103,1045.5,1253.855
600295.SH,20021129,2.4415,2.496,2.4254,2.4718,2.4476,0.0242,0.9887,2799.51,3421.419
600295.SH,20021128,2.4072,2.4496,2.3709,2.4476,2.4153,0.03230000000000022,1.3373,1829.3,2190.892
600295.SH,20021127,2.4133,2.4274,2.3406,2.4153,2.4254,-0.010099999999999998,-0.4164,2133.61,2516.901
600295.SH,20021126,2.4214,2.4516,2.3406,2.4254,2.4254,0.0,0.0,2428.34,2887.876
600295.SH,20021125,2.4617,2.4718,2.4214,2.4254,2.4658,-0.040400000000000436,-1.6384,1499.0,1808.957
600295.SH,20021122,2.4617,2.5222,2.4254,2.4658,2.4577,0.008100000000000218,0.3296,1879.46,2290.744
600295.SH,20021121,2.4819,2.4819,2.4415,2.4577,2.5021,-0.044399999999999995,-1.7745,2608.28,3172.4
600295.SH,20021120,2.5424,2.5424,2.5021,2.5021,2.5465,-0.044399999999999995,-1.7436,2272.81,2834.525
600295.SH,20021119,2.5222,2.5586,2.4879,2.5465,2.498,0.048499999999999766,1.9416,2065.2,2577.882
600295.SH,20021118,2.4819,2.5041,2.4516,2.498,2.4758,0.02220000000000022,0.8967,2354.54,2892.105
600295.SH,20021115,2.498,2.5122,2.4658,2.4758,2.5021,-0.02629999999999999,-1.0511,2768.92,3409.384
600295.SH,20021114,2.5566,2.5566,2.5021,2.5021,2.5666,-0.06450000000000022,-2.5131,1295.0,1621.045
600295.SH,20021113,2.5666,2.5727,2.5182,2.5666,2.5747,-0.008099999999999774,-0.3146,2051.26,2577.724
600295.SH,20021112,2.6413,2.6635,2.5727,2.5747,2.6373,-0.06260000000000021,-2.3736,2710.87,3485.802
600295.SH,20021111,2.6796,2.7099,2.6211,2.6373,2.6796,-0.042300000000000004,-1.5786,1625.0,2129.471
600295.SH,20021108,2.7543,2.7825,2.6756,2.6796,2.726,-0.046399999999999775,-1.7021,1804.5,2428.287
600295.SH,20021107,2.7644,2.7644,2.7039,2.726,2.7644,-0.03840000000000021,-1.3891,1263.5,1716.921
600295.SH,20021106,2.7684,2.7866,2.7563,2.7644,2.7664,-0.0019999999999997797,-0.0723,1035.17,1420.001
600295.SH,20021105,2.7442,2.8027,2.7442,2.7664,2.7583,0.008099999999999774,0.2937,3049.0,4187.707
600295.SH,20021104,2.724,2.7684,2.724,2.7583,2.726,0.03230000000000022,1.1849,805.2,1092.989
600295.SH,20021101,2.7442,2.7482,2.724,2.726,2.7462,-0.020199999999999996,-0.7356,417.5,565.496
600295.SH,20021031,2.7341,2.7745,2.7341,2.7462,2.7563,-0.010099999999999998,-0.3664,397.0,540.878
600295.SH,20021030,2.7281,2.7765,2.724,2.7563,2.7947,-0.03840000000000021,-1.374,376.0,512.449
600295.SH,20021029,2.7644,2.8148,2.722,2.7947,2.7765,0.018200000000000216,0.6555,2001.72,2739.287
600295.SH,20021028,2.7846,2.7926,2.7684,2.7765,2.8047,-0.028200000000000003,-1.0055,1138.0,1568.275
600295.SH,20021025,2.835,2.835,2.8027,2.8047,2.839,-0.0343,-1.2082,637.0,886.789
600295.SH,20021024,2.8088,2.8612,2.7805,2.839,2.8088,0.030199999999999783,1.0752,3512.49,4904.424
600295.SH,20021023,2.8249,2.8249,2.8007,2.8088,2.8431,-0.0343,-1.2064,447.23,622.551
600295.SH,20021022,2.8189,2.8532,2.7987,2.8431,2.8229,0.020199999999999996,0.7156,1111.01,1556.142
600295.SH,20021021,2.8249,2.835,2.7886,2.8229,2.831,-0.008099999999999774,-0.2861,1091.1,1519.558
600295.SH,20021018,2.8249,2.833,2.7846,2.831,2.8431,-0.012100000000000222,-0.4256,1315.47,1834.615
600295.SH,20021017,2.8269,2.8451,2.8047,2.8431,2.8451,-0.0019999999999997797,-0.0703,1090.19,1529.655
600295.SH,20021016,2.9056,2.9177,2.8451,2.8451,2.835,0.010099999999999998,0.3563,512.99,726.706
600295.SH,20021015,2.829,2.8552,2.8148,2.835,2.8693,-0.0343,-1.1954,623.63,874.906
600295.SH,20021014,2.7947,2.8693,2.7846,2.8693,2.8249,0.044399999999999995,1.5717,2030.84,2847.765
600295.SH,20021011,2.8552,2.8592,2.8047,2.8249,2.8612,-0.03630000000000022,-1.2687,1075.0,1504.555
600295.SH,20021010,2.8269,2.8754,2.7967,2.8612,2.8633,-0.0020999999999999908,-0.0733,3221.62,4533.757
600295.SH,20021009,2.8754,2.8754,2.7805,2.8633,2.8794,-0.01609999999999978,-0.5591,5048.07,7096.56
600295.SH,20021008,2.9036,2.9056,2.8653,2.8794,2.9218,-0.042400000000000215,-1.4512,873.55,1246.191
600295.SH,20020927,2.9157,2.9258,2.8915,2.9218,2.9258,-0.0040000000000000036,-0.1367,1195.56,1725.177
600295.SH,20020926,2.9157,2.9258,2.8935,2.9258,2.9278,-0.0019999999999997797,-0.0683,1360.6,1962.491
600295.SH,20020925,2.9157,2.9298,2.8834,2.9278,2.9177,0.010099999999999998,0.3462,1164.87,1680.374
600295.SH,20020924,2.8996,2.9278,2.8754,2.9177,2.9097,0.008000000000000007,0.2749,2642.18,3808.736
600295.SH,20020923,2.9238,2.9319,2.9056,2.9097,2.9319,-0.02220000000000022,-0.7572,661.95,957.328
600295.SH,20020920,2.9278,2.9339,2.8976,2.9319,2.9298,0.0020999999999999908,0.0717,1217.0,1761.138
600295.SH,20020919,2.9097,2.948,2.8733,2.9298,2.9198,0.010000000000000231,0.3425,2505.0,3631.307
600295.SH,20020918,2.8653,2.9258,2.8653,2.9198,2.8794,0.04039999999999999,1.4031,2682.2,3863.617
600295.SH,20020917,2.9056,2.9157,2.8693,2.8794,2.9097,-0.030299999999999994,-1.0413,1058.0,1508.731
600295.SH,20020916,2.8855,2.9258,2.8653,2.9097,2.8955,0.014199999999999768,0.4904,1751.52,2508.978
600295.SH,20020913,2.8754,2.9177,2.8754,2.8955,2.9198,-0.024299999999999766,-0.8322,307.15,441.935
600295.SH,20020912,2.9238,2.9379,2.9056,2.9198,2.9319,-0.012100000000000222,-0.4127,703.3,1018.576
600295.SH,20020911,2.8814,2.9359,2.8693,2.9319,2.9137,0.018200000000000216,0.6246,1334.1,1920.841
600295.SH,20020910,2.9056,2.9218,2.8653,2.9137,2.9117,0.0019999999999997797,0.0687,1192.94,1713.837
600295.SH,20020909,2.9218,2.9218,2.8673,2.9117,2.9238,-0.012099999999999778,-0.4138,1205.7,1722.999
600295.SH,20020906,2.8955,2.9258,2.8814,2.9238,2.9056,0.018199999999999772,0.6264,2058.59,2968.673
600295.SH,20020905,2.9056,2.9258,2.8915,2.9056,2.9238,-0.018199999999999772,-0.6225,1774.96,2558.801
600295.SH,20020904,2.946,2.946,2.9157,2.9238,2.952,-0.028200000000000003,-0.9553,523.0,758.524
600295.SH,20020903,2.9258,2.9601,2.9258,2.952,2.9298,0.022199999999999775,0.7577,3252.09,4742.366
600295.SH,20020902,2.9076,2.9359,2.9036,2.9298,2.9218,0.008000000000000007,0.2738,1082.5,1567.54
600295.SH,20020830,2.9097,2.9258,2.9036,2.9218,2.9056,0.016199999999999992,0.5575,1398.99,2026.339
600295.SH,20020829,2.9278,2.9278,2.9056,2.9056,2.9258,-0.020199999999999996,-0.6904,1858.5,2682.726
600295.SH,20020828,2.942,2.942,2.9157,2.9258,2.9238,0.002000000000000224,0.0684,8094.0,11744.296
600295.SH,20020827,2.9157,2.946,2.9076,2.9238,2.9218,0.0019999999999997797,0.0685,1216.19,1766.874
600295.SH,20020826,2.9379,2.9379,2.9097,2.9218,2.9399,-0.018100000000000005,-0.6157,1182.5,1711.886
600295.SH,20020823,2.9258,2.946,2.9056,2.9399,2.9258,0.014100000000000001,0.4819,2828.57,4115.385
600295.SH,20020822,2.8814,2.944,2.8814,2.9258,2.9278,-0.0019999999999997797,-0.0683,3318.85,4806.409
600295.SH,20020821,2.9238,2.9278,2.8673,2.9278,2.9097,0.018100000000000005,0.6221,1930.42,2791.251
600295.SH,20020820,2.8552,2.9117,2.8552,2.9097,2.8592,0.05049999999999999,1.7662,1974.76,2835.764
600295.SH,20020819,2.8572,2.8653,2.8471,2.8592,2.8693,-0.010099999999999998,-0.352,838.73,1188.18
600295.SH,20020816,2.8552,2.8895,2.8552,2.8693,2.8592,0.010099999999999998,0.3532,840.75,1193.281
600295.SH,20020815,2.8612,2.8733,2.8572,2.8592,2.8733,-0.014100000000000001,-0.4907,453.5,643.826
600295.SH,20020814,2.8512,2.8774,2.8512,2.8733,2.8653,0.008000000000000007,0.2792,367.3,521.985
600295.SH,20020813,2.8572,2.8754,2.8552,2.8653,2.8633,0.0019999999999997797,0.0698,546.77,775.993
600295.SH,20020812,2.8572,2.8754,2.8552,2.8633,2.8955,-0.032200000000000006,-1.1121,898.9,1274.924
600295.SH,20020809,2.9056,2.9056,2.8612,2.8955,2.9076,-0.012099999999999778,-0.4162,3406.09,4858.982
600295.SH,20020808,2.8935,2.9359,2.8935,2.9076,2.9157,-0.008100000000000218,-0.2778,1975.0,2851.918
600295.SH,20020807,2.9177,2.9319,2.8955,2.9157,2.9198,-0.0040999999999997705,-0.1404,1371.5,1981.508
600295.SH,20020806,2.9117,2.9319,2.9097,2.9198,2.9117,0.008099999999999774,0.2782,1447.0,2093.432
600295.SH,20020805,2.9359,2.9359,2.9097,2.9117,2.9359,-0.0242,-0.8243,842.5,1217.142
600295.SH,20020802,2.9298,2.946,2.9258,2.9359,2.9298,0.006099999999999994,0.2082,1754.91,2552.077
600295.SH,20020801,2.9056,2.944,2.9056,2.9298,2.9258,0.0040000000000000036,0.1367,1924.88,2789.935
600295.SH,20020731,2.944,2.944,2.9218,2.9258,2.946,-0.020199999999999996,-0.6857,1790.02,2600.077
600295.SH,20020730,2.9359,2.946,2.9218,2.946,2.9218,0.0242,0.8283,1640.28,2383.303
600295.SH,20020729,2.9137,2.9218,2.8996,2.9218,2.9198,0.002000000000000224,0.0685,1926.49,2778.485
600295.SH,20020726,2.9218,2.946,2.9177,2.9198,2.9218,-0.002000000000000224,-0.0685,2395.0,3477.033
600295.SH,20020725,2.9056,2.9258,2.8976,2.9218,2.9097,0.012100000000000222,0.4159,2729.26,3939.513
600295.SH,20020724,2.8955,2.9238,2.8955,2.9097,2.8915,0.018199999999999772,0.6294,2665.62,3843.731
600295.SH,20020723,2.8855,2.9056,2.8855,2.8915,2.8955,-0.0040000000000000036,-0.1381,1806.73,2593.289
600295.SH,20020722,2.9198,2.9198,2.8653,2.8955,2.9117,-0.016199999999999992,-0.5564,2134.81,3064.813
600295.SH,20020719,2.8855,2.9117,2.8814,2.9117,2.8976,0.014100000000000001,0.4866,1470.43,2114.042
600295.SH,20020718,2.8875,2.9177,2.8875,2.8976,2.8955,0.0020999999999999908,0.0725,1669.0,2406.58
600295.SH,20020717,2.8653,2.8955,2.8633,2.8955,2.8633,0.032200000000000006,1.1246,1053.0,1500.052
600295.SH,20020716,2.8653,2.8935,2.8633,2.8633,2.8653,-0.0019999999999997797,-0.0698,950.0,1352.083
600295.SH,20020715,2.8713,2.8754,2.8512,2.8653,2.8713,-0.006000000000000227,-0.209,1716.62,2434.653
600295.SH,20020712,2.8693,2.8754,2.8512,2.8713,2.8693,0.002000000000000224,0.0697,1614.3,2292.557
600295.SH,20020711,2.8855,2.8915,2.8471,2.8693,2.8895,-0.020199999999999996,-0.6991,2949.42,4191.319
600295.SH,20020710,2.944,2.944,2.8855,2.8895,2.942,-0.05250000000000021,-1.7845,3076.84,4424.215
600295.SH,20020709,2.948,2.9601,2.9319,2.942,2.952,-0.009999999999999787,-0.3388,1659.99,2418.905
600295.SH,20020708,2.9379,2.9561,2.9218,2.952,2.9379,0.014100000000000001,0.4799,3484.52,5068.243
600295.SH,20020705,2.9258,2.95,2.9137,2.9379,2.9298,0.008099999999999774,0.2765,1496.4,2169.934
600295.SH,20020704,2.9581,2.9581,2.9298,2.9298,2.944,-0.014199999999999768,-0.4823,2390.0,3486.254
600295.SH,20020703,2.9298,2.9641,2.9278,2.944,2.9157,0.02829999999999977,0.9706,2928.2,4270.971
600295.SH,20020702,2.9157,2.9258,2.8996,2.9157,2.9177,-0.0019999999999997797,-0.0685,3264.69,4705.33
600295.SH,20020701,2.9319,2.9581,2.9157,2.9177,2.9319,-0.014200000000000212,-0.4843,3043.61,4419.849
600295.SH,20020628,2.9258,2.9742,2.8976,2.9319,2.9641,-0.032200000000000006,-1.0863,9882.88,14326.382
600295.SH,20020627,2.9964,3.0166,2.95,2.9641,2.9964,-0.03229999999999977,-1.078,4919.4,7250.773
600295.SH,20020626,2.9863,3.0085,2.948,2.9964,2.9984,-0.002000000000000224,-0.0667,6002.68,8850.998
600295.SH,20020625,3.0671,3.1155,2.9924,2.9984,3.1114,-0.11299999999999999,-3.6318,22568.72,34428.476
600295.SH,20020624,3.1155,3.1155,2.948,3.1114,2.833,0.2784,9.827,35759.61,54375.965
600295.SH,20020621,2.7947,2.8471,2.7846,2.833,2.7785,0.05449999999999999,1.9615,4470.51,6260.322
600295.SH,20020620,2.7482,2.7846,2.7482,2.7785,2.7503,0.028200000000000003,1.0253,1722.5,2364.284
600295.SH,20020619,2.7462,2.7583,2.7462,2.7503,2.7644,-0.014100000000000001,-0.5101,772.0,1052.298
600295.SH,20020618,2.7503,2.7825,2.7462,2.7644,2.724,0.04039999999999999,1.4831,1210.68,1659.218
600295.SH,20020617,2.6837,2.7422,2.6837,2.724,2.722,0.002000000000000224,0.0735,1071.68,1444.179
600295.SH,20020614,2.722,2.7281,2.6998,2.722,2.7361,-0.014100000000000001,-0.5153,1103.79,1487.077
600295.SH,20020613,2.7805,2.7805,2.7321,2.7361,2.7644,-0.028300000000000214,-1.0237,1085.5,1477.548
600295.SH,20020612,2.7825,2.7825,2.724,2.7644,2.7462,0.018200000000000216,0.6627,1359.19,1856.623
600295.SH,20020611,2.7452,2.7551,2.7175,2.7452,2.7373,0.00790000000000024,0.2886,1537.0,2125.755
600295.SH,20020610,2.7215,2.7551,2.7115,2.7373,2.7413,-0.0040000000000000036,-0.1459,1263.5,1740.468
600295.SH,20020607,2.7512,2.775,2.7056,2.7413,2.7215,0.01980000000000004,0.7275,2458.94,3405.756
600295.SH,20020606,2.6362,2.7532,2.6342,2.7215,2.6362,0.08529999999999971,3.2357,2345.38,3186.788
600295.SH,20020605,2.6996,2.6996,2.6342,2.6362,2.6778,-0.04159999999999986,-1.5535,1103.4,1470.812
600295.SH,20020604,2.6521,2.6917,2.6521,2.6778,2.6501,0.027699999999999836,1.0452,1480.7,1995.605
600295.SH,20020603,2.6422,2.6759,2.6323,2.6501,2.6897,-0.03960000000000008,-1.4723,2054.6,2750.07
600295.SH,20020531,2.6858,2.7076,2.6858,2.6897,2.6858,0.0039000000000002366,0.1452,1263.77,1717.277
600295.SH,20020530,2.6957,2.7036,2.6362,2.6858,2.7056,-0.01980000000000004,-0.7318,2035.25,2741.197
600295.SH,20020529,2.7373,2.7393,2.6858,2.7056,2.767,-0.0613999999999999,-2.219,1463.5,2000.079
600295.SH,20020528,2.7948,2.8126,2.7551,2.767,2.7532,0.013799999999999812,0.5012,882.0,1234.804
600295.SH,20020527,2.8146,2.8245,2.7195,2.7532,2.7175,0.03570000000000029,1.3137,901.01,1253.555
600295.SH,20020524,2.7452,2.7512,2.7076,2.7175,2.7373,-0.01980000000000004,-0.7233,1235.32,1695.411
600295.SH,20020523,2.7651,2.8047,2.7155,2.7373,2.7532,-0.015900000000000247,-0.5775,2916.52,4033.59
600295.SH,20020522,2.8047,2.8067,2.7512,2.7532,2.8047,-0.05149999999999988,-1.8362,1999.5,2795.69
600295.SH,20020521,2.775,2.8344,2.7512,2.8047,2.7056,0.09909999999999997,3.6628,4172.78,5864.9
600295.SH,20020520,2.773,2.773,2.6818,2.7056,2.775,-0.0693999999999999,-2.5009,2295.0,3131.492
600295.SH,20020517,2.7591,2.8047,2.7333,2.775,2.7551,0.019899999999999807,0.7223,2305.22,3208.685
600295.SH,20020516,2.8364,2.8364,2.7551,2.7551,2.8483,-0.09319999999999995,-3.2721,4329.0,6083.888
600295.SH,20020515,2.8543,2.8741,2.8364,2.8483,2.8602,-0.0118999999999998,-0.4161,1696.7,2441.203
600295.SH,20020514,2.8761,2.9078,2.8443,2.8602,2.888,-0.027800000000000047,-0.9626,1325.0,1919.644
600295.SH,20020513,2.9534,2.9534,2.8344,2.888,2.9613,-0.07330000000000014,-2.4753,2638.5,3846.689
600295.SH,20020509,2.9851,3.0029,2.9613,2.9613,2.989,-0.027699999999999836,-0.9267,1633.5,2453.385
600295.SH,20020508,3.0128,3.0148,2.9633,2.989,3.0108,-0.021800000000000264,-0.7241,2175.59,3279.606
600295.SH,20020430,3.0049,3.0148,2.9752,3.0108,3.0128,-0.0019999999999997797,-0.0664,5033.57,7605.33
600295.SH,20020429,2.9732,3.0287,2.9573,3.0128,2.9573,0.05549999999999988,1.8767,4442.93,6735.0
600295.SH,20020426,2.9038,2.9633,2.9038,2.9573,2.9137,0.04360000000000008,1.4964,2609.9,3869.516
600295.SH,20020425,2.9216,2.9216,2.8939,2.9137,2.9137,0.0,0.0,1218.59,1788.026
600295.SH,20020424,2.9633,2.9633,2.8741,2.9137,2.9553,-0.04159999999999986,-1.4076,1915.49,2824.193
600295.SH,20020423,2.9633,2.9692,2.9435,2.9553,2.9573,-0.002000000000000224,-0.0676,2735.45,4083.189
600295.SH,20020422,2.9177,2.9791,2.9038,2.9573,2.9157,0.04159999999999986,1.4268,5594.88,8329.006
600295.SH,20020419,2.886,2.9177,2.8562,2.9157,2.8959,0.01980000000000004,0.6837,5271.06,7689.163
600295.SH,20020418,2.8761,2.9216,2.8543,2.8959,2.8761,0.01980000000000004,0.6884,3113.1,4543.278
600295.SH,20020417,2.8503,2.9137,2.8344,2.8761,2.8582,0.017900000000000027,0.6263,1171.13,1693.778
600295.SH,20020416,2.8939,2.8939,2.8543,2.8582,2.8622,-0.0040000000000000036,-0.1398,1478.64,2134.538
600295.SH,20020415,2.878,2.9038,2.8503,2.8622,2.8899,-0.027699999999999836,-0.9585,1807.54,2614.275
600295.SH,20020412,2.882,2.9296,2.8701,2.8899,2.882,0.007899999999999796,0.2741,1776.17,2591.246
600295.SH,20020411,2.9435,2.9573,2.88,2.882,2.9435,-0.061499999999999666,-2.0893,2439.0,3589.606
600295.SH,20020410,2.9296,2.9534,2.9137,2.9435,2.9296,0.01389999999999958,0.4745,2428.11,3589.542
600295.SH,20020409,2.8543,2.9395,2.8543,2.9296,2.8582,0.07140000000000013,2.4981,3221.72,4725.799
600295.SH,20020408,2.8741,2.8979,2.8503,2.8582,2.888,-0.029799999999999827,-1.0319,2622.0,3794.722
600295.SH,20020405,2.9197,2.9335,2.878,2.888,2.9018,-0.013800000000000257,-0.4756,2154.44,3157.286
600295.SH,20020404,2.7948,2.9038,2.7928,2.9018,2.8245,0.07730000000000015,2.7368,2645.08,3806.847
600295.SH,20020403,2.8364,2.8523,2.8047,2.8245,2.8146,0.00990000000000002,0.3517,2143.99,3059.178
600295.SH,20020402,2.8959,2.8959,2.7988,2.8146,2.8899,-0.07529999999999992,-2.6056,3349.98,4795.379
600295.SH,20020401,2.8761,2.9316,2.8543,2.8899,2.882,0.007899999999999796,0.2741,2785.43,4052.137
600295.SH,20020329,2.9732,2.989,2.8741,2.882,2.9732,-0.09119999999999973,-3.0674,5065.51,7468.305
600295.SH,20020328,3.0128,3.0564,2.9732,2.9732,3.0069,-0.03370000000000006,-1.1208,4006.09,6082.514
600295.SH,20020327,2.9573,3.0128,2.9553,3.0069,2.9593,0.04760000000000009,1.6085,4520.8,6787.925
600295.SH,20020326,3.0485,3.0525,2.9435,2.9593,3.0445,-0.08520000000000039,-2.7985,8215.73,12413.209
600295.SH,20020325,3.0247,3.0723,3.0247,3.0445,3.0307,0.013800000000000257,0.4553,4960.99,7601.675
600295.SH,20020322,3.0485,3.0644,3.0227,3.0307,3.0544,-0.023699999999999832,-0.7759,4391.13,6731.436
600295.SH,20020321,3.0881,3.106,3.0426,3.0544,3.0763,-0.02190000000000003,-0.7119,4265.8,6592.443
600295.SH,20020320,3.0763,3.108,3.0426,3.0763,3.0624,0.013900000000000023,0.4539,11864.4,18436.924
600295.SH,20020319,2.9593,3.0723,2.9494,3.0624,2.9593,0.10309999999999997,3.4839,12066.46,18495.888
600295.SH,20020318,2.9732,3.0505,2.9375,2.9593,2.9553,0.0040000000000000036,0.1354,5426.18,8141.368
600295.SH,20020315,3.0069,3.0822,2.9534,2.9553,3.0069,-0.05160000000000009,-1.7161,9961.4,15226.562
600295.SH,20020314,2.9335,3.0128,2.9335,3.0069,2.9375,0.0693999999999999,2.3626,4331.97,6510.434
600295.SH,20020313,2.9296,2.9752,2.9098,2.9375,2.9494,-0.0118999999999998,-0.4035,9739.91,14442.797
600295.SH,20020312,3.0128,3.0227,2.9415,2.9494,3.0168,-0.06740000000000013,-2.2342,8164.92,12261.21
600295.SH,20020311,3.0089,3.0227,2.9791,3.0168,2.989,0.027800000000000047,0.9301,10158.72,15375.662
600295.SH,20020308,2.9732,3.0128,2.9534,2.989,2.9553,0.03370000000000006,1.1403,11540.11,17353.201
600295.SH,20020307,2.8206,2.9573,2.8206,2.9553,2.9098,0.04549999999999965,1.5637,6535.99,9677.185
600295.SH,20020306,2.9098,2.9593,2.9038,2.9098,2.9098,0.0,0.0,7986.89,11799.881
600295.SH,20020305,2.8483,2.9236,2.8384,2.9098,2.8443,0.06550000000000011,2.3029,4842.03,7068.609
600295.SH,20020304,2.7789,2.8443,2.7789,2.8443,2.7968,0.047499999999999876,1.6984,2061.19,2927.994
600295.SH,20020301,2.8364,2.8364,2.7948,2.7968,2.8443,-0.047499999999999876,-1.67,2866.8,4064.18
600295.SH,20020228,2.8741,2.9098,2.8344,2.8443,2.8979,-0.05359999999999987,-1.8496,1840.8,2660.923
600295.SH,20020227,2.9137,2.9335,2.8939,2.8979,2.9296,-0.031700000000000284,-1.0821,1525.19,2237.799
600295.SH,20020226,2.8741,2.9375,2.8424,2.9296,2.8899,0.03970000000000029,1.3737,3799.12,5512.508
600295.SH,20020225,2.9474,2.9633,2.8899,2.8899,2.8761,0.013799999999999812,0.4798,3648.49,5373.857
600295.SH,20020208,2.8939,2.9534,2.8741,2.8761,2.8741,0.002000000000000224,0.0696,5817.21,8554.123
600295.SH,20020207,2.8463,2.8959,2.8344,2.8741,2.8067,0.06739999999999968,2.4014,3418.63,4955.044
600295.SH,20020206,2.8919,2.9078,2.8047,2.8067,2.8959,-0.08919999999999995,-3.0802,4589.5,6595.728
600295.SH,20020205,2.8543,2.9137,2.8503,2.8959,2.8463,0.04960000000000031,1.7426,8416.32,12289.376
600295.SH,20020204,2.8106,2.8582,2.777,2.8463,2.8166,0.029699999999999616,1.0545,3548.54,5063.597
600295.SH,20020201,2.8325,2.8721,2.8067,2.8166,2.8325,-0.015899999999999803,-0.5613,4951.84,7080.123
600295.SH,20020131,2.6759,2.884,2.6759,2.8325,2.658,0.1745000000000001,6.5651,12055.29,17093.911
600295.SH,20020130,2.656,2.6798,2.6362,2.658,2.6521,0.005900000000000016,0.2225,2396.21,3212.739
600295.SH,20020129,2.6065,2.7056,2.5768,2.6521,2.6085,0.04360000000000008,1.6715,3961.89,5270.195
600295.SH,20020128,2.7393,2.7571,2.6045,2.6085,2.7532,-0.14470000000000027,-5.2557,5419.5,7284.378
600295.SH,20020125,2.777,2.8245,2.7452,2.7532,2.7908,-0.037599999999999856,-1.3473,4397.5,6150.967
600295.SH,20020124,2.773,2.8443,2.6957,2.7908,2.8007,-0.00990000000000002,-0.3535,8320.89,11715.304
600295.SH,20020123,2.5887,2.8146,2.5807,2.8007,2.5906,0.21010000000000018,8.1101,5839.13,7888.984
600295.SH,20020122,2.5768,2.656,2.5668,2.5906,2.5906,0.0,0.0,2913.5,3839.363
600295.SH,20020121,2.6283,2.662,2.5807,2.5906,2.6283,-0.03770000000000007,-1.4344,2669.1,3514.832
600295.SH,20020118,2.5966,2.6719,2.5768,2.6283,2.6223,0.005999999999999783,0.2288,5090.67,6728.913
600295.SH,20020117,2.6858,2.6937,2.6065,2.6223,2.6957,-0.07339999999999991,-2.7229,2621.0,3490.71
600295.SH,20020116,2.6204,2.6996,2.5966,2.6957,2.6184,0.07730000000000015,2.9522,3703.93,4968.17
600295.SH,20020115,2.7155,2.7551,2.6005,2.6184,2.7353,-0.11690000000000023,-4.2738,4684.0,6355.638
600295.SH,20020114,2.7849,2.7849,2.7155,2.7353,2.8067,-0.07140000000000013,-2.5439,3032.6,4200.136
600295.SH,20020111,2.8741,2.8899,2.8047,2.8067,2.882,-0.07529999999999992,-2.6128,1832.0,2616.293
600295.SH,20020110,2.8047,2.8919,2.7353,2.882,2.8265,0.05550000000000033,1.9636,4854.1,6835.67
600295.SH,20020109,2.8622,2.8642,2.8166,2.8265,2.8642,-0.03770000000000007,-1.3162,2464.4,3520.569
600295.SH,20020108,2.9018,2.9157,2.8642,2.8642,2.9018,-0.0376000000000003,-1.2957,3150.99,4584.47
600295.SH,20020107,2.8979,2.9137,2.8761,2.9018,2.9435,-0.041699999999999626,-1.4167,1729.13,2525.902
600295.SH,20020104,3.0089,3.0089,2.9375,2.9435,3.0069,-0.06340000000000012,-2.1085,969.0,1446.781
600295.SH,20011231,3.0108,3.0346,2.993,3.0069,2.997,0.00990000000000002,0.3303,1748.05,2658.999
600295.SH,20011228,2.9732,2.997,2.9534,2.997,2.9732,0.023800000000000043,0.8005,1854.71,2782.801
600295.SH,20011227,2.9633,2.9791,2.9335,2.9732,2.9573,0.015899999999999803,0.5377,3672.88,5488.805
600295.SH,20011226,2.9098,2.9672,2.8939,2.9573,2.9236,0.03370000000000006,1.1527,1424.18,2111.15
600295.SH,20011225,2.8899,2.9296,2.8741,2.9236,2.8939,0.02970000000000006,1.0263,2041.48,2995.743
600295.SH,20011224,2.8741,2.9989,2.8741,2.8939,2.9534,-0.059499999999999886,-2.0146,2706.5,3968.53
600295.SH,20011221,2.9514,2.9752,2.9335,2.9534,2.9593,-0.005900000000000016,-0.1994,3193.7,4747.054
600295.SH,20011220,3.0465,3.0465,2.9355,2.9593,3.0465,-0.08720000000000017,-2.8623,3647.65,5473.085
600295.SH,20011219,3.0981,3.108,3.0386,3.0465,3.0881,-0.04159999999999986,-1.3471,1710.2,2659.575
600295.SH,20011218,3.0267,3.0961,3.0128,3.0881,3.0128,0.07529999999999992,2.4993,1598.7,2456.524
600295.SH,20011217,3.0525,3.0703,3.0128,3.0128,3.0544,-0.04159999999999986,-1.362,2352.04,3601.645
600295.SH,20011214,3.0743,3.104,3.0525,3.0544,3.0941,-0.03970000000000029,-1.2831,4050.91,6275.869
600295.SH,20011213,3.1318,3.1694,3.0822,3.0941,3.1476,-0.0535000000000001,-1.6997,3886.7,6131.838
600295.SH,20011212,3.1793,3.1793,3.1417,3.1476,3.1873,-0.039699999999999847,-1.2456,3491.4,5552.875
600295.SH,20011211,3.217,3.2408,3.1813,3.1873,3.2209,-0.03359999999999985,-1.0432,2218.24,3592.5
600295.SH,20011210,3.2309,3.2309,3.1813,3.2209,3.2249,-0.0040000000000000036,-0.124,1432.0,2314.964
600295.SH,20011207,3.2209,3.2408,3.1991,3.2249,3.2071,0.017799999999999816,0.555,3166.6,5139.486
600295.SH,20011206,3.1714,3.2071,3.1476,3.2071,3.1833,0.023800000000000043,0.7477,4701.46,7556.727
600295.SH,20011205,3.2507,3.2665,3.1813,3.1833,3.2685,-0.08519999999999994,-2.6067,7985.13,12975.503
600295.SH,20011204,3.2824,3.2903,3.2428,3.2685,3.2764,-0.00790000000000024,-0.2411,4585.18,7536.063
600295.SH,20011203,3.2705,3.2903,3.2606,3.2764,3.2646,0.011800000000000033,0.3615,7687.55,12717.592
600295.SH,20011130,3.2328,3.2804,3.2309,3.2646,3.2348,0.02980000000000027,0.9212,4971.26,8163.669
600295.SH,20011129,3.2705,3.2804,3.2309,3.2348,3.2705,-0.03570000000000029,-1.0916,9280.6,15231.413
600295.SH,20011128,3.2903,3.3082,3.2586,3.2705,3.2745,-0.0040000000000000036,-0.1222,16704.92,27647.856
600295.SH,20011127,3.211,3.2804,3.2011,3.2745,3.2011,0.07340000000000035,2.293,10858.44,17840.478
600295.SH,20011126,3.211,3.211,3.1575,3.2011,3.211,-0.00990000000000002,-0.3083,8715.01,13996.662
600295.SH,20011123,3.1734,3.2209,3.1615,3.211,3.1773,0.03370000000000006,1.0606,16523.28,26612.748
600295.SH,20011122,3.0941,3.1892,3.0822,3.1773,3.0941,0.08319999999999972,2.689,16819.63,26718.05
600295.SH,20011121,3.102,3.1119,3.0505,3.0941,3.106,-0.0118999999999998,-0.3831,5811.18,9061.15
600295.SH,20011120,3.0267,3.1119,2.9791,3.106,3.0069,0.09909999999999997,3.2958,9925.69,15440.641
600295.SH,20011119,2.9197,3.0069,2.9177,3.0069,2.9355,0.07139999999999969,2.4323,2417.77,3642.434
600295.SH,20011116,3.1357,3.1397,2.9276,2.9355,2.8543,0.08120000000000038,2.8448,7608.93,11508.353
600295.SH,20011115,2.8642,2.8721,2.8424,2.8543,2.8483,0.005999999999999783,0.2107,970.0,1396.342
600295.SH,20011114,2.8106,2.9018,2.8106,2.8483,2.8424,0.005900000000000016,0.2076,947.0,1364.106
600295.SH,20011113,2.8265,2.8681,2.7849,2.8424,2.9038,-0.0613999999999999,-2.1145,1964.08,2821.807
600295.SH,20011112,2.9633,2.9653,2.8939,2.9038,2.9633,-0.059499999999999886,-2.0079,1950.33,2874.326
600295.SH,20011109,2.9296,2.993,2.8602,2.9633,2.9296,0.03369999999999962,1.1503,4183.69,6188.797
600295.SH,20011108,2.8384,2.9553,2.7393,2.9296,2.878,0.05160000000000009,1.7929,5553.25,8032.716
600295.SH,20011107,3.0644,3.0743,2.8543,2.878,3.0743,-0.19629999999999992,-6.3852,7576.2,11322.309
600295.SH,20011106,3.1516,3.1615,3.0723,3.0743,3.1278,-0.0535000000000001,-1.7105,5685.08,8932.384
600295.SH,20011105,3.0921,3.1417,3.0842,3.1278,3.0921,0.03570000000000029,1.1546,5001.09,7885.124
600295.SH,20011102,3.108,3.1258,3.0723,3.0921,3.1159,-0.023800000000000043,-0.7638,3767.9,5893.591
600295.SH,20011101,3.1318,3.1496,3.0921,3.1159,3.1278,-0.011900000000000244,-0.3805,9511.51,14991.928
600295.SH,20011031,2.9831,3.1615,2.9494,3.1278,2.993,0.13480000000000025,4.5038,8165.5,12620.141
600295.SH,20011030,3.0604,3.0604,2.989,2.993,3.0604,-0.06740000000000013,-2.2023,2554.2,3892.552
600295.SH,20011029,3.0128,3.0822,3.0029,3.0604,3.0029,0.05750000000000011,1.9148,3844.99,5922.389
600295.SH,20011026,3.0168,3.0426,2.9435,3.0029,3.0386,-0.03570000000000029,-1.1749,8304.68,12502.371
600295.SH,20011025,3.1159,3.1159,3.0128,3.0386,3.1159,-0.0772999999999997,-2.4808,15663.46,24250.12
600295.SH,20011024,2.9811,3.1159,2.9732,3.1159,2.8325,0.2833999999999999,10.0053,29876.78,46192.086
600295.SH,20011023,2.8325,2.8325,2.7472,2.8325,2.5748,0.2576999999999998,10.0085,18687.26,26655.427
600295.SH,20011022,2.6025,2.6382,2.5609,2.5748,2.6204,-0.04559999999999986,-1.7402,4008.57,5255.469
600295.SH,20011019,2.6759,2.6759,2.6025,2.6204,2.6937,-0.07330000000000014,-2.7212,6124.23,8163.152
600295.SH,20011018,2.767,2.8047,2.6759,2.6937,2.769,-0.07529999999999992,-2.7194,5669.6,7762.176
600295.SH,20011017,2.8543,2.8562,2.7413,2.769,2.8523,-0.08329999999999993,-2.9205,5987.82,8398.909
600295.SH,20011016,2.9534,2.9989,2.8344,2.8523,2.9534,-0.10109999999999975,-3.4232,5224.7,7628.11
600295.SH,20011015,2.9137,2.9633,2.8741,2.9534,2.9276,0.025799999999999823,0.8813,4031.5,5940.599
600295.SH,20011012,2.8265,2.9494,2.6977,2.9276,2.8265,0.10110000000000019,3.5769,7130.02,10200.579
600295.SH,20011011,2.9514,2.9851,2.7948,2.8265,2.9712,-0.14470000000000027,-4.8701,3835.21,5586.831
600295.SH,20011010,3.0663,3.0683,2.9633,2.9712,3.0683,-0.09709999999999974,-3.1646,2768.6,4167.709
600295.SH,20011009,2.9791,3.0743,2.9791,3.0683,2.9771,0.09119999999999973,3.0634,2212.5,3378.926
600295.SH,20011008,3.1218,3.1714,2.9633,2.9771,3.102,-0.12489999999999979,-4.0264,4303.59,6514.642
600295.SH,20010928,3.1912,3.2229,3.0723,3.102,3.1714,-0.06940000000000035,-2.1883,4034.45,6344.228
600295.SH,20010927,3.1912,3.2269,3.1674,3.1714,3.2249,-0.05349999999999966,-1.659,3283.98,5288.244
600295.SH,20010926,3.2705,3.2903,3.2209,3.2249,3.2943,-0.0693999999999999,-2.1067,2949.91,4843.765
600295.SH,20010925,3.3617,3.3617,3.2705,3.2943,3.3042,-0.00990000000000002,-0.2996,1466.5,2442.847
600295.SH,20010924,3.3101,3.3577,3.2982,3.3042,3.3379,-0.03370000000000006,-1.0096,2177.0,3649.518
600295.SH,20010921,3.3319,3.3637,3.33,3.3379,3.3359,0.0019999999999997797,0.06,1409.41,2379.479
600295.SH,20010920,3.3894,3.3894,3.33,3.3359,3.3696,-0.03370000000000006,-1.0001,1728.0,2932.133
600295.SH,20010919,3.3419,3.3696,3.3101,3.3696,3.3399,0.02970000000000006,0.8892,2907.74,4879.48
600295.SH,20010918,3.3101,3.3894,3.3101,3.3399,3.324,0.015900000000000247,0.4783,1210.11,2041.33
600295.SH,20010917,3.3696,3.3855,3.3101,3.324,3.3855,-0.06150000000000011,-1.8166,2798.4,4712.199
600295.SH,20010914,3.4112,3.439,3.3696,3.3855,3.3894,-0.0039000000000002366,-0.1151,1599.81,2734.57
600295.SH,20010913,3.3894,3.439,3.3756,3.3894,3.3894,0.0,0.0,1306.65,2235.843
600295.SH,20010912,3.4251,3.439,3.3101,3.3894,3.4628,-0.07339999999999991,-2.1197,5075.47,8669.42
600295.SH,20010911,3.4687,3.4885,3.4132,3.4628,3.4469,0.015900000000000247,0.4613,3091.5,5404.616
600295.SH,20010910,3.3201,3.4588,3.2507,3.4469,3.3557,0.09119999999999973,2.7178,3256.29,5576.381
600295.SH,20010907,3.439,3.439,3.3518,3.3557,3.439,-0.08329999999999993,-2.4222,3436.35,5873.789
600295.SH,20010906,3.441,3.4806,3.4112,3.439,3.4588,-0.01980000000000004,-0.5725,1804.2,3139.519
600295.SH,20010905,3.4588,3.5163,3.4489,3.4588,3.4291,0.02970000000000006,0.8661,3458.7,6073.357
600295.SH,20010904,3.3498,3.4489,3.3498,3.4291,3.3676,0.06150000000000011,1.8262,1958.61,3376.89
600295.SH,20010903,3.3478,3.3894,3.3478,3.3676,3.3518,0.015800000000000036,0.4714,3486.26,5930.871
600295.SH,20010831,3.3756,3.3993,3.3498,3.3518,3.3756,-0.023800000000000043,-0.7051,2633.4,4463.914
600295.SH,20010830,3.3894,3.4449,3.3597,3.3756,3.4033,-0.02770000000000028,-0.8139,1834.31,3133.134
600295.SH,20010829,3.4291,3.4647,3.3894,3.4033,3.4013,0.002000000000000224,0.0588,3279.0,5659.895
600295.SH,20010828,3.3894,3.4053,3.3101,3.4013,3.4192,-0.017900000000000027,-0.5235,6688.56,11315.66
600295.SH,20010827,3.5797,3.6194,3.3894,3.4192,3.6194,-0.20020000000000016,-5.5313,7477.11,13226.346
600295.SH,20010824,3.6768,3.6768,3.6174,3.6194,3.657,-0.037599999999999856,-1.0282,1549.0,2842.159
600295.SH,20010823,3.6273,3.657,3.5817,3.657,3.6491,0.00790000000000024,0.2165,1961.15,3584.509
600295.SH,20010822,3.7066,3.7066,3.6372,3.6491,3.7264,-0.07730000000000015,-2.0744,2784.7,5143.596
600295.SH,20010821,3.7304,3.7621,3.7264,3.7264,3.7125,0.013900000000000023,0.3744,1294.5,2442.222
600295.SH,20010820,3.6768,3.7284,3.6669,3.7125,3.6788,0.03370000000000006,0.9161,926.4,1728.089
600295.SH,20010817,3.6927,3.7026,3.6669,3.6788,3.7006,-0.021800000000000264,-0.5891,1904.0,3537.999
600295.SH,20010816,3.7462,3.7522,3.7006,3.7006,3.7462,-0.04559999999999986,-1.2172,2321.0,4364.592
600295.SH,20010815,3.7462,3.7779,3.7224,3.7462,3.7482,-0.002000000000000224,-0.0534,1701.75,3215.188
600295.SH,20010814,3.7859,3.8096,3.7066,3.7482,3.7878,-0.039599999999999635,-1.0455,3386.31,6424.986
600295.SH,20010813,3.8017,3.8414,3.764,3.7878,3.7759,0.0118999999999998,0.3152,9702.7,18603.532
600295.SH,20010810,3.7621,3.7977,3.7264,3.7759,3.7284,0.047499999999999876,1.274,6658.34,12680.254
600295.SH,20010809,3.6332,3.7502,3.6332,3.7284,3.6332,0.09520000000000017,2.6203,3496.26,6537.198
600295.SH,20010808,3.6273,3.6669,3.5995,3.6332,3.6431,-0.00990000000000002,-0.2717,1964.01,3595.367
600295.SH,20010807,3.5876,3.657,3.5777,3.6431,3.5876,0.05549999999999988,1.547,3961.64,7211.675
600295.SH,20010806,3.7066,3.7066,3.5619,3.5876,3.7204,-0.13280000000000003,-3.5695,6261.45,11364.39
600295.SH,20010803,3.7403,3.7403,3.6689,3.7204,3.7422,-0.02179999999999982,-0.5825,2491.19,4661.607
600295.SH,20010802,3.772,3.7958,3.6273,3.7422,3.764,-0.02179999999999982,-0.5792,5434.0,10150.255
600295.SH,20010801,3.5876,3.7819,3.5876,3.764,3.5837,0.1802999999999999,5.0311,9033.34,16850.596
600295.SH,20010731,3.5777,3.7066,3.5678,3.5837,3.6511,-0.06740000000000013,-1.846,7903.52,14421.411
600295.SH,20010730,3.9603,3.9603,3.6392,3.6511,3.9801,-0.3290000000000002,-8.2661,11366.2,21580.01
600295.SH,20010727,4.1129,4.1327,3.9801,3.9801,4.1129,-0.13279999999999959,-3.2289,6054.2,12310.533
600295.SH,20010726,4.1724,4.1803,4.1129,4.1129,4.1724,-0.059499999999999886,-1.426,6380.54,13314.288
600295.SH,20010725,4.2021,4.212,4.1664,4.1724,4.214,-0.04160000000000075,-0.9872,3727.4,7876.753
600295.SH,20010724,4.2517,4.2517,4.1862,4.214,4.2715,-0.05749999999999922,-1.3461,3546.0,7539.444
600295.SH,20010723,4.321,4.321,4.2417,4.2715,4.3012,-0.02970000000000006,-0.6905,3498.5,7541.789
600295.SH,20010720,4.2437,4.321,4.2358,4.3012,4.214,0.08719999999999928,2.0693,3662.9,7892.035
600295.SH,20010719,4.214,4.2259,4.1862,4.214,4.214,0.0,0.0,1704.34,3611.174
600295.SH,20010718,4.2417,4.2417,4.2041,4.214,4.208,0.006000000000000227,0.1426,1432.9,3050.586
600295.SH,20010717,4.2041,4.2219,4.1625,4.208,4.2041,0.0038999999999997925,0.0928,4935.49,10431.424
600295.SH,20010716,4.2635,4.2814,4.2021,4.2041,4.2536,-0.04949999999999921,-1.1637,5597.4,11951.104
600295.SH,20010713,4.2972,4.321,4.2417,4.2536,4.2972,-0.04360000000000053,-1.0146,2304.61,4987.31
600295.SH,20010712,4.3349,4.3389,4.2913,4.2972,4.3309,-0.03369999999999962,-0.7781,3020.1,6560.652
600295.SH,20010711,4.327,4.3666,4.327,4.3309,4.325,0.005899999999999572,0.1364,12800.0,28121.217
600295.SH,20010710,4.2735,4.329,4.2735,4.325,4.2735,0.05149999999999988,1.2051,2959.65,6421.243
600295.SH,20010709,4.2378,4.2774,4.2239,4.2735,4.2378,0.03570000000000029,0.8424,2618.59,5611.19
600295.SH,20010706,4.2735,4.2972,4.2239,4.2378,4.2735,-0.03570000000000029,-0.8354,4267.25,9152.952
600295.SH,20010705,4.3329,4.3369,4.2616,4.2735,4.321,-0.04749999999999943,-1.0993,5099.02,11020.227
600295.SH,20010704,4.3369,4.3408,4.3131,4.321,4.325,-0.004000000000000448,-0.0925,3128.45,6823.416
600295.SH,20010703,4.3607,4.3607,4.2913,4.325,4.327,-0.0019999999999997797,-0.0462,4123.39,8976.651
600295.SH,20010702,4.329,4.3607,4.321,4.327,4.3329,-0.00590000000000046,-0.1362,5043.16,11024.713
600295.SH,20010629,4.3508,4.3706,4.3309,4.3329,4.3468,-0.01389999999999958,-0.3198,6509.32,14265.365
600295.SH,20010628,4.3904,4.4043,4.3309,4.3468,4.3884,-0.04159999999999986,-0.948,10503.0,23182.451
600295.SH,20010627,4.4201,4.438,4.3706,4.3884,4.4043,-0.015900000000000247,-0.361,9812.4,21773.129
600295.SH,20010626,4.4102,4.436,4.3626,4.4043,4.3963,0.008000000000000007,0.182,14305.19,31788.523
600295.SH,20010625,4.3111,4.4499,4.3111,4.3963,4.2972,0.09909999999999997,2.3062,27575.14,61095.885
600295.SH,20010622,4.2992,4.3468,4.2774,4.2972,4.2497,0.04750000000000032,1.1177,8803.11,19129.216
600295.SH,20010619,4.2041,4.2695,4.2021,4.2497,4.2041,0.04559999999999942,1.0847,5010.09,10698.933
600295.SH,20010618,4.2814,4.3171,4.1942,4.2041,4.2715,-0.06739999999999924,-1.5779,9287.38,19893.142
600295.SH,20010615,4.1942,4.2853,4.1862,4.2715,4.2358,0.0356999999999994,0.8428,9282.14,19871.626
600295.SH,20010614,4.3408,4.3508,4.2021,4.2358,4.3329,-0.09710000000000019,-2.241,14356.01,31075.951
600295.SH,20010613,4.321,4.3369,4.2814,4.3329,4.3131,0.01980000000000004,0.4591,12823.64,27947.404
600295.SH,20010612,4.2517,4.319,4.2358,4.3131,4.2437,0.0694000000000008,1.6354,12101.38,26119.926
600295.SH,20010611,4.2318,4.2794,4.2318,4.2437,4.2318,0.0118999999999998,0.2812,8182.43,17552.937
600295.SH,20010608,4.1922,4.2318,4.1525,4.2318,4.1763,0.05549999999999944,1.3289,6612.77,13958.859
600295.SH,20010607,4.1704,4.2318,4.1644,4.1763,4.1684,0.00790000000000024,0.1895,7614.63,16100.224
600295.SH,20010606,4.2378,4.2378,4.1426,4.1684,4.1942,-0.025800000000000267,-0.6151,9700.7,20427.195
600295.SH,20010605,4.1763,4.2417,4.1763,4.1942,4.1724,0.021800000000000708,0.5225,8198.43,17430.507
600295.SH,20010604,4.1545,4.212,4.1327,4.1724,4.1545,0.017900000000000027,0.4309,8927.5,18778.052
600295.SH,20010601,4.1823,4.1922,4.1466,4.1545,4.1724,-0.017900000000000027,-0.429,8537.81,17893.246
600295.SH,20010531,4.2219,4.2378,4.1664,4.1724,4.218,-0.04560000000000031,-1.0811,7742.73,16354.02
600295.SH,20010530,4.1783,4.2318,4.1268,4.218,4.1803,0.03770000000000007,0.9018,7402.86,15695.766
600295.SH,20010529,4.1506,4.2021,4.1426,4.1803,4.1506,0.02970000000000006,0.7156,7317.26,15369.814
600295.SH,20010528,4.1843,4.1922,4.1248,4.1506,4.1862,-0.03560000000000052,-0.8504,8924.0,18719.916
600295.SH,20010525,4.212,4.2318,4.1644,4.1862,4.212,-0.02579999999999938,-0.6125,9753.94,20585.973
600295.SH,20010524,4.2338,4.2576,4.2041,4.212,4.2338,-0.02179999999999982,-0.5149,13055.98,27768.647
600295.SH,20010523,4.2853,4.3171,4.2041,4.2338,4.3111,-0.07730000000000015,-1.793,10660.05,22862.842
600295.SH,20010522,4.3547,4.3765,4.3012,4.3111,4.3547,-0.04360000000000053,-1.0012,11693.0,25581.264
600295.SH,20010521,4.2417,4.3567,4.2219,4.3547,4.2378,0.11690000000000023,2.7585,15681.42,33748.278
600295.SH,20010518,4.2913,4.2992,4.2021,4.2378,4.1922,0.04560000000000031,1.0877,7571.76,16176.14
600295.SH,20010517,4.2417,4.2417,4.1882,4.1922,4.2536,-0.0613999999999999,-1.4435,16499.11,34996.534
600295.SH,20010516,4.2814,4.2853,4.2239,4.2536,4.2794,-0.025800000000000267,-0.6029,11932.08,25537.632
600295.SH,20010515,4.2219,4.3032,4.2219,4.2794,4.216,0.06339999999999968,1.5038,14113.66,30366.421
600295.SH,20010514,4.2437,4.2655,4.1644,4.216,4.2437,-0.027699999999999392,-0.6527,14272.44,30396.969
600295.SH,20010511,4.2021,4.2517,4.1426,4.2437,4.2021,0.04159999999999986,0.99,12175.0,25678.07
600295.SH,20010510,4.1585,4.2517,4.1188,4.2021,4.1664,0.0356999999999994,0.8569,18568.38,39187.859
600295.SH,20010509,4.321,4.3488,4.1347,4.1664,4.321,-0.1545999999999994,-3.5779,36083.01,77123.656
600295.SH,20010508,4.3369,4.3765,4.2834,4.321,4.3666,-0.04560000000000031,-1.0443,25426.3,55326.169
600295.SH,20010430,4.44,4.4836,4.3607,4.3666,4.44,-0.07340000000000035,-1.6532,33253.13,73796.304
600295.SH,20010427,4.3805,4.4637,4.2814,4.44,4.4063,0.03370000000000051,0.7648,80567.27,177764.272
600295.SH,20010426,4.3924,4.6976,4.3904,4.4063,3.33,1.0762999999999998,32.3213,466204.89,1056805.288
