ts_code,trade_date,open,high,low,close,pre_close,change,pct_chg,vol,amount
601595.SH,20230317,13.3,13.83,13.04,13.18,13.14,0.03999999999999915,0.3044,235042.54,314130.278
601595.SH,20230316,13.17,13.75,13.04,13.14,13.2,-0.05999999999999872,-0.4545,228584.0,304944.27
601595.SH,20230315,12.77,13.41,12.62,13.2,12.96,0.23999999999999844,1.8519,194520.6,254677.684
601595.SH,20230314,12.96,13.1,12.44,12.96,12.89,0.07000000000000028,0.5431,193669.0,247239.261
601595.SH,20230313,12.5,13.19,12.1,12.89,13.18,-0.28999999999999915,-2.2003,322056.15,404739.033
601595.SH,20230310,12.48,13.81,12.4,13.18,12.66,0.5199999999999996,4.1074,430403.82,568870.495
601595.SH,20230309,12.4,12.66,11.58,12.66,11.51,1.1500000000000004,9.9913,392373.39,485455.45
601595.SH,20230308,10.44,11.51,10.38,11.51,10.46,1.049999999999999,10.0382,198360.19,223086.118
601595.SH,20230307,10.53,10.6,10.46,10.46,10.55,-0.08999999999999986,-0.8531,29598.1,31082.395
601595.SH,20230306,10.38,10.57,10.37,10.55,10.4,0.15000000000000036,1.4423,38808.27,40733.909
601595.SH,20230303,10.38,10.4,10.3,10.4,10.38,0.019999999999999574,0.1927,21170.9,21942.722
601595.SH,20230302,10.27,10.39,10.27,10.38,10.31,0.07000000000000028,0.679,26727.2,27657.146
601595.SH,20230301,10.27,10.31,10.21,10.31,10.25,0.0600000000000005,0.5854,31742.2,32572.276
601595.SH,20230228,10.19,10.31,10.17,10.25,10.19,0.0600000000000005,0.5888,15096.6,15458.888
601595.SH,20230227,10.25,10.26,10.15,10.19,10.25,-0.0600000000000005,-0.5854,12915.2,13181.142
601595.SH,20230224,10.17,10.26,10.13,10.25,10.2,0.05000000000000071,0.4902,13908.8,14183.556
601595.SH,20230223,10.28,10.29,10.15,10.2,10.27,-0.07000000000000028,-0.6816,16845.0,17216.201
601595.SH,20230222,10.22,10.3,10.19,10.27,10.3,-0.030000000000001137,-0.2913,9125.2,9345.428
601595.SH,20230221,10.33,10.37,10.24,10.3,10.31,-0.009999999999999787,-0.097,22960.8,23628.426
601595.SH,20230220,10.2,10.32,10.1,10.31,10.2,0.11000000000000121,1.0784,17541.0,17946.362
601595.SH,20230217,10.18,10.31,10.18,10.2,10.22,-0.02000000000000135,-0.1957,25750.2,26321.294
601595.SH,20230216,10.32,10.49,10.12,10.22,10.28,-0.05999999999999872,-0.5837,47440.0,49184.273
601595.SH,20230215,10.28,10.33,10.25,10.28,10.28,0.0,0.0,16708.66,17191.727
601595.SH,20230214,10.39,10.4,10.24,10.28,10.39,-0.11000000000000121,-1.0587,25566.55,26302.067
601595.SH,20230213,10.3,10.39,10.24,10.39,10.29,0.10000000000000142,0.9718,28471.0,29422.543
601595.SH,20230210,10.15,10.45,10.15,10.29,10.17,0.11999999999999922,1.1799,37551.0,38824.723
601595.SH,20230209,10.07,10.17,10.07,10.17,10.08,0.08999999999999986,0.8929,17924.0,18136.374
601595.SH,20230208,10.16,10.28,10.07,10.08,10.18,-0.09999999999999964,-0.9823,21624.0,21972.177
601595.SH,20230207,10.25,10.28,10.13,10.18,10.27,-0.08999999999999986,-0.8763,24523.8,24951.933
601595.SH,20230206,10.18,10.28,10.11,10.27,10.19,0.08000000000000007,0.7851,36141.9,36939.539
601595.SH,20230203,10.27,10.32,10.11,10.19,10.29,-0.09999999999999964,-0.9718,27099.14,27632.818
601595.SH,20230202,10.33,10.38,10.25,10.29,10.34,-0.05000000000000071,-0.4836,27600.4,28442.243
601595.SH,20230201,10.28,10.35,10.23,10.34,10.29,0.05000000000000071,0.4859,27101.44,27868.864
601595.SH,20230131,10.5,10.5,10.22,10.29,10.51,-0.22000000000000064,-2.0932,51483.44,53057.803
601595.SH,20230130,11.3,11.3,10.48,10.51,10.94,-0.4299999999999997,-3.9305,81403.58,86662.623
601595.SH,20230120,10.96,11.0,10.79,10.94,10.97,-0.030000000000001137,-0.2735,39418.54,42982.161
601595.SH,20230119,10.81,11.0,10.68,10.97,10.83,0.14000000000000057,1.2927,47868.8,52089.415
601595.SH,20230118,10.63,10.95,10.57,10.83,10.5,0.33000000000000007,3.1429,52731.34,57063.27
601595.SH,20230117,10.59,10.79,10.42,10.5,10.59,-0.08999999999999986,-0.8499,33496.2,35503.534
601595.SH,20230116,10.52,10.72,10.37,10.59,10.5,0.08999999999999986,0.8571,42473.35,44698.099
601595.SH,20230113,10.39,10.54,10.27,10.5,10.29,0.21000000000000085,2.0408,23277.8,24324.818
601595.SH,20230112,10.41,10.48,10.23,10.29,10.44,-0.15000000000000036,-1.4368,23445.0,24216.662
601595.SH,20230111,10.81,10.81,10.41,10.44,10.74,-0.3000000000000007,-2.7933,34749.2,36577.04
601595.SH,20230110,10.67,11.06,10.5,10.74,10.62,0.120000000000001,1.1299,46442.2,49928.684
601595.SH,20230109,10.47,10.75,10.47,10.62,10.47,0.14999999999999858,1.4327,38503.48,40838.76
601595.SH,20230106,11.04,11.07,10.42,10.47,11.01,-0.5399999999999991,-4.9046,67217.06,71426.82
601595.SH,20230105,11.16,11.33,10.94,11.01,11.22,-0.21000000000000085,-1.8717,41632.8,46169.629
601595.SH,20230104,11.02,11.27,11.02,11.22,11.04,0.1800000000000015,1.6304,44751.4,49930.629
601595.SH,20230103,10.97,11.37,10.95,11.04,10.97,0.06999999999999851,0.6381,65467.75,73118.834
601595.SH,20221230,10.69,10.98,10.61,10.97,10.58,0.39000000000000057,3.6862,37973.5,41280.866
601595.SH,20221229,10.74,10.85,10.54,10.58,10.77,-0.1899999999999995,-1.7642,27153.6,29005.509
601595.SH,20221228,10.76,11.08,10.58,10.77,10.76,0.009999999999999787,0.0929,39374.19,42784.721
601595.SH,20221227,11.14,11.17,10.66,10.76,11.02,-0.2599999999999998,-2.3593,53710.47,58093.619
601595.SH,20221226,10.78,11.39,10.62,11.02,10.62,0.40000000000000036,3.7665,55068.8,60990.571
601595.SH,20221223,10.54,10.89,10.51,10.62,10.6,0.019999999999999574,0.1887,25301.6,27169.6
601595.SH,20221222,10.72,10.85,10.54,10.6,10.65,-0.05000000000000071,-0.4695,29681.0,31737.463
601595.SH,20221221,10.38,10.7,10.34,10.65,10.37,0.28000000000000114,2.7001,37241.0,39431.337
601595.SH,20221220,10.71,10.76,10.35,10.37,10.69,-0.3200000000000003,-2.9935,25721.4,26951.884
601595.SH,20221219,10.76,10.89,10.47,10.69,10.81,-0.120000000000001,-1.1101,48620.86,51932.731
601595.SH,20221216,10.72,10.88,10.66,10.81,10.83,-0.019999999999999574,-0.1847,29806.6,32097.14
601595.SH,20221215,11.08,11.09,10.76,10.83,10.99,-0.16000000000000014,-1.4559,35637.4,38735.632
601595.SH,20221214,10.82,11.11,10.81,10.99,10.87,0.120000000000001,1.104,40672.8,44696.991
601595.SH,20221213,10.72,11.19,10.72,10.87,10.73,0.1399999999999988,1.3048,48457.6,53201.374
601595.SH,20221212,10.7,10.82,10.63,10.73,10.74,-0.009999999999999787,-0.0931,30000.6,32216.54
601595.SH,20221209,11.0,11.0,10.63,10.74,11.02,-0.27999999999999936,-2.5408,47189.2,50750.388
601595.SH,20221208,11.0,11.07,10.82,11.02,10.91,0.10999999999999943,1.0082,53664.79,58810.432
601595.SH,20221207,10.82,11.07,10.56,10.91,10.75,0.16000000000000014,1.4884,52747.95,57088.78
601595.SH,20221206,10.76,10.99,10.64,10.75,10.84,-0.08999999999999986,-0.8303,43132.26,46556.372
601595.SH,20221205,10.74,10.95,10.68,10.84,10.53,0.3100000000000005,2.944,59484.4,64243.614
601595.SH,20221202,10.3,10.59,10.22,10.53,10.31,0.21999999999999886,2.1339,44916.8,47051.846
601595.SH,20221201,10.55,10.6,10.17,10.31,10.18,0.13000000000000078,1.277,57323.01,59488.232
601595.SH,20221130,10.14,10.2,10.06,10.18,10.18,0.0,0.0,43105.41,43638.157
601595.SH,20221129,9.73,10.24,9.63,10.18,9.68,0.5,5.1653,70505.9,70874.993
601595.SH,20221128,9.43,9.78,9.3,9.68,9.48,0.1999999999999993,2.1097,28756.6,27511.014
601595.SH,20221125,9.4,9.6,9.38,9.48,9.4,0.08000000000000007,0.8511,16402.6,15575.167
601595.SH,20221124,9.6,9.69,9.37,9.4,9.63,-0.23000000000000043,-2.3884,24319.0,23091.465
601595.SH,20221123,9.57,9.8,9.46,9.63,9.45,0.1800000000000015,1.9048,40110.43,38677.333
601595.SH,20221122,9.69,9.69,9.42,9.45,9.6,-0.15000000000000036,-1.5625,19820.63,18874.686
601595.SH,20221121,9.8,9.88,9.54,9.6,9.82,-0.22000000000000064,-2.2403,30800.84,29764.924
601595.SH,20221118,9.9,10.08,9.81,9.82,9.95,-0.129999999999999,-1.3065,28076.55,27901.859
601595.SH,20221117,9.78,10.02,9.73,9.95,9.79,0.16000000000000014,1.6343,34021.2,33641.158
601595.SH,20221116,9.69,9.86,9.65,9.79,9.67,0.11999999999999922,1.241,32761.2,32045.774
601595.SH,20221115,9.51,9.75,9.51,9.67,9.53,0.14000000000000057,1.469,23553.4,22783.945
601595.SH,20221114,9.62,9.64,9.48,9.53,9.57,-0.040000000000000924,-0.418,21029.37,20065.74
601595.SH,20221111,9.58,9.8,9.44,9.57,9.53,0.040000000000000924,0.4197,38904.71,37378.254
601595.SH,20221110,9.36,9.58,9.34,9.53,9.39,0.1399999999999988,1.4909,20855.59,19783.409
601595.SH,20221109,9.39,9.49,9.35,9.39,9.39,0.0,0.0,17216.83,16250.543
601595.SH,20221108,9.45,9.45,9.3,9.39,9.41,-0.019999999999999574,-0.2125,21420.04,20103.729
601595.SH,20221107,9.07,9.48,9.06,9.41,9.36,0.05000000000000071,0.5342,31692.4,29548.807
601595.SH,20221104,9.17,9.5,9.13,9.36,9.17,0.1899999999999995,2.072,32019.09,29954.896
601595.SH,20221103,9.1,9.24,9.07,9.17,9.19,-0.019999999999999574,-0.2176,18414.4,16893.431
601595.SH,20221102,8.97,9.38,8.96,9.19,9.0,0.1899999999999995,2.1111,44071.95,40350.416
601595.SH,20221101,8.68,9.08,8.68,9.0,8.67,0.33000000000000007,3.8062,28913.55,25700.932
601595.SH,20221031,8.51,8.81,8.5,8.67,8.44,0.23000000000000043,2.7251,24183.6,21051.727
601595.SH,20221028,8.71,8.73,8.42,8.44,8.75,-0.3100000000000005,-3.5429,13679.59,11724.702
601595.SH,20221027,8.62,8.8,8.61,8.75,8.68,0.07000000000000028,0.8065,12781.6,11172.791
601595.SH,20221026,8.51,8.73,8.5,8.68,8.52,0.16000000000000014,1.8779,14556.8,12606.089
601595.SH,20221025,8.47,8.53,8.36,8.52,8.47,0.049999999999998934,0.5903,9078.02,7687.698
601595.SH,20221024,8.75,8.81,8.4,8.47,8.75,-0.27999999999999936,-3.2,19739.2,17004.159
601595.SH,20221021,8.75,8.8,8.7,8.75,8.79,-0.03999999999999915,-0.4551,11609.0,10157.087
601595.SH,20221020,8.66,8.88,8.61,8.79,8.68,0.10999999999999943,1.2673,17687.0,15513.443
601595.SH,20221019,8.78,8.81,8.67,8.68,8.8,-0.120000000000001,-1.3636,12835.2,11194.094
601595.SH,20221018,8.73,8.91,8.7,8.8,8.71,0.08999999999999986,1.0333,25215.0,22198.825
601595.SH,20221017,8.59,8.71,8.59,8.71,8.65,0.0600000000000005,0.6936,15256.4,13226.701
601595.SH,20221014,8.59,8.69,8.59,8.65,8.55,0.09999999999999964,1.1696,14112.93,12201.761
601595.SH,20221013,8.53,8.64,8.48,8.55,8.55,0.0,0.0,12974.93,11094.235
601595.SH,20221012,8.46,8.58,8.32,8.55,8.45,0.10000000000000142,1.1834,16271.8,13750.321
601595.SH,20221011,8.54,8.54,8.31,8.45,8.47,-0.02000000000000135,-0.2361,13864.6,11659.62
601595.SH,20221010,8.72,8.75,8.46,8.47,8.75,-0.27999999999999936,-3.2,20157.2,17244.651
601595.SH,20220930,8.84,8.87,8.7,8.75,8.83,-0.08000000000000007,-0.906,17917.03,15718.375
601595.SH,20220929,9.18,9.23,8.81,8.83,9.12,-0.28999999999999915,-3.1798,30615.6,27394.977
601595.SH,20220928,9.26,9.47,9.08,9.12,9.32,-0.20000000000000107,-2.1459,25999.79,23982.416
601595.SH,20220927,8.99,9.37,8.85,9.32,8.99,0.33000000000000007,3.6707,36205.2,32927.7
601595.SH,20220926,9.17,9.21,8.95,8.99,9.19,-0.1999999999999993,-2.1763,26175.0,23772.69
601595.SH,20220923,9.48,9.52,9.16,9.19,9.47,-0.28000000000000114,-2.9567,32038.6,29793.446
601595.SH,20220922,9.63,9.71,9.45,9.47,9.71,-0.2400000000000002,-2.4717,26920.61,25692.89
601595.SH,20220921,9.78,9.78,9.53,9.71,9.79,-0.0799999999999983,-0.8172,26005.2,25036.195
601595.SH,20220920,9.5,9.83,9.5,9.79,9.5,0.28999999999999915,3.0526,32745.4,31811.612
601595.SH,20220919,9.6,9.68,9.39,9.5,9.64,-0.14000000000000057,-1.4523,27417.4,26034.285
601595.SH,20220916,9.68,9.85,9.59,9.64,9.73,-0.08999999999999986,-0.925,29606.42,28811.178
601595.SH,20220915,9.66,9.9,9.64,9.73,9.64,0.08999999999999986,0.9336,44699.19,43700.125
601595.SH,20220914,9.58,9.66,9.53,9.64,9.69,-0.049999999999998934,-0.516,14409.35,13829.659
601595.SH,20220913,9.55,9.73,9.53,9.69,9.55,0.1399999999999988,1.466,22627.21,21840.78
601595.SH,20220909,9.61,9.67,9.38,9.55,9.63,-0.08000000000000007,-0.8307,26866.2,25511.056
601595.SH,20220908,9.5,9.79,9.48,9.63,9.48,0.15000000000000036,1.5823,38537.61,37273.428
601595.SH,20220907,9.6,9.65,9.45,9.48,9.66,-0.17999999999999972,-1.8634,21726.6,20684.544
601595.SH,20220906,9.59,9.68,9.53,9.66,9.57,0.08999999999999986,0.9404,17212.79,16556.484
601595.SH,20220905,9.58,9.71,9.49,9.57,9.62,-0.049999999999998934,-0.5198,15359.19,14662.425
601595.SH,20220902,9.6,9.74,9.55,9.62,9.46,0.15999999999999837,1.6913,26131.0,25202.107
601595.SH,20220901,9.72,9.79,9.46,9.46,9.63,-0.16999999999999993,-1.7653,28186.88,27002.174
601595.SH,20220831,9.6,9.82,9.58,9.63,9.71,-0.08000000000000007,-0.8239,33382.4,32351.465
601595.SH,20220830,9.72,9.81,9.65,9.71,9.72,-0.009999999999999787,-0.1029,25239.0,24502.312
601595.SH,20220829,9.52,9.83,9.36,9.72,9.62,0.10000000000000142,1.0395,32676.41,31458.324
601595.SH,20220826,9.58,9.69,9.52,9.62,9.58,0.03999999999999915,0.4175,21113.74,20351.724
601595.SH,20220825,9.57,9.6,9.35,9.58,9.53,0.05000000000000071,0.5247,20631.8,19608.747
601595.SH,20220824,9.54,9.67,9.5,9.53,9.55,-0.02000000000000135,-0.2094,33139.2,31750.002
601595.SH,20220823,9.44,9.55,9.43,9.55,9.5,0.05000000000000071,0.5263,18880.68,17958.546
601595.SH,20220822,9.39,9.52,9.28,9.5,9.37,0.13000000000000078,1.3874,19168.81,18130.42
601595.SH,20220819,9.41,9.52,9.35,9.37,9.41,-0.040000000000000924,-0.4251,20780.8,19647.54
601595.SH,20220818,9.5,9.5,9.25,9.41,9.57,-0.16000000000000014,-1.6719,20945.21,19650.199
601595.SH,20220817,9.47,9.58,9.4,9.57,9.47,0.09999999999999964,1.056,19386.0,18431.142
601595.SH,20220816,9.44,9.5,9.4,9.47,9.44,0.030000000000001137,0.3178,15368.11,14504.698
601595.SH,20220815,9.53,9.59,9.4,9.44,9.53,-0.08999999999999986,-0.9444,16065.2,15203.138
601595.SH,20220812,9.69,9.7,9.5,9.53,9.46,0.06999999999999851,0.74,31912.01,30548.348
601595.SH,20220811,9.29,9.48,9.29,9.46,9.29,0.1700000000000017,1.8299,19350.0,18221.128
601595.SH,20220810,9.35,9.36,9.25,9.29,9.32,-0.030000000000001137,-0.3219,10015.0,9305.986
601595.SH,20220809,9.37,9.37,9.29,9.32,9.38,-0.0600000000000005,-0.6397,10084.8,9408.569
601595.SH,20220808,9.35,9.42,9.3,9.38,9.39,-0.009999999999999787,-0.1065,10362.2,9725.808
601595.SH,20220805,9.31,9.43,9.29,9.39,9.31,0.08000000000000007,0.8593,15164.2,14186.727
601595.SH,20220804,9.2,9.33,9.11,9.31,9.16,0.15000000000000036,1.6376,13235.6,12243.836
601595.SH,20220803,9.28,9.41,9.16,9.16,9.28,-0.11999999999999922,-1.2931,21864.0,20340.866
601595.SH,20220802,9.66,9.66,9.16,9.28,9.74,-0.46000000000000085,-4.7228,43137.0,40245.81
601595.SH,20220801,9.86,9.89,9.68,9.74,9.86,-0.11999999999999922,-1.217,22482.8,21865.33
601595.SH,20220729,9.82,10.05,9.79,9.86,9.82,0.03999999999999915,0.4073,35745.94,35456.728
601595.SH,20220728,9.88,9.93,9.81,9.82,9.88,-0.0600000000000005,-0.6073,23220.17,22906.719
601595.SH,20220727,9.73,10.01,9.72,9.88,9.79,0.09000000000000163,0.9193,37128.0,36762.306
601595.SH,20220726,9.71,9.82,9.66,9.79,9.64,0.14999999999999858,1.556,23908.4,23262.003
601595.SH,20220725,9.7,9.79,9.59,9.64,9.72,-0.08000000000000007,-0.823,17583.8,17008.585
601595.SH,20220722,9.71,9.79,9.56,9.72,9.69,0.030000000000001137,0.3096,22227.03,21514.854
601595.SH,20220721,9.72,9.84,9.66,9.69,9.75,-0.0600000000000005,-0.6154,22931.77,22344.034
601595.SH,20220720,9.66,9.87,9.64,9.75,9.65,0.09999999999999964,1.0363,32347.8,31568.387
601595.SH,20220719,9.61,9.73,9.57,9.65,9.55,0.09999999999999964,1.0471,21013.8,20270.692
601595.SH,20220718,9.39,9.63,9.39,9.55,9.42,0.13000000000000078,1.38,19225.4,18372.186
601595.SH,20220715,9.72,9.73,9.4,9.42,9.74,-0.3200000000000003,-3.2854,38897.74,37232.641
601595.SH,20220714,9.84,9.84,9.7,9.74,9.84,-0.09999999999999964,-1.0163,24609.0,24012.935
601595.SH,20220713,9.83,9.9,9.73,9.84,9.79,0.05000000000000071,0.5107,19270.0,18961.089
601595.SH,20220712,9.98,10.0,9.77,9.79,9.99,-0.20000000000000107,-2.002,23127.0,22843.42
601595.SH,20220711,10.03,10.09,9.91,9.99,10.13,-0.14000000000000057,-1.382,32139.0,32059.51
601595.SH,20220708,10.3,10.38,10.09,10.13,10.18,-0.049999999999998934,-0.4912,28267.2,28874.111
601595.SH,20220707,10.14,10.33,10.1,10.18,10.14,0.03999999999999915,0.3945,30874.63,31487.75
601595.SH,20220706,10.43,10.54,10.09,10.14,10.49,-0.34999999999999964,-3.3365,46398.8,47447.294
601595.SH,20220705,10.46,10.77,10.35,10.49,10.46,0.02999999999999936,0.2868,51121.2,53875.466
601595.SH,20220704,10.55,10.73,10.44,10.46,10.52,-0.05999999999999872,-0.5703,69049.82,72945.838
601595.SH,20220701,11.22,11.3,10.45,10.52,11.21,-0.6900000000000013,-6.1552,144927.4,156425.101
601595.SH,20220630,11.01,11.56,10.8,11.21,10.51,0.7000000000000011,6.6603,201799.41,227704.115
601595.SH,20220629,10.59,10.82,10.51,10.51,10.58,-0.07000000000000028,-0.6616,62908.2,66961.553
601595.SH,20220628,10.53,10.66,10.34,10.58,10.42,0.16000000000000014,1.5355,72799.33,76462.885
601595.SH,20220627,10.18,10.76,10.16,10.42,10.1,0.3200000000000003,3.1683,89073.87,93104.439
601595.SH,20220624,9.75,10.18,9.7,10.1,9.72,0.379999999999999,3.9095,68318.8,68148.235
601595.SH,20220623,9.62,9.73,9.55,9.72,9.6,0.120000000000001,1.25,17621.4,16990.264
601595.SH,20220622,9.87,9.87,9.6,9.6,9.87,-0.2699999999999996,-2.7356,21208.4,20634.389
601595.SH,20220621,9.86,9.94,9.74,9.87,9.86,0.009999999999999787,0.1014,29806.4,29316.493
601595.SH,20220620,9.63,10.0,9.57,9.86,9.63,0.22999999999999865,2.3884,47799.6,47016.671
601595.SH,20220617,9.81,9.81,9.54,9.63,9.81,-0.17999999999999972,-1.8349,33252.04,32040.17
601595.SH,20220616,9.64,9.87,9.63,9.81,9.68,0.13000000000000078,1.343,33595.6,32871.347
601595.SH,20220615,9.66,9.8,9.58,9.68,9.63,0.049999999999998934,0.5192,29831.2,28922.199
601595.SH,20220614,9.54,9.64,9.36,9.63,9.6,0.030000000000001137,0.3125,19536.6,18548.464
601595.SH,20220613,9.66,9.68,9.49,9.6,9.75,-0.15000000000000036,-1.5385,27123.53,25967.343
601595.SH,20220610,9.7,9.83,9.66,9.75,9.71,0.03999999999999915,0.4119,30135.41,29325.647
601595.SH,20220609,9.86,9.87,9.66,9.71,9.9,-0.1899999999999995,-1.9192,27854.6,27160.269
601595.SH,20220608,9.97,10.05,9.73,9.9,9.97,-0.07000000000000028,-0.7021,37286.8,36789.7
601595.SH,20220607,10.04,10.09,9.87,9.97,10.03,-0.05999999999999872,-0.5982,23778.0,23669.121
601595.SH,20220606,10.02,10.17,9.97,10.03,10.09,-0.0600000000000005,-0.5946,33976.2,34111.963
601595.SH,20220602,10.2,10.2,10.0,10.09,10.27,-0.17999999999999972,-1.7527,31776.6,32025.102
601595.SH,20220601,10.16,10.39,10.1,10.27,10.23,0.03999999999999915,0.391,50068.15,51225.568
601595.SH,20220531,10.33,10.39,10.15,10.23,10.31,-0.08000000000000007,-0.7759,61853.04,63240.679
601595.SH,20220530,10.13,10.45,10.11,10.31,10.03,0.28000000000000114,2.7916,65409.84,67027.541
601595.SH,20220527,9.98,10.27,9.95,10.03,9.98,0.049999999999998934,0.501,62039.98,62702.497
601595.SH,20220526,9.96,10.1,9.78,9.98,9.94,0.040000000000000924,0.4024,79846.79,79148.773
601595.SH,20220525,9.17,10.05,9.15,9.94,9.14,0.7999999999999989,8.7527,115359.7,112941.371
601595.SH,20220524,9.54,9.68,9.11,9.14,9.57,-0.4299999999999997,-4.4932,35394.99,33088.201
601595.SH,20220523,9.62,9.85,9.56,9.57,9.62,-0.049999999999998934,-0.5198,25611.15,24748.348
601595.SH,20220520,9.63,9.7,9.53,9.62,9.6,0.019999999999999574,0.2083,29920.95,28753.592
601595.SH,20220519,9.49,9.63,9.43,9.6,9.62,-0.019999999999999574,-0.2079,22000.0,20997.53
601595.SH,20220518,9.71,9.8,9.58,9.62,9.66,-0.040000000000000924,-0.4141,25178.0,24393.803
601595.SH,20220517,9.79,9.87,9.62,9.66,9.9,-0.2400000000000002,-2.4242,31583.0,30694.887
601595.SH,20220516,9.86,9.98,9.75,9.9,9.9,0.0,0.0,51138.67,50388.377
601595.SH,20220513,9.61,10.34,9.61,9.9,9.62,0.28000000000000114,2.9106,79981.51,79160.887
601595.SH,20220512,9.23,9.62,9.19,9.62,9.29,0.33000000000000007,3.5522,44956.2,42528.387
601595.SH,20220511,9.2,9.7,9.15,9.29,9.15,0.1399999999999988,1.5301,60936.79,57659.372
601595.SH,20220510,8.95,9.16,8.81,9.15,8.99,0.16000000000000014,1.7798,32848.8,29559.713
601595.SH,20220509,9.0,9.12,8.91,8.99,8.94,0.05000000000000071,0.5593,18543.2,16704.586
601595.SH,20220506,8.87,9.02,8.8,8.94,9.07,-0.13000000000000078,-1.4333,21049.2,18799.114
601595.SH,20220505,8.99,9.18,8.86,9.07,9.17,-0.09999999999999964,-1.0905,33882.75,30635.109
601595.SH,20220429,8.62,9.22,8.6,9.17,8.61,0.5600000000000005,6.5041,49126.98,44045.473
601595.SH,20220428,8.82,8.86,8.46,8.61,8.91,-0.3000000000000007,-3.367,38846.6,33535.046
601595.SH,20220427,8.8,8.92,8.41,8.91,8.91,0.0,0.0,50123.8,43347.004
601595.SH,20220426,9.32,9.53,8.87,8.91,9.32,-0.41000000000000014,-4.3991,44572.8,40716.805
601595.SH,20220425,9.95,9.95,9.27,9.32,10.11,-0.7899999999999991,-7.814,63454.61,60856.19
601595.SH,20220422,10.43,10.53,9.92,10.11,10.37,-0.2599999999999998,-2.5072,55793.6,56257.599
601595.SH,20220421,10.76,10.85,10.37,10.37,10.85,-0.4800000000000004,-4.424,50728.8,53804.135
601595.SH,20220420,10.75,11.02,10.7,10.85,10.82,0.02999999999999936,0.2773,57629.31,62732.09
601595.SH,20220419,10.8,10.84,10.58,10.82,10.74,0.08000000000000007,0.7449,40881.19,43799.449
601595.SH,20220418,10.37,10.82,10.17,10.74,10.4,0.33999999999999986,3.2692,55248.4,58591.68
601595.SH,20220415,10.64,10.66,10.32,10.4,10.63,-0.23000000000000043,-2.1637,35844.4,37586.659
601595.SH,20220414,10.43,10.71,10.4,10.63,10.42,0.21000000000000085,2.0154,43659.0,46252.3
601595.SH,20220413,10.41,10.55,10.27,10.42,10.54,-0.11999999999999922,-1.1385,43172.0,44933.699
601595.SH,20220412,9.95,10.68,9.92,10.54,9.95,0.5899999999999999,5.9296,56834.53,58645.381
601595.SH,20220411,10.16,10.23,9.89,9.95,10.28,-0.33000000000000007,-3.2101,35789.0,35959.667
601595.SH,20220408,10.4,10.45,10.11,10.28,10.38,-0.10000000000000142,-0.9634,25337.8,25996.659
601595.SH,20220407,10.63,10.69,10.37,10.38,10.64,-0.2599999999999998,-2.4436,23467.0,24693.17
601595.SH,20220406,10.46,10.74,10.38,10.64,10.48,0.16000000000000014,1.5267,38391.8,40720.368
601595.SH,20220401,10.19,10.59,10.1,10.48,10.19,0.2900000000000009,2.8459,37945.8,39523.312
601595.SH,20220331,10.1,10.35,10.1,10.19,10.24,-0.05000000000000071,-0.4883,16890.4,17292.948
601595.SH,20220330,10.1,10.26,10.02,10.24,10.01,0.23000000000000043,2.2977,23508.2,23932.489
601595.SH,20220329,10.18,10.21,9.97,10.01,10.12,-0.10999999999999943,-1.087,19300.6,19461.565
601595.SH,20220328,9.85,10.22,9.85,10.12,10.09,0.02999999999999936,0.2973,19837.6,20001.907
601595.SH,20220325,10.13,10.27,10.06,10.09,10.1,-0.009999999999999787,-0.099,19890.2,20163.372
601595.SH,20220324,10.37,10.37,10.0,10.1,10.4,-0.3000000000000007,-2.8846,33218.01,33750.822
601595.SH,20220323,10.41,10.5,10.33,10.4,10.43,-0.02999999999999936,-0.2876,20872.2,21729.07
601595.SH,20220322,10.29,10.49,10.29,10.43,10.4,0.02999999999999936,0.2885,26855.2,27917.871
601595.SH,20220321,10.43,10.55,10.3,10.4,10.49,-0.08999999999999986,-0.858,37025.73,38502.883
601595.SH,20220318,10.12,10.59,10.02,10.49,10.15,0.33999999999999986,3.3498,48292.33,50383.849
601595.SH,20220317,10.24,10.36,10.11,10.15,10.12,0.030000000000001137,0.2964,41115.2,41997.302
601595.SH,20220316,9.58,10.18,9.53,10.12,9.48,0.6399999999999988,6.7511,57199.17,56588.844
601595.SH,20220315,10.0,10.0,9.43,9.48,10.03,-0.5499999999999989,-5.4835,46708.0,45397.244
601595.SH,20220314,10.28,10.39,10.02,10.03,10.49,-0.46000000000000085,-4.3851,31828.2,32405.577
601595.SH,20220311,10.35,10.5,10.14,10.49,10.5,-0.009999999999999787,-0.0952,33478.2,34518.154
601595.SH,20220310,10.31,10.63,10.22,10.5,10.19,0.3100000000000005,3.0422,40733.4,42747.472
601595.SH,20220309,10.35,10.47,9.82,10.19,10.35,-0.16000000000000014,-1.5459,46802.8,47703.389
601595.SH,20220308,10.5,10.75,10.25,10.35,10.48,-0.13000000000000078,-1.2405,40724.2,42909.851
601595.SH,20220307,10.49,10.67,10.4,10.48,10.6,-0.11999999999999922,-1.1321,29910.51,31516.867
601595.SH,20220304,10.59,10.81,10.46,10.6,10.64,-0.040000000000000924,-0.3759,37857.0,40212.359
601595.SH,20220303,10.63,10.83,10.54,10.64,10.53,0.11000000000000121,1.0446,40935.36,43752.235
601595.SH,20220302,10.48,10.62,10.43,10.53,10.57,-0.040000000000000924,-0.3784,23470.8,24741.658
601595.SH,20220301,10.44,10.62,10.41,10.57,10.43,0.14000000000000057,1.3423,34118.8,35941.669
601595.SH,20220228,10.38,10.44,10.2,10.43,10.39,0.03999999999999915,0.385,30892.8,31819.236
601595.SH,20220225,10.46,10.53,10.3,10.39,10.4,-0.009999999999999787,-0.0962,32563.6,33913.124
601595.SH,20220224,10.7,10.84,10.2,10.4,10.78,-0.379999999999999,-3.525,73422.8,77174.151
601595.SH,20220223,10.86,10.92,10.73,10.78,10.77,0.009999999999999787,0.0929,38742.41,41947.502
601595.SH,20220222,10.96,10.96,10.56,10.77,11.13,-0.3600000000000012,-3.2345,68803.86,73894.421
601595.SH,20220221,10.98,11.13,10.84,11.13,10.95,0.1800000000000015,1.6438,57772.95,63300.446
601595.SH,20220218,10.97,11.01,10.86,10.95,11.0,-0.05000000000000071,-0.4545,50334.0,54929.529
601595.SH,20220217,11.18,11.31,10.93,11.0,11.25,-0.25,-2.2222,64308.54,71006.155
601595.SH,20220216,11.26,11.37,11.12,11.25,11.28,-0.02999999999999936,-0.266,77769.8,87419.078
601595.SH,20220215,11.65,11.78,11.18,11.28,11.59,-0.3100000000000005,-2.6747,137233.0,155995.851
601595.SH,20220214,11.0,12.02,10.97,11.59,10.93,0.6600000000000001,6.0384,226732.46,264033.608
601595.SH,20220211,11.07,11.18,10.93,10.93,11.21,-0.28000000000000114,-2.4978,80206.95,88464.169
601595.SH,20220210,10.47,11.33,10.44,11.21,10.47,0.7400000000000002,7.0678,147427.55,161729.202
601595.SH,20220209,10.44,10.5,10.34,10.47,10.46,0.009999999999999787,0.0956,55186.25,57485.357
601595.SH,20220208,9.94,10.5,9.92,10.46,9.97,0.4900000000000002,4.9147,105405.6,108548.516
601595.SH,20220207,10.34,10.41,9.86,9.97,10.85,-0.879999999999999,-8.1106,132824.3,132876.307
601595.SH,20220128,10.19,10.99,10.03,10.85,10.02,0.8300000000000001,8.2834,120345.46,127244.175
601595.SH,20220127,10.39,10.43,9.98,10.02,10.49,-0.47000000000000064,-4.4805,61652.8,62396.808
601595.SH,20220126,10.35,10.74,10.35,10.49,10.33,0.16000000000000014,1.5489,66188.39,69578.962
601595.SH,20220125,10.92,10.94,10.3,10.33,11.03,-0.6999999999999993,-6.3463,89569.51,94852.425
601595.SH,20220124,11.34,11.51,10.91,11.03,10.99,0.03999999999999915,0.364,109419.2,122169.146
601595.SH,20220121,10.83,11.25,10.67,10.99,10.68,0.3100000000000005,2.9026,92321.93,101724.716
601595.SH,20220120,11.01,11.09,10.64,10.68,11.03,-0.34999999999999964,-3.1732,58641.2,63389.008
601595.SH,20220119,10.83,11.23,10.8,11.03,10.83,0.1999999999999993,1.8467,60624.6,67013.089
601595.SH,20220118,11.05,11.12,10.78,10.83,11.06,-0.23000000000000043,-2.0796,38461.6,41846.851
601595.SH,20220117,10.91,11.13,10.91,11.06,10.91,0.15000000000000036,1.3749,39621.7,43667.863
601595.SH,20220114,11.1,11.23,10.8,10.91,11.08,-0.16999999999999993,-1.5343,39298.14,43131.187
601595.SH,20220113,10.96,11.2,10.84,11.08,10.95,0.13000000000000078,1.1872,53175.9,58885.729
601595.SH,20220112,10.7,11.22,10.61,10.95,10.59,0.35999999999999943,3.3994,71104.26,78084.913
601595.SH,20220111,10.8,10.83,10.57,10.59,10.73,-0.14000000000000057,-1.3048,27917.0,29877.971
601595.SH,20220110,10.59,10.76,10.41,10.73,10.62,0.11000000000000121,1.0358,28925.67,30725.555
601595.SH,20220107,10.83,11.05,10.59,10.62,10.83,-0.21000000000000085,-1.9391,41312.16,44678.602
601595.SH,20220106,10.8,10.92,10.75,10.83,10.89,-0.0600000000000005,-0.551,22582.37,24441.266
601595.SH,20220105,10.96,11.05,10.79,10.89,10.97,-0.08000000000000007,-0.7293,38014.41,41404.958
601595.SH,20220104,10.79,11.05,10.66,10.97,10.82,0.15000000000000036,1.3863,54087.4,58951.991
601595.SH,20211231,10.82,10.88,10.7,10.82,10.82,0.0,0.0,35521.99,38327.648
601595.SH,20211230,10.6,10.88,10.58,10.82,10.65,0.16999999999999993,1.5962,45807.25,49401.916
601595.SH,20211229,10.44,10.65,10.38,10.65,10.51,0.14000000000000057,1.3321,32100.1,33901.085
601595.SH,20211228,10.56,10.63,10.46,10.51,10.59,-0.08000000000000007,-0.7554,20794.9,21884.244
601595.SH,20211227,10.4,10.61,10.2,10.59,10.45,0.14000000000000057,1.3397,33922.24,35374.126
601595.SH,20211224,10.39,10.57,10.35,10.45,10.4,0.049999999999998934,0.4808,28931.0,30314.045
601595.SH,20211223,10.5,10.54,10.35,10.4,10.53,-0.129999999999999,-1.2346,26683.35,27839.836
601595.SH,20211222,10.54,10.7,10.49,10.53,10.54,-0.009999999999999787,-0.0949,26860.0,28391.968
601595.SH,20211221,10.21,10.54,10.21,10.54,10.31,0.22999999999999865,2.2308,34030.62,35664.49
601595.SH,20211220,10.46,10.53,10.27,10.31,10.42,-0.10999999999999943,-1.0557,19345.4,20086.836
601595.SH,20211217,10.52,10.6,10.37,10.42,10.57,-0.15000000000000036,-1.4191,26293.2,27492.386
601595.SH,20211216,10.42,10.63,10.36,10.57,10.43,0.14000000000000057,1.3423,33013.8,34758.355
601595.SH,20211215,10.42,10.51,10.32,10.43,10.42,0.009999999999999787,0.096,24252.8,25298.806
601595.SH,20211214,10.19,10.57,10.17,10.42,10.22,0.1999999999999993,1.9569,43296.9,45079.682
601595.SH,20211213,10.3,10.36,10.18,10.22,10.29,-0.06999999999999851,-0.6803,25595.0,26232.318
601595.SH,20211210,10.06,10.35,10.04,10.29,10.05,0.23999999999999844,2.3881,45072.38,46080.74
601595.SH,20211209,9.98,10.1,9.98,10.05,9.97,0.08000000000000007,0.8024,21176.6,21295.647
601595.SH,20211208,9.98,10.0,9.91,9.97,9.97,0.0,0.0,14694.84,14642.363
601595.SH,20211207,9.94,10.03,9.91,9.97,9.95,0.02000000000000135,0.201,15458.0,15384.915
601595.SH,20211206,10.0,10.03,9.9,9.95,9.99,-0.040000000000000924,-0.4004,10374.8,10326.541
601595.SH,20211203,9.95,10.04,9.93,9.99,9.95,0.040000000000000924,0.402,9901.79,9882.277
601595.SH,20211202,10.05,10.07,9.94,9.95,10.05,-0.10000000000000142,-0.995,11770.2,11753.176
601595.SH,20211201,9.89,10.16,9.86,10.05,9.92,0.13000000000000078,1.3105,19885.4,19957.259
601595.SH,20211130,9.76,9.92,9.75,9.92,9.76,0.16000000000000014,1.6393,14270.05,14077.773
601595.SH,20211129,9.76,9.84,9.71,9.76,9.92,-0.16000000000000014,-1.6129,19920.9,19457.255
601595.SH,20211126,9.97,10.0,9.89,9.92,10.05,-0.13000000000000078,-1.2935,17877.22,17753.566
601595.SH,20211125,10.15,10.16,10.03,10.05,10.15,-0.09999999999999964,-0.9852,14663.1,14783.815
601595.SH,20211124,10.05,10.22,9.97,10.15,10.04,0.11000000000000121,1.0956,21234.79,21476.92
601595.SH,20211123,9.9,10.07,9.89,10.04,9.9,0.1399999999999988,1.4141,19186.08,19214.467
601595.SH,20211122,9.95,9.97,9.88,9.9,9.93,-0.02999999999999936,-0.3021,11288.8,11195.401
601595.SH,20211119,9.88,9.95,9.82,9.93,9.89,0.03999999999999915,0.4044,12100.37,11946.144
601595.SH,20211118,10.05,10.08,9.88,9.89,10.07,-0.17999999999999972,-1.7875,15843.0,15769.278
601595.SH,20211117,9.97,10.09,9.92,10.07,9.97,0.09999999999999964,1.003,13102.3,13132.818
601595.SH,20211116,10.04,10.13,9.96,9.97,10.05,-0.08000000000000007,-0.796,15735.8,15813.95
601595.SH,20211115,9.95,10.08,9.9,10.05,9.92,0.13000000000000078,1.3105,18230.8,18245.751
601595.SH,20211112,9.89,9.96,9.87,9.92,9.93,-0.009999999999999787,-0.1007,11865.56,11771.895
601595.SH,20211111,9.87,9.96,9.83,9.93,9.88,0.049999999999998934,0.5061,13628.86,13508.965
601595.SH,20211110,9.91,9.94,9.76,9.88,9.87,0.010000000000001563,0.1013,17314.0,17074.575
601595.SH,20211109,9.83,9.87,9.75,9.87,9.82,0.049999999999998934,0.5092,13007.4,12770.225
601595.SH,20211108,9.75,9.89,9.75,9.82,9.71,0.10999999999999943,1.1329,18014.72,17701.162
601595.SH,20211105,9.71,9.79,9.6,9.71,9.7,0.010000000000001563,0.1031,16409.56,15896.43
601595.SH,20211104,9.61,9.71,9.55,9.7,9.58,0.11999999999999922,1.2526,12059.2,11613.152
601595.SH,20211103,9.48,9.58,9.48,9.58,9.5,0.08000000000000007,0.8421,10779.2,10281.108
601595.SH,20211102,9.69,9.73,9.45,9.5,9.69,-0.1899999999999995,-1.9608,20208.0,19349.295
601595.SH,20211101,9.75,9.76,9.6,9.69,9.81,-0.120000000000001,-1.2232,19214.2,18588.284
601595.SH,20211029,9.63,9.88,9.6,9.81,9.61,0.20000000000000107,2.0812,19408.4,18964.014
601595.SH,20211028,9.6,9.69,9.55,9.61,9.64,-0.030000000000001137,-0.3112,15008.6,14426.57
601595.SH,20211027,9.9,9.9,9.6,9.64,9.87,-0.22999999999999865,-2.3303,17837.2,17326.692
601595.SH,20211026,9.85,9.91,9.78,9.87,9.82,0.049999999999998934,0.5092,13536.0,13319.041
601595.SH,20211025,10.01,10.01,9.76,9.82,10.0,-0.17999999999999972,-1.8,22016.23,21638.775
601595.SH,20211022,10.0,10.12,9.97,10.0,10.0,0.0,0.0,14171.16,14205.102
601595.SH,20211021,10.13,10.13,9.94,10.0,10.07,-0.07000000000000028,-0.6951,22050.2,22091.359
601595.SH,20211020,10.21,10.23,10.07,10.07,10.21,-0.14000000000000057,-1.3712,24347.8,24661.07
601595.SH,20211019,10.41,10.45,10.2,10.21,10.41,-0.1999999999999993,-1.9212,28500.6,29310.215
601595.SH,20211018,10.37,10.54,10.35,10.41,10.37,0.040000000000000924,0.3857,26232.0,27360.604
601595.SH,20211015,10.56,10.77,10.37,10.37,10.64,-0.27000000000000135,-2.5376,42731.0,45020.711
601595.SH,20211014,10.14,10.66,10.09,10.64,10.13,0.5099999999999998,5.0346,69486.2,72829.257
601595.SH,20211013,10.17,10.19,10.03,10.13,10.15,-0.019999999999999574,-0.197,26502.84,26797.86
601595.SH,20211012,10.39,10.39,10.08,10.15,10.43,-0.27999999999999936,-2.6846,43802.51,44548.184
601595.SH,20211011,10.8,10.83,10.37,10.43,10.85,-0.41999999999999993,-3.871,64697.23,68026.482
601595.SH,20211008,11.4,11.49,10.77,10.85,11.19,-0.33999999999999986,-3.0384,106778.51,117057.255
601595.SH,20210930,10.65,11.22,10.55,11.19,10.6,0.5899999999999999,5.566,96617.38,105791.317
601595.SH,20210929,10.5,10.8,10.48,10.6,10.56,0.03999999999999915,0.3788,40029.17,42677.358
601595.SH,20210928,10.6,10.76,10.47,10.56,10.64,-0.08000000000000007,-0.7519,30625.2,32437.428
601595.SH,20210927,10.85,11.11,10.45,10.64,10.76,-0.11999999999999922,-1.1152,44232.87,47528.65
601595.SH,20210924,10.89,10.95,10.74,10.76,10.89,-0.13000000000000078,-1.1938,25620.8,27747.214
601595.SH,20210923,10.69,10.94,10.69,10.89,10.7,0.19000000000000128,1.7757,29102.2,31617.305
601595.SH,20210922,10.59,10.94,10.57,10.7,10.77,-0.07000000000000028,-0.65,28877.0,30979.5
601595.SH,20210917,11.22,11.22,10.6,10.77,11.0,-0.23000000000000043,-2.0909,40235.11,43270.772
601595.SH,20210916,11.11,11.24,10.89,11.0,11.1,-0.09999999999999964,-0.9009,36536.18,40404.272
601595.SH,20210915,10.75,11.15,10.6,11.1,10.67,0.4299999999999997,4.03,54621.6,59873.251
601595.SH,20210914,10.97,10.98,10.63,10.67,10.87,-0.1999999999999993,-1.8399,36650.06,39694.067
601595.SH,20210913,10.82,10.95,10.56,10.87,11.0,-0.13000000000000078,-1.1818,49354.26,53423.609
601595.SH,20210910,11.03,11.28,11.0,11.0,11.05,-0.05000000000000071,-0.4525,42115.0,46805.273
601595.SH,20210909,10.98,11.08,10.91,11.05,11.05,0.0,0.0,27635.43,30411.838
601595.SH,20210908,10.84,11.07,10.84,11.05,10.86,0.19000000000000128,1.7495,46308.74,50759.624
601595.SH,20210907,10.71,10.89,10.7,10.86,10.72,0.1399999999999988,1.306,31306.26,33878.815
601595.SH,20210906,10.67,10.94,10.63,10.72,10.62,0.10000000000000142,0.9416,43987.2,47479.938
601595.SH,20210903,10.39,10.71,10.34,10.62,10.39,0.22999999999999865,2.2137,40772.8,43060.588
601595.SH,20210902,10.45,10.51,10.34,10.39,10.46,-0.07000000000000028,-0.6692,24820.4,25839.005
601595.SH,20210901,10.17,10.5,10.17,10.46,10.17,0.2900000000000009,2.8515,48079.8,49959.933
601595.SH,20210831,10.0,10.2,9.98,10.17,10.02,0.15000000000000036,1.497,27321.56,27646.636
601595.SH,20210830,10.1,10.17,9.94,10.02,10.1,-0.08000000000000007,-0.7921,27827.0,27942.837
601595.SH,20210827,10.16,10.23,10.06,10.1,10.17,-0.07000000000000028,-0.6883,25233.12,25589.555
601595.SH,20210826,10.2,10.25,10.07,10.17,10.17,0.0,0.0,32733.0,33298.463
601595.SH,20210825,9.98,10.23,9.92,10.17,9.98,0.1899999999999995,1.9038,35610.8,36039.618
601595.SH,20210824,9.96,9.99,9.9,9.98,9.95,0.030000000000001137,0.3015,19459.8,19363.13
601595.SH,20210823,9.77,9.96,9.76,9.95,9.78,0.16999999999999993,1.7382,28163.4,27872.746
601595.SH,20210820,9.73,9.8,9.61,9.78,9.78,0.0,0.0,20636.4,20009.258
601595.SH,20210819,9.73,9.83,9.71,9.78,9.77,0.009999999999999787,0.1024,16951.42,16558.442
601595.SH,20210818,9.8,9.83,9.68,9.77,9.73,0.03999999999999915,0.4111,20824.0,20329.984
601595.SH,20210817,9.75,9.98,9.68,9.73,9.69,0.040000000000000924,0.4128,43008.1,42261.8
601595.SH,20210816,9.6,9.81,9.6,9.69,9.6,0.08999999999999986,0.9375,21373.4,20774.686
601595.SH,20210813,9.71,9.71,9.56,9.6,9.71,-0.11000000000000121,-1.1329,17862.2,17189.107
601595.SH,20210812,9.7,9.84,9.69,9.71,9.7,0.010000000000001563,0.1031,19293.76,18822.988
601595.SH,20210811,9.72,9.78,9.67,9.7,9.72,-0.02000000000000135,-0.2058,16202.0,15758.625
601595.SH,20210810,9.64,9.73,9.58,9.72,9.66,0.0600000000000005,0.6211,18211.74,17600.267
601595.SH,20210809,9.45,9.71,9.4,9.66,9.45,0.21000000000000085,2.2222,25462.8,24409.459
601595.SH,20210806,9.8,9.8,9.4,9.45,9.91,-0.46000000000000085,-4.6418,55560.2,53059.664
601595.SH,20210805,9.98,10.0,9.85,9.91,9.96,-0.05000000000000071,-0.502,18285.8,18165.189
601595.SH,20210804,10.0,10.05,9.91,9.96,10.01,-0.049999999999998934,-0.4995,22723.0,22648.757
601595.SH,20210803,10.03,10.15,9.98,10.01,10.03,-0.019999999999999574,-0.1994,21478.31,21646.869
601595.SH,20210802,9.93,10.1,9.75,10.03,10.04,-0.009999999999999787,-0.0996,28313.61,28255.283
601595.SH,20210730,9.88,10.04,9.76,10.04,9.97,0.06999999999999851,0.7021,31484.27,31086.909
601595.SH,20210729,9.9,10.04,9.87,9.97,9.86,0.11000000000000121,1.1156,23102.47,22960.643
601595.SH,20210728,10.15,10.18,9.8,9.86,10.27,-0.41000000000000014,-3.9922,40876.2,40669.191
601595.SH,20210727,10.4,10.52,10.2,10.27,10.16,0.10999999999999943,1.0827,40538.6,42092.141
601595.SH,20210726,10.49,10.49,10.12,10.16,10.5,-0.33999999999999986,-3.2381,42298.08,43391.276
601595.SH,20210723,10.69,10.69,10.49,10.5,10.72,-0.22000000000000064,-2.0522,34136.11,36030.773
601595.SH,20210722,10.68,10.74,10.56,10.72,10.73,-0.009999999999999787,-0.0932,27569.25,29369.12
601595.SH,20210721,10.83,10.87,10.68,10.73,10.77,-0.03999999999999915,-0.3714,24831.14,26696.89
601595.SH,20210720,10.75,10.8,10.69,10.77,10.83,-0.0600000000000005,-0.554,20586.2,22099.476
601595.SH,20210719,10.95,10.95,10.73,10.83,10.99,-0.16000000000000014,-1.4559,28907.2,31269.16
601595.SH,20210716,10.9,11.04,10.89,10.99,10.89,0.09999999999999964,0.9183,24184.2,26523.353
601595.SH,20210715,11.0,11.04,10.79,10.89,11.0,-0.10999999999999943,-1.0,33159.8,36147.164
601595.SH,20210714,11.3,11.3,10.99,11.0,11.3,-0.3000000000000007,-2.6549,43775.4,48617.231
601595.SH,20210713,11.25,11.34,11.12,11.3,11.18,0.120000000000001,1.0733,35017.2,39431.559
601595.SH,20210712,11.27,11.41,11.16,11.18,11.22,-0.040000000000000924,-0.3565,38215.6,43002.853
601595.SH,20210709,11.15,11.35,11.02,11.22,11.09,0.13000000000000078,1.1722,38935.3,43706.839
601595.SH,20210708,11.24,11.28,11.03,11.09,11.25,-0.16000000000000014,-1.4222,32813.51,36546.057
601595.SH,20210707,11.18,11.28,11.1,11.25,11.19,0.0600000000000005,0.5362,32213.6,36156.513
601595.SH,20210706,11.1,11.19,10.92,11.19,11.04,0.15000000000000036,1.3587,43090.68,47670.382
601595.SH,20210705,11.31,11.41,10.95,11.04,11.31,-0.27000000000000135,-2.3873,75681.0,84105.881
601595.SH,20210702,11.65,11.76,11.2,11.31,11.66,-0.34999999999999964,-3.0017,62568.2,71719.993
601595.SH,20210701,11.64,11.85,11.54,11.66,11.66,0.0,0.0,52679.88,61809.864
601595.SH,20210630,11.89,11.94,11.43,11.66,11.87,-0.20999999999999908,-1.7692,66314.2,77253.168
601595.SH,20210629,11.94,12.04,11.87,11.87,11.94,-0.07000000000000028,-0.5863,33295.8,39690.929
601595.SH,20210628,12.01,12.16,11.89,11.94,12.01,-0.07000000000000028,-0.5828,32826.2,39355.811
601595.SH,20210625,12.2,12.26,11.92,12.01,12.2,-0.1899999999999995,-1.5574,46826.2,56396.743
601595.SH,20210624,12.39,12.41,12.2,12.2,12.41,-0.21000000000000085,-1.6922,30083.6,36934.419
601595.SH,20210623,12.4,12.62,12.3,12.41,12.4,0.009999999999999787,0.0806,37408.01,46570.172
601595.SH,20210622,12.27,12.55,12.27,12.4,12.25,0.15000000000000036,1.2245,37608.6,46601.175
601595.SH,20210621,12.16,12.28,12.11,12.25,12.26,-0.009999999999999787,-0.0816,23912.19,29186.819
601595.SH,20210618,12.04,12.36,11.95,12.26,12.07,0.1899999999999995,1.5742,33638.78,40967.647
601595.SH,20210617,12.03,12.2,12.02,12.07,12.1,-0.02999999999999936,-0.2479,30113.4,36400.685
601595.SH,20210616,12.26,12.29,12.01,12.1,12.29,-0.1899999999999995,-1.546,45486.6,55176.14
601595.SH,20210615,12.72,12.76,12.22,12.29,12.71,-0.4200000000000017,-3.3045,46087.0,57093.128
601595.SH,20210611,13.41,13.53,12.68,12.71,13.4,-0.6899999999999995,-5.1493,73823.41,95868.991
601595.SH,20210610,13.7,13.7,13.35,13.4,13.61,-0.20999999999999908,-1.543,35601.2,47932.072
601595.SH,20210609,13.57,13.74,13.35,13.61,13.57,0.03999999999999915,0.2948,41164.0,55702.733
601595.SH,20210608,13.21,13.68,13.13,13.57,13.21,0.35999999999999943,2.7252,57537.4,77553.635
601595.SH,20210607,12.96,13.31,12.78,13.21,12.88,0.33000000000000007,2.5621,38478.8,50479.015
601595.SH,20210604,12.94,13.05,12.8,12.88,12.9,-0.019999999999999574,-0.155,32511.0,41946.763
601595.SH,20210603,13.4,13.45,12.89,12.9,13.28,-0.379999999999999,-2.8614,47521.0,62510.01
601595.SH,20210602,13.76,13.79,13.27,13.28,13.75,-0.47000000000000064,-3.4182,48908.95,65985.26
601595.SH,20210601,13.32,13.85,13.22,13.75,13.27,0.4800000000000004,3.6172,54130.22,73636.285
601595.SH,20210531,13.23,13.37,13.08,13.27,13.31,-0.040000000000000924,-0.3005,43367.82,57405.76
601595.SH,20210528,13.94,14.02,13.23,13.31,13.51,-0.1999999999999993,-1.4804,85517.2,116257.171
601595.SH,20210527,13.49,13.8,13.48,13.51,13.48,0.02999999999999936,0.2226,48631.0,66176.353
601595.SH,20210526,13.53,13.69,13.3,13.48,13.64,-0.16000000000000014,-1.173,58615.2,79129.418
601595.SH,20210525,13.79,13.83,13.46,13.64,13.59,0.05000000000000071,0.3679,53048.6,72297.787
601595.SH,20210524,13.3,13.84,13.19,13.59,13.39,0.1999999999999993,1.4937,56173.6,76483.753
601595.SH,20210521,13.2,13.56,13.11,13.39,13.32,0.07000000000000028,0.5255,50065.6,67003.373
601595.SH,20210520,13.32,13.46,13.28,13.32,13.32,0.0,0.0,40590.8,54222.32
601595.SH,20210519,13.24,13.57,13.2,13.32,13.24,0.08000000000000007,0.6042,51903.2,69411.739
601595.SH,20210518,13.38,13.57,13.14,13.24,13.31,-0.07000000000000028,-0.5259,58106.01,77260.263
601595.SH,20210517,13.39,13.64,13.22,13.31,13.29,0.02000000000000135,0.1505,91902.4,123557.277
601595.SH,20210514,12.61,13.33,12.53,13.29,12.55,0.7399999999999984,5.8964,90888.26,118921.767
601595.SH,20210513,12.36,12.78,12.36,12.55,12.45,0.10000000000000142,0.8032,39003.55,48966.197
601595.SH,20210512,12.02,12.58,12.02,12.45,12.14,0.3099999999999987,2.5535,45288.8,56069.548
601595.SH,20210511,11.83,12.32,11.82,12.14,11.96,0.17999999999999972,1.505,43922.08,53091.573
601595.SH,20210510,12.2,12.34,11.8,11.96,12.2,-0.23999999999999844,-1.9672,48762.22,58405.041
601595.SH,20210507,12.18,12.59,12.1,12.2,12.22,-0.02000000000000135,-0.1637,50128.76,61761.925
601595.SH,20210506,12.71,12.8,11.75,12.22,12.96,-0.7400000000000002,-5.7099,109339.8,132299.526
601595.SH,20210430,13.07,13.29,12.75,12.96,13.07,-0.10999999999999943,-0.8416,43119.8,55751.58
601595.SH,20210429,13.2,13.35,12.98,13.07,13.31,-0.2400000000000002,-1.8032,36215.66,47506.387
601595.SH,20210428,12.9,13.44,12.74,13.31,12.87,0.4400000000000013,3.4188,58756.12,77568.545
601595.SH,20210427,13.1,13.2,12.74,12.87,13.1,-0.23000000000000043,-1.7557,37113.4,47958.758
601595.SH,20210426,13.07,13.55,13.0,13.1,13.2,-0.09999999999999964,-0.7576,56216.54,74218.499
601595.SH,20210423,13.32,13.41,13.09,13.2,13.33,-0.13000000000000078,-0.9752,52047.6,68775.074
601595.SH,20210422,12.98,13.72,12.95,13.33,12.95,0.3800000000000008,2.9344,83089.92,111174.309
601595.SH,20210421,12.85,13.09,12.77,12.95,12.91,0.03999999999999915,0.3098,34438.62,44593.928
601595.SH,20210420,12.97,13.2,12.85,12.91,12.97,-0.0600000000000005,-0.4626,49737.98,64764.04
601595.SH,20210419,12.42,13.02,12.41,12.97,12.52,0.45000000000000107,3.5942,61856.38,79504.198
601595.SH,20210416,12.09,12.64,12.02,12.52,12.02,0.5,4.1597,46115.4,57348.477
601595.SH,20210415,12.18,12.21,11.96,12.02,12.16,-0.14000000000000057,-1.1513,21444.4,25866.939
601595.SH,20210414,11.86,12.27,11.81,12.16,11.85,0.3100000000000005,2.616,33817.39,40947.78
601595.SH,20210413,12.42,12.54,11.8,11.85,12.53,-0.6799999999999997,-5.427,53678.8,65083.362
601595.SH,20210412,12.4,12.53,12.25,12.53,12.37,0.16000000000000014,1.2935,31217.4,38633.513
601595.SH,20210409,12.28,12.54,12.2,12.37,12.32,0.049999999999998934,0.4058,24883.2,30841.431
601595.SH,20210408,12.32,12.47,12.25,12.32,12.36,-0.03999999999999915,-0.3236,21817.8,26940.762
601595.SH,20210407,12.34,12.48,12.25,12.36,12.29,0.07000000000000028,0.5696,21419.1,26451.27
601595.SH,20210406,12.66,12.72,12.29,12.29,12.62,-0.33000000000000007,-2.6149,31165.4,38946.302
601595.SH,20210402,12.54,12.83,12.42,12.62,12.51,0.10999999999999943,0.8793,20365.0,25723.878
601595.SH,20210401,12.73,12.73,12.45,12.51,12.64,-0.13000000000000078,-1.0285,21062.0,26412.544
601595.SH,20210331,12.49,12.74,12.49,12.64,12.59,0.05000000000000071,0.3971,19548.93,24703.938
601595.SH,20210330,12.81,12.85,12.48,12.59,12.85,-0.2599999999999998,-2.0233,38690.15,48791.023
601595.SH,20210329,12.85,13.35,12.83,12.85,12.92,-0.07000000000000028,-0.5418,41962.0,54747.486
601595.SH,20210326,12.83,13.2,12.79,12.92,12.83,0.08999999999999986,0.7015,33345.55,43301.193
601595.SH,20210325,12.88,13.25,12.8,12.83,12.93,-0.09999999999999964,-0.7734,35628.6,46245.103
601595.SH,20210324,12.86,13.19,12.82,12.93,12.96,-0.030000000000001137,-0.2315,39259.01,50978.25
601595.SH,20210323,13.31,13.39,12.87,12.96,13.31,-0.34999999999999964,-2.6296,57260.61,74996.979
601595.SH,20210322,12.64,13.34,12.42,13.31,12.53,0.7800000000000011,6.2251,80940.56,104770.569
601595.SH,20210319,12.64,12.9,12.45,12.53,12.8,-0.27000000000000135,-2.1094,44322.96,56007.496
601595.SH,20210318,12.66,12.93,12.61,12.8,12.77,0.030000000000001137,0.2349,37415.94,47731.594
601595.SH,20210317,12.89,12.89,12.61,12.77,12.88,-0.11000000000000121,-0.854,47908.4,61095.773
601595.SH,20210316,12.34,12.93,12.2,12.88,12.2,0.6800000000000015,5.5738,96720.6,122404.084
601595.SH,20210315,11.7,12.29,11.64,12.2,11.69,0.5099999999999998,4.3627,60888.0,73605.375
601595.SH,20210312,11.59,11.85,11.56,11.69,11.63,0.05999999999999872,0.5159,22606.2,26544.602
601595.SH,20210311,11.47,11.69,11.44,11.63,11.43,0.20000000000000107,1.7498,22281.42,25839.67
601595.SH,20210310,11.75,11.8,11.38,11.43,11.68,-0.25,-2.1404,23248.6,26865.233
601595.SH,20210309,11.78,11.98,11.24,11.68,11.72,-0.040000000000000924,-0.3413,43879.6,51457.687
601595.SH,20210308,12.01,12.09,11.71,11.72,11.92,-0.1999999999999993,-1.6779,27842.8,32994.399
601595.SH,20210305,11.65,11.96,11.59,11.92,11.69,0.23000000000000043,1.9675,30968.31,36672.222
601595.SH,20210304,11.64,11.86,11.63,11.69,11.7,-0.009999999999999787,-0.0855,30613.91,35964.226
601595.SH,20210303,11.46,11.8,11.42,11.7,11.48,0.21999999999999886,1.9164,29202.0,34128.215
601595.SH,20210302,11.65,11.71,11.44,11.48,11.63,-0.15000000000000036,-1.2898,23239.91,26815.957
601595.SH,20210301,11.29,11.84,11.25,11.63,11.28,0.3500000000000014,3.1028,36232.31,41852.363
601595.SH,20210226,11.22,11.47,11.2,11.28,11.43,-0.15000000000000036,-1.3123,23489.8,26549.885
601595.SH,20210225,11.59,11.68,11.41,11.43,11.61,-0.17999999999999972,-1.5504,24943.0,28726.511
601595.SH,20210224,11.59,11.79,11.41,11.61,11.59,0.019999999999999574,0.1726,38764.11,45028.851
601595.SH,20210223,11.2,11.82,11.18,11.59,11.31,0.27999999999999936,2.4757,53805.86,61887.528
601595.SH,20210222,11.55,11.56,11.27,11.31,11.58,-0.2699999999999996,-2.3316,52280.2,59645.038
601595.SH,20210219,11.48,11.64,11.34,11.58,11.62,-0.03999999999999915,-0.3442,55699.96,63959.278
601595.SH,20210218,12.0,12.37,11.5,11.62,11.65,-0.030000000000001137,-0.2575,105015.21,125470.359
601595.SH,20210210,11.28,11.68,11.11,11.65,11.25,0.40000000000000036,3.5556,52873.46,60487.031
601595.SH,20210209,11.05,11.3,10.97,11.25,11.23,0.019999999999999574,0.1781,37621.86,41937.297
601595.SH,20210208,10.46,11.28,10.44,11.23,10.41,0.8200000000000003,7.877,52754.2,57769.844
601595.SH,20210205,10.58,10.76,10.39,10.41,10.71,-0.3000000000000007,-2.8011,29634.3,31194.183
601595.SH,20210204,10.99,11.16,10.58,10.71,11.04,-0.3299999999999983,-2.9891,32917.5,35528.153
601595.SH,20210203,10.91,11.38,10.89,11.04,11.01,0.02999999999999936,0.2725,32689.8,36517.118
601595.SH,20210202,11.04,11.25,10.89,11.01,11.25,-0.2400000000000002,-2.1333,31283.6,34508.886
601595.SH,20210201,11.3,11.45,11.06,11.25,11.19,0.0600000000000005,0.5362,44435.15,50066.315
601595.SH,20210129,10.77,11.37,10.77,11.19,10.85,0.33999999999999986,3.1336,53192.55,59049.033
601595.SH,20210128,11.1,11.3,10.8,10.85,10.93,-0.08000000000000007,-0.7319,37223.0,41187.96
601595.SH,20210127,10.58,10.93,10.58,10.93,10.66,0.2699999999999996,2.5328,30146.6,32644.471
601595.SH,20210126,10.46,10.85,10.46,10.66,10.46,0.1999999999999993,1.912,24251.4,25864.377
601595.SH,20210125,10.58,10.74,10.38,10.46,10.6,-0.1399999999999988,-1.3208,21580.75,22667.718
601595.SH,20210122,10.72,10.72,10.51,10.6,10.76,-0.16000000000000014,-1.487,17339.05,18334.027
601595.SH,20210121,10.83,10.92,10.7,10.76,10.87,-0.10999999999999943,-1.012,23981.77,25903.507
601595.SH,20210120,11.01,11.09,10.82,10.87,11.03,-0.16000000000000014,-1.4506,21804.09,23806.466
601595.SH,20210119,10.7,11.3,10.65,11.03,10.76,0.2699999999999996,2.5093,36762.41,40634.693
601595.SH,20210118,10.72,10.86,10.67,10.76,10.77,-0.009999999999999787,-0.0929,16835.33,18146.937
601595.SH,20210115,10.61,10.83,10.57,10.77,10.62,0.15000000000000036,1.4124,18915.8,20235.095
601595.SH,20210114,10.54,10.9,10.42,10.62,10.5,0.11999999999999922,1.1429,29941.33,31992.151
601595.SH,20210113,10.54,10.54,10.23,10.5,10.5,0.0,0.0,25796.42,26748.711
601595.SH,20210112,10.35,10.5,10.26,10.5,10.4,0.09999999999999964,0.9615,22211.47,23052.172
601595.SH,20210111,10.7,10.7,10.25,10.4,10.76,-0.35999999999999943,-3.3457,40099.48,41762.351
601595.SH,20210108,10.55,10.94,10.53,10.76,10.62,0.14000000000000057,1.3183,24748.4,26681.941
601595.SH,20210107,11.02,11.18,10.53,10.62,11.12,-0.5,-4.4964,40216.4,43363.315
601595.SH,20210106,11.3,11.36,11.08,11.12,11.47,-0.3500000000000014,-3.0514,37550.8,42076.823
601595.SH,20210105,11.52,11.7,11.35,11.47,11.63,-0.16000000000000014,-1.3758,43686.0,50203.743
601595.SH,20210104,10.91,11.75,10.9,11.63,10.91,0.7200000000000006,6.5995,80609.07,92054.495
601595.SH,20201231,10.27,11.1,10.25,10.91,10.28,0.6300000000000008,6.1284,49471.87,53214.304
601595.SH,20201230,10.33,10.42,10.2,10.28,10.34,-0.0600000000000005,-0.5803,21588.65,22264.89
601595.SH,20201229,10.38,10.56,10.3,10.34,10.37,-0.02999999999999936,-0.2893,29477.6,30707.911
601595.SH,20201228,11.05,11.05,10.33,10.37,11.1,-0.7300000000000004,-6.5766,65960.48,69583.469
601595.SH,20201225,11.1,11.2,11.05,11.1,11.06,0.03999999999999915,0.3617,13718.34,15257.604
601595.SH,20201224,11.23,11.3,10.97,11.06,11.21,-0.15000000000000036,-1.3381,20850.2,23131.881
601595.SH,20201223,11.25,11.34,11.18,11.21,11.32,-0.10999999999999943,-0.9717,19673.4,22085.951
601595.SH,20201222,11.64,11.73,11.24,11.32,11.73,-0.41000000000000014,-3.4953,31908.21,36390.004
601595.SH,20201221,11.86,11.88,11.7,11.73,11.92,-0.1899999999999995,-1.594,21370.8,25162.138
601595.SH,20201218,11.7,11.96,11.67,11.92,11.73,0.1899999999999995,1.6198,19957.6,23631.11
601595.SH,20201217,11.65,11.78,11.5,11.73,11.65,0.08000000000000007,0.6867,14492.41,16885.879
601595.SH,20201216,11.75,11.77,11.55,11.65,11.84,-0.1899999999999995,-1.6047,15827.8,18443.182
601595.SH,20201215,11.6,12.05,11.6,11.84,11.56,0.27999999999999936,2.4221,29564.64,35143.418
601595.SH,20201214,11.53,11.58,11.4,11.56,11.53,0.030000000000001137,0.2602,9760.8,11243.383
601595.SH,20201211,11.75,11.75,11.43,11.53,11.75,-0.22000000000000064,-1.8723,24038.8,27722.68
601595.SH,20201210,11.68,11.78,11.59,11.75,11.71,0.03999999999999915,0.3416,13039.4,15274.935
601595.SH,20201209,12.06,12.06,11.61,11.71,12.06,-0.34999999999999964,-2.9022,28656.4,33866.333
601595.SH,20201208,12.36,12.36,12.0,12.06,12.31,-0.25,-2.0309,23874.2,28951.216
601595.SH,20201207,12.48,12.49,12.3,12.31,12.47,-0.16000000000000014,-1.2831,13313.0,16459.934
601595.SH,20201204,12.58,12.62,12.36,12.47,12.58,-0.10999999999999943,-0.8744,24216.0,30214.131
601595.SH,20201203,12.57,12.68,12.49,12.58,12.57,0.009999999999999787,0.0796,17095.4,21533.875
601595.SH,20201202,12.66,12.69,12.52,12.57,12.64,-0.07000000000000028,-0.5538,25800.8,32497.739
601595.SH,20201201,12.29,12.72,12.19,12.64,12.2,0.4400000000000013,3.6066,40667.82,50843.074
601595.SH,20201130,12.42,12.48,12.19,12.2,12.46,-0.26000000000000156,-2.0867,28684.4,35412.208
601595.SH,20201127,12.41,12.54,12.31,12.46,12.48,-0.019999999999999574,-0.1603,17009.2,21113.048
601595.SH,20201126,12.38,12.57,12.38,12.48,12.44,0.040000000000000924,0.3215,19377.6,24158.396
601595.SH,20201125,12.52,12.76,12.44,12.44,12.48,-0.040000000000000924,-0.3205,27729.47,34874.485
601595.SH,20201124,12.5,12.74,12.42,12.48,12.45,0.030000000000001137,0.241,35137.85,44079.49
601595.SH,20201123,12.76,12.86,12.44,12.45,12.9,-0.45000000000000107,-3.4884,57118.01,71712.661
601595.SH,20201120,12.85,12.98,12.67,12.9,12.86,0.040000000000000924,0.311,38775.8,49747.5
601595.SH,20201119,12.36,12.97,12.25,12.86,12.35,0.5099999999999998,4.1296,78722.32,100417.73
601595.SH,20201118,12.08,12.45,11.99,12.35,12.05,0.29999999999999893,2.4896,48354.39,59294.964
601595.SH,20201117,12.17,12.31,11.99,12.05,12.12,-0.06999999999999851,-0.5776,33685.8,40892.347
601595.SH,20201116,11.98,12.17,11.84,12.12,11.9,0.21999999999999886,1.8487,32817.61,39565.361
601595.SH,20201113,11.71,12.05,11.63,11.9,11.7,0.20000000000000107,1.7094,45211.41,53677.656
601595.SH,20201112,11.72,11.89,11.64,11.7,11.74,-0.040000000000000924,-0.3407,36032.06,42237.52
601595.SH,20201111,11.91,11.91,11.7,11.74,12.0,-0.2599999999999998,-2.1667,53560.2,63075.378
601595.SH,20201110,12.5,12.8,11.82,12.0,11.72,0.27999999999999936,2.3891,113061.41,137725.473
601595.SH,20201109,11.57,11.81,11.49,11.72,11.53,0.19000000000000128,1.6479,38680.0,45285.623
601595.SH,20201106,11.49,11.76,11.42,11.53,11.5,0.02999999999999936,0.2609,39375.6,45557.935
601595.SH,20201105,11.28,11.5,11.23,11.5,11.25,0.25,2.2222,29622.8,33704.041
601595.SH,20201104,11.64,11.65,11.19,11.25,11.46,-0.21000000000000085,-1.8325,28475.2,32270.401
601595.SH,20201103,11.2,11.5,11.14,11.46,11.21,0.25,2.2302,31734.4,36058.654
601595.SH,20201102,11.52,11.55,11.0,11.21,11.39,-0.17999999999999972,-1.5803,42914.4,48079.143
601595.SH,20201030,11.77,11.89,11.36,11.39,11.8,-0.41000000000000014,-3.4746,25123.0,29224.817
601595.SH,20201029,11.7,11.92,11.57,11.8,11.82,-0.019999999999999574,-0.1692,19039.73,22407.347
601595.SH,20201028,11.8,11.84,11.48,11.82,11.8,0.019999999999999574,0.1695,23491.0,27351.13
601595.SH,20201027,11.91,11.95,11.73,11.8,12.04,-0.23999999999999844,-1.9934,22618.33,26733.714
601595.SH,20201026,12.4,12.41,12.01,12.04,12.52,-0.4800000000000004,-3.8339,26787.27,32503.183
601595.SH,20201023,12.62,12.69,12.45,12.52,12.61,-0.08999999999999986,-0.7137,15028.92,18863.289
601595.SH,20201022,12.75,12.76,12.55,12.61,12.76,-0.15000000000000036,-1.1755,14363.2,18135.231
601595.SH,20201021,12.6,12.82,12.57,12.76,12.6,0.16000000000000014,1.2698,21117.2,26739.006
601595.SH,20201020,12.53,12.64,12.5,12.6,12.58,0.019999999999999574,0.159,14214.4,17879.71
601595.SH,20201019,12.52,12.72,12.47,12.58,12.53,0.05000000000000071,0.399,22043.72,27797.94
601595.SH,20201016,12.88,12.88,12.42,12.53,12.84,-0.3100000000000005,-2.4143,42860.92,53885.039
601595.SH,20201015,13.09,13.16,12.84,12.84,13.16,-0.3200000000000003,-2.4316,39531.76,51458.401
601595.SH,20201014,13.31,13.4,13.14,13.16,13.51,-0.34999999999999964,-2.5907,34460.4,45592.567
601595.SH,20201013,13.32,13.56,13.1,13.51,13.42,0.08999999999999986,0.6706,44941.74,59792.617
601595.SH,20201012,13.26,13.44,13.09,13.42,13.33,0.08999999999999986,0.6752,49060.94,64942.091
601595.SH,20201009,13.6,13.6,13.01,13.33,13.41,-0.08000000000000007,-0.5966,44876.8,59282.7
601595.SH,20200930,13.36,13.41,13.24,13.41,13.36,0.05000000000000071,0.3743,17090.69,22763.548
601595.SH,20200929,13.64,13.64,13.32,13.36,13.54,-0.17999999999999972,-1.3294,24982.2,33493.81
601595.SH,20200928,13.6,13.73,13.46,13.54,13.54,0.0,0.0,15715.0,21318.526
601595.SH,20200925,13.86,14.03,13.48,13.54,13.91,-0.370000000000001,-2.66,28041.4,38338.292
601595.SH,20200924,13.98,14.15,13.86,13.91,14.03,-0.11999999999999922,-0.8553,21847.85,30524.198
601595.SH,20200923,14.1,14.1,13.95,14.03,14.06,-0.030000000000001137,-0.2134,17475.3,24501.704
601595.SH,20200922,14.28,14.28,13.93,14.06,14.4,-0.33999999999999986,-2.3611,28790.2,40588.072
601595.SH,20200921,14.24,14.4,14.17,14.4,14.23,0.16999999999999993,1.1947,30314.4,43371.21
601595.SH,20200918,14.0,14.26,13.87,14.23,14.01,0.22000000000000064,1.5703,32609.4,45710.786
601595.SH,20200917,14.27,14.29,13.95,14.01,14.33,-0.3200000000000003,-2.2331,34997.62,49230.169
601595.SH,20200916,14.33,14.62,14.2,14.33,14.13,0.1999999999999993,1.4154,64412.82,92860.144
601595.SH,20200915,14.13,14.14,14.01,14.13,14.1,0.030000000000001137,0.2128,24430.6,34386.427
601595.SH,20200914,14.03,14.21,13.93,14.1,13.99,0.10999999999999943,0.7863,23179.0,32598.932
601595.SH,20200911,13.88,14.17,13.81,13.99,14.0,-0.009999999999999787,-0.0714,26396.85,36879.347
601595.SH,20200910,14.37,14.42,13.9,14.0,14.19,-0.1899999999999995,-1.339,30152.4,42612.731
601595.SH,20200909,14.64,14.75,14.11,14.19,14.93,-0.7400000000000002,-4.9565,47828.2,68731.249
601595.SH,20200908,15.02,15.14,14.67,14.93,15.0,-0.07000000000000028,-0.4667,40178.87,59678.486
601595.SH,20200907,15.74,15.74,15.0,15.0,15.67,-0.6699999999999999,-4.2757,60702.6,93132.458
601595.SH,20200904,15.21,15.7,15.08,15.67,15.5,0.16999999999999993,1.0968,53084.6,81784.376
601595.SH,20200903,15.54,15.78,15.43,15.5,15.66,-0.16000000000000014,-1.0217,48998.6,76432.264
601595.SH,20200902,15.44,15.87,15.3,15.66,15.38,0.27999999999999936,1.8205,88998.2,138548.204
601595.SH,20200901,15.5,15.84,15.18,15.38,15.58,-0.1999999999999993,-1.2837,56649.6,87204.949
601595.SH,20200831,15.7,16.11,15.51,15.58,15.69,-0.10999999999999943,-0.7011,55197.0,87161.124
601595.SH,20200828,15.43,15.88,15.42,15.69,15.69,0.0,0.0,55330.4,86560.438
601595.SH,20200827,16.0,16.16,15.55,15.69,16.03,-0.34000000000000163,-2.121,45807.82,72165.79
601595.SH,20200826,15.76,16.3,15.35,16.03,15.84,0.19000000000000128,1.1995,95211.22,151097.946
601595.SH,20200825,16.17,16.29,15.69,15.84,16.22,-0.379999999999999,-2.3428,87189.0,139069.403
601595.SH,20200824,16.5,16.5,15.73,16.22,16.48,-0.26000000000000156,-1.5777,110459.0,177732.345
601595.SH,20200821,15.39,16.8,15.39,16.48,15.3,1.1799999999999997,7.7124,190342.09,307286.667
601595.SH,20200820,15.15,15.5,15.01,15.3,15.26,0.040000000000000924,0.2621,52040.41,79703.983
601595.SH,20200819,15.45,15.63,15.0,15.26,15.63,-0.370000000000001,-2.3672,81105.27,123416.045
601595.SH,20200818,15.48,15.74,15.32,15.63,15.47,0.16000000000000014,1.0343,82006.0,127078.651
601595.SH,20200817,15.38,15.66,14.94,15.47,15.32,0.15000000000000036,0.9791,99525.17,151799.846
601595.SH,20200814,15.45,15.85,15.1,15.32,15.45,-0.129999999999999,-0.8414,89493.53,137755.947
601595.SH,20200813,14.99,15.76,14.66,15.45,14.94,0.5099999999999998,3.4137,152901.84,234744.379
601595.SH,20200812,14.1,15.09,14.1,14.94,14.2,0.7400000000000002,5.2113,125111.62,183729.673
601595.SH,20200811,14.2,14.77,14.18,14.2,14.19,0.009999999999999787,0.0705,63045.74,90832.357
601595.SH,20200810,14.0,14.25,13.92,14.19,13.87,0.3200000000000003,2.3071,33891.73,47875.422
601595.SH,20200807,14.14,14.16,13.69,13.87,14.14,-0.27000000000000135,-1.9095,36680.11,50851.695
601595.SH,20200806,14.33,14.36,14.05,14.14,14.33,-0.1899999999999995,-1.3259,35444.11,50157.015
601595.SH,20200805,14.21,14.42,14.03,14.33,14.33,0.0,0.0,37842.08,53885.032
601595.SH,20200804,14.6,14.61,14.15,14.33,14.6,-0.2699999999999996,-1.8493,64336.8,92313.592
601595.SH,20200803,14.1,14.66,14.04,14.6,13.83,0.7699999999999996,5.5676,111062.78,160538.085
601595.SH,20200731,14.03,14.16,13.68,13.83,14.06,-0.23000000000000043,-1.6358,56328.05,78116.527
601595.SH,20200730,14.4,14.41,14.0,14.06,14.33,-0.2699999999999996,-1.8842,37882.0,53519.269
601595.SH,20200729,14.09,14.33,13.7,14.33,14.13,0.1999999999999993,1.4154,47038.59,66138.13
601595.SH,20200728,14.23,14.44,14.0,14.13,14.19,-0.05999999999999872,-0.4228,27193.0,38512.58
601595.SH,20200727,14.91,14.94,14.0,14.19,14.89,-0.7000000000000011,-4.7011,52638.57,75260.293
601595.SH,20200724,14.5,15.3,14.4,14.89,14.47,0.41999999999999993,2.9026,77864.4,115397.938
601595.SH,20200723,14.3182,14.5085,13.9706,14.4672,14.492,-0.02480000000000082,-0.1711,43141.28,74092.046
601595.SH,20200722,14.7568,14.7568,14.401,14.492,14.7486,-0.25659999999999883,-1.7398,59812.28,104681.8
601595.SH,20200721,15.1458,15.2286,14.5251,14.7486,15.1127,-0.36410000000000053,-2.4092,61987.37,110391.007
601595.SH,20200720,14.9058,15.5845,14.9058,15.1127,14.5996,0.5130999999999997,3.5145,83678.88,153270.648
601595.SH,20200717,14.8148,14.8231,13.8216,14.5996,15.0713,-0.47170000000000023,-3.1298,114455.93,197037.722
601595.SH,20200716,15.2286,16.2218,14.7568,15.0713,15.1541,-0.08279999999999887,-0.5464,188417.71,349861.269
601595.SH,20200715,15.7252,15.7252,14.9224,15.1541,15.841,-0.6868999999999996,-4.3362,87003.0,160752.117
601595.SH,20200714,15.2203,16.0893,15.03,15.841,15.0796,0.7614000000000001,5.0492,152673.23,289106.216
601595.SH,20200713,14.9637,15.3114,13.623,15.0796,15.1376,-0.058000000000001606,-0.3832,119770.9,215718.998
601595.SH,20200710,15.0713,16.1224,15.0713,15.1376,15.3858,-0.24819999999999887,-1.6132,160080.37,301454.042
601595.SH,20200709,14.8148,15.4024,14.5996,15.3858,14.8975,0.48829999999999885,3.2777,113276.54,204759.637
601595.SH,20200708,14.5582,15.212,14.4175,14.8975,14.6906,0.20690000000000097,1.4084,83527.5,149457.679
601595.SH,20200707,14.0947,15.1872,13.863,14.6906,13.9789,0.7117000000000004,5.0912,112638.26,198176.051
601595.SH,20200706,13.2423,14.194,13.1843,13.9789,13.1926,0.7862999999999989,5.9602,87133.66,144364.641
601595.SH,20200703,13.2423,13.3912,13.0353,13.1926,13.2505,-0.05790000000000006,-0.437,44475.0,70788.08
601595.SH,20200702,12.8119,13.3747,12.7043,13.2505,12.8119,0.438600000000001,3.4234,53106.15,84505.154
601595.SH,20200701,12.4808,12.8698,12.4312,12.8119,12.4808,0.3310999999999993,2.6529,38752.46,59482.928
601595.SH,20200630,12.067,12.5801,12.067,12.4808,11.976,0.5047999999999995,4.2151,36571.07,54836.007
601595.SH,20200629,12.2656,12.2656,11.9429,11.976,12.2739,-0.2978999999999985,-2.4271,19919.0,29041.938
601595.SH,20200624,12.3236,12.4229,12.2408,12.2739,12.4063,-0.13240000000000052,-1.0672,19280.0,28665.173
601595.SH,20200623,12.2987,12.5801,12.2325,12.4063,12.3319,0.07440000000000069,0.6033,22881.0,34290.34
601595.SH,20200622,12.4891,12.5139,12.1912,12.3319,12.4891,-0.15720000000000134,-1.2587,29375.0,43669.124
601595.SH,20200619,12.4146,12.6298,12.3319,12.4891,12.4146,0.07450000000000045,0.6001,29010.02,43861.575
601595.SH,20200618,12.2739,12.5884,12.1249,12.4146,12.2822,0.13240000000000052,1.078,35732.97,53360.218
601595.SH,20200617,12.3567,12.4477,12.2077,12.2822,12.4477,-0.16549999999999976,-1.3296,22892.99,34016.12
601595.SH,20200616,12.0173,12.456,11.9346,12.4477,12.0505,0.3971999999999998,3.2961,59904.08,88497.742
601595.SH,20200615,12.8367,13.0685,12.0008,12.0505,13.325,-1.2744999999999997,-9.5647,102025.93,152779.086
601595.SH,20200612,13.0767,13.5568,13.0436,13.325,13.4823,-0.1573000000000011,-1.1667,42307.0,68166.685
601595.SH,20200611,13.4326,13.6561,13.1843,13.4823,13.4078,0.07450000000000045,0.5556,52952.09,85797.049
601595.SH,20200610,13.1678,13.6975,13.0105,13.4078,13.234,0.17379999999999995,1.3133,59135.0,95356.837
601595.SH,20200609,13.1181,13.4905,13.1181,13.234,13.3002,-0.06620000000000026,-0.4977,40996.0,65779.49
601595.SH,20200608,13.4574,13.623,13.1098,13.3002,13.5319,-0.23170000000000002,-1.7123,79744.98,128173.435
601595.SH,20200605,12.8533,13.954,12.5636,13.5319,12.8367,0.6951999999999998,5.4157,130032.49,211155.356
601595.SH,20200604,13.176,13.1843,12.7705,12.8367,13.1264,-0.28969999999999985,-2.207,56030.55,87445.038
601595.SH,20200603,13.0767,13.4078,12.9443,13.1264,13.0105,0.11589999999999989,0.8908,57673.0,92081.427
601595.SH,20200602,13.2919,13.4409,12.9774,13.0105,13.3333,-0.3227999999999991,-2.421,60650.48,96187.82
601595.SH,20200601,13.3333,13.6064,13.2423,13.3333,13.3333,0.0,0.0,73343.0,118752.989
601595.SH,20200529,13.2588,13.5154,13.1347,13.3333,13.4326,-0.09930000000000128,-0.7392,56598.0,90664.636
601595.SH,20200528,13.1098,13.474,13.0767,13.4326,13.325,0.10760000000000147,0.8075,56184.0,90227.608
601595.SH,20200527,12.8036,13.7057,12.6132,13.325,12.8202,0.5047999999999995,3.9375,87168.46,138901.527
601595.SH,20200526,12.7871,12.9857,12.605,12.8202,12.8864,-0.06620000000000026,-0.5137,53645.02,82887.676
601595.SH,20200525,12.2905,12.994,12.2574,12.8864,12.4891,0.39729999999999954,3.1812,81905.95,124363.534
601595.SH,20200522,11.8187,12.6629,11.7525,12.4891,11.8766,0.6125000000000007,5.1572,102184.47,150815.978
601595.SH,20200521,11.7277,11.9511,11.6863,11.8766,11.7359,0.14069999999999894,1.1989,34434.62,49178.923
601595.SH,20200520,11.7691,11.9925,11.6863,11.7359,11.7691,-0.03319999999999901,-0.2821,37818.04,53979.517
601595.SH,20200519,11.9098,11.9594,11.7028,11.7691,11.8104,-0.04129999999999967,-0.3497,28416.55,40564.089
601595.SH,20200518,11.7773,11.9098,11.5373,11.8104,11.8766,-0.06620000000000026,-0.5574,36879.0,52394.872
601595.SH,20200515,11.8766,11.918,11.6697,11.8766,11.9511,-0.07450000000000045,-0.6234,48011.0,68293.094
601595.SH,20200514,12.067,12.5801,11.7608,11.9511,12.067,-0.11589999999999989,-0.9605,73564.01,106944.801
601595.SH,20200513,12.2905,12.4394,12.0091,12.067,12.5139,-0.4468999999999994,-3.5712,82146.9,120780.937
601595.SH,20200512,11.5456,12.6629,11.3635,12.5139,11.5125,1.0014000000000003,8.6984,167676.74,250284.725
601595.SH,20200511,12.2822,12.3319,11.3966,11.5125,12.0091,-0.4966000000000008,-4.1352,101679.75,145639.18
601595.SH,20200508,11.7028,12.1249,11.5953,12.0091,11.6946,0.31450000000000067,2.6893,60405.49,86740.513
601595.SH,20200507,11.4628,11.9015,11.2642,11.6946,11.4628,0.23179999999999978,2.0222,49982.0,70242.962
601595.SH,20200506,11.5042,11.6201,11.1732,11.4628,11.6366,-0.17379999999999995,-1.4936,56912.15,78195.463
601595.SH,20200430,11.529,11.9429,11.529,11.6366,11.4214,0.2151999999999994,1.8842,61589.0,87253.735
601595.SH,20200429,11.4049,11.7939,11.3056,11.4214,11.3139,0.10749999999999993,0.9502,46900.68,65625.241
601595.SH,20200428,11.4214,11.8766,11.0159,11.3139,11.3883,-0.07439999999999891,-0.6533,51055.81,70519.281
601595.SH,20200427,10.8255,11.8849,10.7759,11.3883,10.8835,0.5047999999999995,4.6382,78000.33,108193.204
601595.SH,20200424,11.0904,11.14,10.8007,10.8835,11.0738,-0.19030000000000058,-1.7185,27695.61,36521.654
601595.SH,20200423,11.1483,11.289,10.958,11.0738,11.14,-0.06620000000000026,-0.5943,36956.69,49651.38
601595.SH,20200422,10.958,11.1897,10.8007,11.14,10.958,0.18200000000000038,1.6609,44937.1,60091.948
601595.SH,20200421,10.7842,11.0904,10.7097,10.958,10.8421,0.11589999999999989,1.069,51575.03,68093.238
601595.SH,20200420,10.5938,10.9497,10.5028,10.8421,10.7097,0.13240000000000052,1.2363,62410.03,81315.748
601595.SH,20200417,10.0227,10.8421,10.0227,10.7097,10.0227,0.6869999999999994,6.8544,106721.68,135344.737
601595.SH,20200416,10.0889,10.0889,9.94,10.0227,10.1469,-0.12420000000000009,-1.224,18330.0,22172.048
601595.SH,20200415,10.0972,10.2793,10.0476,10.1469,10.1552,-0.008300000000000196,-0.0817,28288.0,34785.437
601595.SH,20200414,9.9896,10.2214,9.94,10.1552,9.9565,0.19870000000000054,1.9957,25399.0,30857.612
601595.SH,20200413,10.1883,10.1883,9.882,9.9565,10.2793,-0.3227999999999991,-3.1403,35049.85,42311.264
601595.SH,20200410,10.4697,10.5524,10.18,10.2793,10.4945,-0.21520000000000117,-2.0506,48837.99,61002.401
601595.SH,20200409,10.5855,10.8504,10.4448,10.4945,10.5938,-0.0992999999999995,-0.9373,68709.85,88042.135
601595.SH,20200408,10.2627,10.6104,10.18,10.5938,10.4283,0.16549999999999976,1.587,73860.41,93235.491
601595.SH,20200407,10.2627,10.7014,10.0972,10.4283,10.2959,0.13240000000000052,1.2859,113766.13,141888.801
601595.SH,20200403,9.6668,10.7511,9.5758,10.2959,9.7744,0.5214999999999996,5.3354,106117.64,133841.898
601595.SH,20200402,9.5427,9.7744,9.4599,9.7744,9.642,0.13240000000000052,1.3732,35001.0,40513.34
601595.SH,20200401,9.7662,9.8489,9.5593,9.642,9.8489,-0.20690000000000097,-2.1007,28523.42,33481.609
601595.SH,20200331,10.0145,10.0558,9.5593,9.8489,10.0227,-0.17379999999999995,-1.7341,50532.01,59812.508
601595.SH,20200330,10.0145,10.1717,9.6917,10.0227,10.7676,-0.7448999999999995,-6.918,78898.35,94230.653
601595.SH,20200327,10.9249,11.2228,10.5359,10.7676,10.8504,-0.08280000000000065,-0.7631,104505.0,137791.64
601595.SH,20200326,10.5607,10.9745,10.4862,10.8504,10.5855,0.2649000000000008,2.5025,73989.0,96170.516
601595.SH,20200325,10.4945,10.7014,10.3786,10.5855,10.3041,0.28139999999999965,2.731,41259.56,52668.004
601595.SH,20200324,10.3869,10.4779,10.1552,10.3041,10.18,0.12410000000000032,1.2191,24075.7,30025.883
601595.SH,20200323,10.18,10.3869,10.1055,10.18,10.5193,-0.3392999999999997,-3.2255,25630.0,31718.324
601595.SH,20200320,10.2214,10.5441,10.1303,10.5193,10.0889,0.4303999999999988,4.2661,36651.35,45748.677
601595.SH,20200319,10.0558,10.2545,9.8075,10.0889,10.0558,0.03310000000000102,0.3292,21687.58,26279.142
601595.SH,20200318,10.3786,10.5028,10.0393,10.0558,10.2627,-0.20690000000000097,-2.016,24510.41,30446.14
601595.SH,20200317,10.5193,10.6766,10.1634,10.2627,10.4945,-0.23179999999999978,-2.2088,25360.0,31687.078
601595.SH,20200316,10.8918,10.9745,10.4448,10.4945,10.8918,-0.39729999999999954,-3.6477,30680.85,39807.422
601595.SH,20200313,10.5607,10.9249,10.1883,10.8918,11.1152,-0.22339999999999982,-2.0099,41773.74,53534.442
601595.SH,20200312,11.3221,11.3883,11.049,11.1152,11.5787,-0.4634999999999998,-4.003,48222.0,65155.362
601595.SH,20200311,11.2725,11.9511,11.0904,11.5787,11.2725,0.3061999999999987,2.7163,92753.0,129221.736
601595.SH,20200310,10.7924,11.3966,10.6931,11.2725,10.9249,0.3476000000000017,3.1817,58031.84,77851.267
601595.SH,20200309,11.0076,11.2476,10.9,10.9249,11.0242,-0.09930000000000128,-0.9007,37120.0,49533.958
601595.SH,20200306,10.9166,11.1649,10.8918,11.0242,11.0573,-0.03309999999999924,-0.2993,21304.0,28397.208
601595.SH,20200305,10.7924,11.1318,10.7428,11.0573,10.7345,0.3227999999999991,3.0071,40021.8,53003.93
601595.SH,20200304,10.5276,10.7428,10.511,10.7345,10.6435,0.09100000000000108,0.855,13986.0,18024.915
601595.SH,20200303,10.8007,10.8835,10.5276,10.6435,10.7014,-0.05790000000000006,-0.5411,25270.83,32795.039
601595.SH,20200302,10.1965,10.958,10.1717,10.7014,10.0889,0.6124999999999989,6.071,36078.0,45911.81
601595.SH,20200228,10.4779,10.4779,10.0807,10.0889,10.7924,-0.7035,-6.5185,38333.93,47569.441
601595.SH,20200227,11.0076,11.0987,10.7014,10.7924,11.1566,-0.3641999999999985,-3.2644,41703.7,54679.02
601595.SH,20200226,10.7593,11.4214,10.7097,11.1566,10.9249,0.23170000000000002,2.1208,49221.23,65632.719
601595.SH,20200225,10.9331,11.049,10.5359,10.9249,11.2063,-0.2814000000000014,-2.5111,39279.89,51489.455
601595.SH,20200224,11.2145,11.2394,10.8586,11.2063,11.2145,-0.008199999999998653,-0.0731,43005.62,57441.773
601595.SH,20200221,11.2807,11.3801,11.1318,11.2145,11.289,-0.07450000000000045,-0.6599,36905.0,50190.01
601595.SH,20200220,11.0159,11.5704,10.9497,11.289,10.9249,0.36410000000000053,3.3328,57246.0,78306.413
601595.SH,20200219,11.0573,11.198,10.9166,10.9249,11.14,-0.2151000000000014,-1.9309,24528.0,32591.442
601595.SH,20200218,10.9249,11.1483,10.8586,11.14,10.8669,0.27310000000000123,2.5131,26644.99,35540.248
601595.SH,20200217,10.4614,10.9083,10.4034,10.8669,10.5028,0.36409999999999876,3.4667,36489.26,47406.844
601595.SH,20200214,10.4945,10.5276,10.2379,10.5028,10.4614,0.041400000000001214,0.3957,30031.59,37717.755
601595.SH,20200213,10.511,10.66,10.3869,10.4614,10.6104,-0.1490000000000009,-1.4043,24692.4,31433.298
601595.SH,20200212,10.6352,10.6766,10.4034,10.6104,10.5441,0.06630000000000003,0.6288,28513.78,36275.409
601595.SH,20200211,10.4697,10.9331,10.4034,10.5441,10.4697,0.07440000000000069,0.7106,45682.7,58878.452
601595.SH,20200210,10.4697,10.5276,10.2627,10.4697,10.6435,-0.17379999999999995,-1.6329,30119.0,37837.697
601595.SH,20200207,10.1303,10.6435,10.0558,10.6435,10.2048,0.438699999999999,4.299,41678.6,52044.684
601595.SH,20200206,9.9234,10.3207,9.7579,10.2048,9.9565,0.2483000000000004,2.4938,42593.14,51725.768
601595.SH,20200205,9.5593,10.1469,9.4682,9.9565,9.493,0.4634999999999998,4.8825,60431.99,71557.229
601595.SH,20200204,9.0627,9.8489,9.0627,9.493,10.0724,-0.5793999999999997,-5.7524,83840.21,95003.38
601595.SH,20200203,10.0724,10.0724,10.0724,10.0724,11.1897,-1.1173000000000002,-9.9851,3187.0,3878.579
601595.SH,20200123,11.4628,11.5787,10.9911,11.1897,11.7111,-0.5213999999999999,-4.4522,45305.59,62004.142
601595.SH,20200122,11.8187,11.8353,11.529,11.7111,11.9429,-0.23179999999999978,-1.9409,39751.0,55907.503
601595.SH,20200121,12.1912,12.2077,11.9346,11.9429,12.3567,-0.41380000000000017,-3.3488,40624.25,59160.941
601595.SH,20200120,12.7043,12.7705,12.2325,12.3567,12.7043,-0.3475999999999999,-2.7361,56872.0,84817.603
601595.SH,20200117,12.6877,12.9278,12.5967,12.7043,12.696,0.008300000000000196,0.0654,27534.15,42374.808
601595.SH,20200116,12.8781,12.9526,12.6795,12.696,12.9029,-0.20690000000000097,-1.6035,24569.0,37922.687
601595.SH,20200115,12.9278,12.9526,12.6795,12.9029,12.9526,-0.04969999999999963,-0.3837,27619.77,42745.379
601595.SH,20200114,13.1016,13.2423,12.9195,12.9526,13.0685,-0.11589999999999989,-0.8869,31548.12,49794.501
601595.SH,20200113,12.8202,13.0685,12.7705,13.0685,12.8367,0.23179999999999978,1.8058,29090.77,45486.112
601595.SH,20200110,12.936,13.0519,12.7539,12.8367,12.9195,-0.08279999999999887,-0.6409,28290.0,43952.189
601595.SH,20200109,12.9526,13.1429,12.8367,12.9195,12.7788,0.14069999999999894,1.101,36245.0,56822.898
601595.SH,20200108,13.325,13.325,12.7539,12.7788,13.4492,-0.670399999999999,-4.9847,63332.54,99769.342
601595.SH,20200107,12.9526,13.5154,12.9112,13.4492,12.9278,0.5213999999999999,4.0332,83218.07,133420.12
601595.SH,20200106,12.6381,13.1843,12.547,12.9278,12.8284,0.09939999999999927,0.7748,60497.13,94229.954
601595.SH,20200103,12.5801,12.8284,12.4725,12.8284,12.5222,0.30620000000000047,2.4453,58739.28,89769.675
601595.SH,20200102,12.0505,12.7208,12.0505,12.5222,12.0091,0.5130999999999997,4.2726,65325.85,98441.944
601595.SH,20191231,12.1332,12.1415,11.9842,12.0091,12.158,-0.14889999999999937,-1.2247,29597.0,43026.734
601595.SH,20191230,12.1912,12.216,11.9346,12.158,12.2243,-0.06630000000000003,-0.5424,25894.0,37768.147
601595.SH,20191227,12.2243,12.456,12.1912,12.2243,12.2243,0.0,0.0,33124.44,49371.04
601595.SH,20191226,12.1663,12.2905,12.0918,12.2243,12.1912,0.03309999999999924,0.2715,23614.26,34744.426
601595.SH,20191225,12.1332,12.3236,12.0587,12.1912,12.1498,0.04139999999999944,0.3407,33968.0,50049.11
601595.SH,20191224,12.0091,12.2077,11.9842,12.1498,12.067,0.08280000000000065,0.6862,27806.59,40657.217
601595.SH,20191223,12.5884,12.6132,12.0173,12.067,12.5884,-0.5213999999999999,-4.1419,49863.87,73877.668
601595.SH,20191220,13.0519,13.0519,12.5801,12.5884,13.085,-0.4966000000000008,-3.7952,58425.87,89737.956
601595.SH,20191219,12.2905,13.1595,12.2656,13.085,12.2905,0.7945000000000011,6.4643,96851.5,150535.934
601595.SH,20191218,12.4063,12.4146,12.2574,12.2905,12.4063,-0.11580000000000013,-0.9334,30022.78,44645.167
601595.SH,20191217,12.3484,12.4891,12.2408,12.4063,12.3567,0.049599999999999866,0.4014,38068.0,56849.684
601595.SH,20191216,12.2077,12.4477,12.2077,12.3567,12.2077,0.14899999999999913,1.2205,36851.81,54978.804
601595.SH,20191213,12.1746,12.2822,12.0836,12.2077,12.1415,0.06620000000000026,0.5452,29644.0,43568.65
601595.SH,20191212,12.3236,12.3815,12.1249,12.1415,12.3236,-0.18210000000000015,-1.4777,36123.07,53359.378
601595.SH,20191211,12.365,12.5222,12.2491,12.3236,12.3732,-0.049599999999999866,-0.4009,42656.84,63813.273
601595.SH,20191210,11.9842,12.5636,11.918,12.3732,12.0339,0.3393000000000015,2.8195,68490.66,101860.669
601595.SH,20191209,12.1084,12.3484,11.9511,12.0339,12.1084,-0.07450000000000045,-0.6153,42629.0,62437.937
601595.SH,20191206,11.7773,12.1498,11.678,12.1084,11.7939,0.3144999999999989,2.6666,51126.62,73752.395
601595.SH,20191205,11.8187,11.9842,11.7028,11.7939,11.8435,-0.049599999999999866,-0.4188,45199.81,64595.67
601595.SH,20191204,11.4546,11.9015,11.4297,11.8435,11.5208,0.3227000000000011,2.801,51730.79,73540.051
601595.SH,20191203,11.0656,11.5621,11.0242,11.5208,11.0656,0.4551999999999996,4.1136,48582.15,66644.968
601595.SH,20191202,11.0076,11.0987,10.9745,11.0656,11.0159,0.04969999999999963,0.4512,12985.82,17354.121
601595.SH,20191129,11.0242,11.0656,10.9414,11.0159,11.0325,-0.016600000000000392,-0.1505,14193.08,18846.291
601595.SH,20191128,11.14,11.1483,11.0325,11.0325,11.14,-0.10749999999999993,-0.965,15331.0,20512.445
601595.SH,20191127,11.1732,11.2559,11.1069,11.14,11.1732,-0.03319999999999901,-0.2971,15746.0,21246.174
601595.SH,20191126,11.198,11.198,11.0738,11.1732,11.1483,0.024899999999998812,0.2234,14755.71,19877.898
601595.SH,20191125,11.2642,11.3387,11.0987,11.1483,11.3056,-0.15729999999999933,-1.3913,23320.59,31492.386
601595.SH,20191122,11.3056,11.4794,11.1897,11.3056,11.3139,-0.008300000000000196,-0.0734,30526.0,41861.87
601595.SH,20191121,11.1318,11.3883,11.0573,11.3139,11.2063,0.1075999999999997,0.9602,22091.0,29989.009
601595.SH,20191120,11.4049,11.4132,11.14,11.2063,11.4049,-0.198599999999999,-1.7414,24940.0,33982.001
601595.SH,20191119,11.0904,11.4049,11.049,11.4049,11.0987,0.30620000000000047,2.7589,33674.47,45794.377
601595.SH,20191118,11.0407,11.1483,10.9911,11.0987,11.0573,0.04139999999999944,0.3744,24674.82,33017.547
601595.SH,20191115,11.198,11.2394,11.049,11.0573,11.198,-0.1407000000000007,-1.2565,18107.47,24364.273
601595.SH,20191114,11.1483,11.2807,11.1483,11.198,11.1649,0.03310000000000102,0.2965,18499.44,25070.465
601595.SH,20191113,11.2145,11.2725,11.0821,11.1649,11.2145,-0.049599999999999866,-0.4423,17009.0,22951.041
601595.SH,20191112,11.0987,11.2145,10.9993,11.2145,11.1069,0.1075999999999997,0.9688,23309.56,31243.951
601595.SH,20191111,11.5042,11.5042,11.0904,11.1069,11.5621,-0.4551999999999996,-3.937,39430.27,53591.925
601595.SH,20191108,11.5042,11.7194,11.4959,11.5621,11.4959,0.06619999999999848,0.5759,32970.16,46159.536
601595.SH,20191107,11.4546,11.5125,11.3966,11.4959,11.4628,0.03310000000000102,0.2888,20718.27,28692.444
601595.SH,20191106,11.6118,11.6449,11.4297,11.4628,11.6118,-0.1490000000000009,-1.2832,25773.81,35838.497
601595.SH,20191105,11.5208,11.6201,11.4877,11.6118,11.5125,0.09930000000000128,0.8625,22984.43,32140.48
601595.SH,20191104,11.6118,11.7359,11.5125,11.5125,11.6035,-0.09100000000000108,-0.7842,27582.59,38707.048
601595.SH,20191101,11.3552,11.6449,11.3552,11.6035,11.4711,0.13240000000000052,1.1542,24333.0,33965.825
601595.SH,20191031,11.5042,11.7111,11.4463,11.4711,11.5373,-0.06620000000000026,-0.5738,38304.0,53601.644
601595.SH,20191030,11.9842,11.9842,11.5042,11.5373,11.9429,-0.40559999999999974,-3.3962,49272.0,69396.927
601595.SH,20191029,12.1415,12.1415,11.8932,11.9429,12.1001,-0.15719999999999956,-1.2992,32262.0,46789.099
601595.SH,20191028,11.9015,12.1994,11.8601,12.1001,11.9263,0.17379999999999995,1.4573,47897.22,69727.018
601595.SH,20191025,11.9015,11.9677,11.6863,11.9263,11.8932,0.03309999999999924,0.2783,38209.21,54536.636
601595.SH,20191024,11.8766,11.9429,11.7939,11.8932,11.8435,0.04969999999999963,0.4196,24046.0,34478.073
601595.SH,20191023,12.0008,12.0422,11.7939,11.8435,12.0008,-0.15729999999999933,-1.3107,30029.0,43288.16
601595.SH,20191022,11.9594,12.0422,11.8601,12.0008,11.9346,0.06620000000000026,0.5547,32510.97,46974.335
601595.SH,20191021,12.1663,12.1663,11.7525,11.9346,12.1415,-0.20690000000000097,-1.7041,42858.41,61523.178
601595.SH,20191018,12.4643,12.4808,12.0587,12.1415,12.456,-0.3144999999999989,-2.5249,57150.8,84427.376
601595.SH,20191017,12.5305,12.6298,12.4229,12.456,12.547,-0.09100000000000108,-0.7253,45210.0,68251.298
601595.SH,20191016,12.547,12.6298,12.3732,12.547,12.547,0.0,0.0,54309.0,81836.214
601595.SH,20191015,12.8698,12.8781,12.5305,12.547,12.8946,-0.3475999999999999,-2.6957,56992.47,86965.809
601595.SH,20191014,12.8946,12.994,12.7043,12.8946,12.8284,0.06620000000000026,0.516,63308.0,98460.527
601595.SH,20191011,13.0933,13.1843,12.6712,12.8284,13.0933,-0.264899999999999,-2.0232,86696.76,134402.527
601595.SH,20191010,12.994,13.1429,12.845,13.0933,13.0519,0.04139999999999944,0.3172,94506.3,148899.974
601595.SH,20191009,13.0105,13.2588,12.7291,13.0519,14.1444,-1.0924999999999994,-7.7239,157635.62,246907.381
601595.SH,20191008,14.1444,14.5499,14.1444,14.1444,15.7169,-1.5725000000000016,-10.0052,41907.67,71759.232
601595.SH,20190930,16.3873,16.3956,15.7169,15.7169,17.4632,-1.7462999999999997,-9.9999,133692.65,256976.359
601595.SH,20190927,17.5129,17.546,16.9418,17.4632,17.4632,0.0,0.0,114663.66,240037.6
601595.SH,20190926,16.859,17.695,16.6025,17.4632,16.8756,0.5876000000000019,3.482,133696.61,276380.174
601595.SH,20190925,17.7529,17.7529,16.7018,16.8756,17.6784,-0.8028000000000013,-4.5411,123327.93,257342.483
601595.SH,20190924,17.5046,17.8605,17.0494,17.6784,17.5046,0.17379999999999995,0.9929,117137.06,247484.629
601595.SH,20190923,16.8425,17.5212,16.5776,17.5046,16.5694,0.9351999999999983,5.6441,159925.11,328082.237
601595.SH,20190920,15.7831,16.5694,15.6921,16.5694,15.7748,0.7946000000000009,5.0371,95350.36,186886.323
601595.SH,20190919,15.5265,15.7997,15.3114,15.7748,15.4355,0.3393000000000015,2.1982,58113.17,109545.296
601595.SH,20190918,15.6424,15.7997,15.3114,15.4355,15.6424,-0.20690000000000097,-1.3227,80928.55,151741.017
601595.SH,20190917,16.5611,16.7018,15.4934,15.6424,16.4701,-0.8276999999999983,-5.0255,111942.46,215641.891
601595.SH,20190916,17.4632,17.5294,16.3459,16.4701,17.4549,-0.9847999999999999,-5.642,131437.15,265330.324
601595.SH,20190912,17.546,17.5874,16.9666,17.4549,17.3805,0.07439999999999714,0.4281,53087.64,110735.04
601595.SH,20190911,17.6619,17.7695,17.3308,17.3805,17.5129,-0.13239999999999696,-0.756,30967.31,65428.168
601595.SH,20190910,17.6536,17.877,17.2149,17.5129,17.6453,-0.13240000000000052,-0.7503,48106.69,101767.161
601595.SH,20190909,17.1239,17.6701,16.9749,17.6453,16.9335,0.7118000000000002,4.2035,69122.8,144432.924
601595.SH,20190906,16.8011,17.1984,16.6356,16.9335,16.8011,0.13239999999999696,0.788,47403.86,96811.695
601595.SH,20190905,16.9253,17.5294,16.7349,16.8011,16.8011,0.0,0.0,68155.07,140155.0
601595.SH,20190904,16.8094,17.1156,16.5776,16.8011,16.9666,-0.16549999999999798,-0.9754,29510.8,59908.94
601595.SH,20190903,16.6356,17.157,16.4866,16.9666,16.768,0.198599999999999,1.1844,52310.55,106171.408
601595.SH,20190902,15.9735,16.9749,15.7252,16.768,15.5762,1.1918000000000006,7.6514,88456.26,176546.219
601595.SH,20190830,15.9073,15.9652,15.4769,15.5762,15.7914,-0.2151999999999994,-1.3628,34301.38,65006.777
601595.SH,20190829,15.9817,16.0893,15.6507,15.7914,15.9735,-0.18210000000000015,-1.14,38678.31,73956.104
601595.SH,20190828,15.8659,16.1804,15.8245,15.9735,15.8576,0.11589999999999989,0.7309,39154.83,75495.984
601595.SH,20190827,15.8907,16.2963,15.7335,15.8576,15.9817,-0.12410000000000032,-0.7765,54077.0,104191.79
601595.SH,20190826,15.0548,16.1224,14.9886,15.9817,15.4438,0.5379000000000005,3.483,60399.04,114305.376
601595.SH,20190823,15.7997,16.1307,15.3527,15.4438,15.9073,-0.4634999999999998,-2.9138,56386.04,106565.918
601595.SH,20190822,15.3031,16.1804,15.3031,15.9073,15.3941,0.5131999999999994,3.3337,70797.74,135034.667
601595.SH,20190821,15.0713,15.4521,14.9803,15.3941,15.212,0.18210000000000015,1.1971,51389.07,94473.999
601595.SH,20190820,14.7651,15.6755,14.6492,15.212,14.3016,0.9103999999999992,6.3657,120930.84,222071.601
601595.SH,20190819,13.7802,14.3016,13.7554,14.3016,13.714,0.5876000000000001,4.2847,53817.98,91665.222
601595.SH,20190816,13.3167,14.0285,13.2671,13.714,13.4078,0.30620000000000047,2.2837,53837.31,89495.468
601595.SH,20190815,12.936,13.4492,12.8698,13.4078,13.1595,0.2483000000000004,1.8868,29669.3,47466.126
601595.SH,20190814,13.2588,13.3664,13.0602,13.1595,13.1595,0.0,0.0,24445.4,38917.04
601595.SH,20190813,13.0271,13.234,13.0271,13.1595,13.234,-0.07450000000000045,-0.5629,11816.0,18754.915
601595.SH,20190812,12.8615,13.5485,12.8615,13.234,12.8615,0.3725000000000005,2.8962,22636.0,36042.539
601595.SH,20190809,13.1429,13.1429,12.7457,12.8615,13.085,-0.22350000000000136,-1.7081,20210.0,31513.566
601595.SH,20190808,12.6298,13.2671,12.5884,13.085,12.6298,0.4552000000000014,3.6042,32444.0,51135.251
601595.SH,20190807,12.9691,12.9857,12.6132,12.6298,12.8864,-0.2566000000000006,-1.9912,16388.4,25328.98
601595.SH,20190806,12.6215,12.9443,12.456,12.8864,13.0105,-0.12410000000000032,-0.9538,30916.0,47438.477
601595.SH,20190805,13.234,13.234,12.9278,13.0105,13.2423,-0.23179999999999978,-1.7505,24527.92,38698.812
601595.SH,20190802,12.9774,13.325,12.8367,13.2423,13.176,0.06630000000000003,0.5032,30575.78,48419.217
601595.SH,20190801,13.1678,13.3085,13.0436,13.176,13.3085,-0.13250000000000028,-0.9956,26140.89,41613.443
601595.SH,20190731,13.4078,13.5816,13.176,13.3085,13.4657,-0.15719999999999956,-1.1674,44877.62,72344.071
601595.SH,20190730,12.9857,13.6147,12.7622,13.4657,12.5967,0.8689999999999998,6.8986,78986.47,126147.054
601595.SH,20190729,12.2822,12.5967,12.2408,12.5967,12.2822,0.31450000000000067,2.5606,23501.02,35440.44
601595.SH,20190726,11.9677,12.307,11.9429,12.2822,12.0422,0.2400000000000002,1.993,12963.81,19117.953
601595.SH,20190725,11.9594,12.0587,11.827,12.0422,11.9429,0.0992999999999995,0.8315,14570.94,21065.991
601595.SH,20190724,11.918,12.0091,11.8187,11.9429,11.9098,0.03309999999999924,0.2779,13194.81,18995.167
601595.SH,20190723,11.8187,12.067,11.8187,11.9098,11.8849,0.02490000000000059,0.2095,10564.24,15202.365
601595.SH,20190722,12.0587,12.1167,11.5621,11.8849,12.0587,-0.17379999999999995,-1.4413,18205.19,26199.45
601595.SH,20190719,12.216,12.2905,12.0422,12.0587,12.1332,-0.07450000000000045,-0.614,15522.0,22812.963
601595.SH,20190718,12.5801,12.5801,12.1167,12.1332,12.5305,-0.39729999999999954,-3.1707,18482.0,27399.723
601595.SH,20190717,12.709,12.7988,12.4806,12.5377,12.6111,-0.07340000000000124,-0.582,21837.37,33792.644
601595.SH,20190716,12.7335,12.9537,12.5622,12.6111,12.7743,-0.1631999999999998,-1.2776,32830.82,51207.064
601595.SH,20190715,12.5214,12.9293,12.4888,12.7743,12.554,0.22029999999999994,1.7548,38155.86,59501.567
601595.SH,20190712,12.2522,12.603,12.1543,12.554,12.1951,0.3589000000000002,2.943,28539.53,43608.521
601595.SH,20190711,12.0891,12.4154,12.0891,12.1951,12.0728,0.12229999999999919,1.013,17616.13,26509.671
601595.SH,20190710,12.1135,12.3338,12.0564,12.0728,12.1135,-0.04069999999999929,-0.336,24150.77,36123.787
601595.SH,20190709,11.6486,12.138,11.6486,12.1135,11.7057,0.40779999999999994,3.4838,22818.87,33369.641
601595.SH,20190708,12.032,12.0891,11.6649,11.7057,12.032,-0.3262999999999998,-2.7119,18506.63,26723.658
601595.SH,20190705,12.032,12.1217,11.9259,12.032,12.032,0.0,0.0,13237.0,19537.364
601595.SH,20190704,11.9015,12.032,11.8688,12.032,11.9015,0.13049999999999962,1.0965,14603.11,21392.794
601595.SH,20190703,11.8688,11.9993,11.7546,11.9015,11.8688,0.03270000000000017,0.2755,12914.6,18834.583
601595.SH,20190702,11.8444,11.8851,11.7465,11.8688,11.8688,0.0,0.0,9278.38,13463.054
601595.SH,20190701,11.8607,11.9504,11.7465,11.8688,11.6649,0.20390000000000086,1.748,20599.3,29929.982
601595.SH,20190628,11.5996,11.7465,11.4202,11.6649,11.5996,0.0652999999999988,0.563,14737.51,20896.279
601595.SH,20190627,11.6078,11.7302,11.5262,11.5996,11.6078,-0.008199999999998653,-0.0706,12461.63,17748.125
601595.SH,20190626,11.7791,11.7791,11.567,11.6078,11.8607,-0.25290000000000035,-2.1323,15906.09,22692.53
601595.SH,20190625,11.4936,12.138,11.4283,11.8607,11.5507,0.3099999999999987,2.6838,29281.22,42147.924
601595.SH,20190624,11.5099,11.5752,11.4039,11.5507,11.567,-0.016299999999999315,-0.1409,11759.36,16574.094
601595.SH,20190621,11.6241,11.7302,11.4691,11.567,11.6404,-0.07339999999999947,-0.6306,25140.68,35666.503
601595.SH,20190620,11.0939,11.7954,11.0694,11.6404,11.151,0.48939999999999984,4.3888,36735.9,51709.152
601595.SH,20190619,11.102,11.2897,11.102,11.151,10.996,0.15499999999999936,1.4096,16492.0,22615.188
601595.SH,20190618,10.8736,11.0123,10.8084,10.996,10.8736,0.12240000000000073,1.1257,8766.11,11750.701
601595.SH,20190617,10.9715,10.9797,10.7758,10.8736,10.8736,0.0,0.0,7918.0,10531.197
601595.SH,20190614,10.9797,11.0939,10.8736,10.8736,10.9878,-0.1142000000000003,-1.0393,9996.0,13477.392
601595.SH,20190613,11.0042,11.0449,10.8818,10.9878,11.0123,-0.024499999999999744,-0.2225,10445.3,14046.853
601595.SH,20190612,10.9634,11.0286,10.8492,11.0123,10.9634,0.04889999999999972,0.446,14736.0,19793.16
601595.SH,20190611,10.6289,10.9878,10.6044,10.9634,10.6371,0.3262999999999998,3.0676,14425.19,19184.871
601595.SH,20190610,10.531,10.686,10.531,10.6371,10.58,0.05710000000000015,0.5397,7397.0,9636.236
601595.SH,20190606,10.7921,10.8329,10.5229,10.58,10.8002,-0.22020000000000017,-2.0389,11437.93,14913.995
601595.SH,20190605,10.7758,10.8981,10.7758,10.8002,10.7513,0.04889999999999972,0.4548,8311.05,11035.714
601595.SH,20190604,10.8084,10.8573,10.6534,10.7513,10.8329,-0.0815999999999999,-0.7533,7493.0,9868.876
601595.SH,20190603,10.8736,10.9144,10.7105,10.8329,10.89,-0.05710000000000015,-0.5243,8107.0,10745.003
601595.SH,20190531,11.0042,11.0368,10.841,10.89,11.0042,-0.1142000000000003,-1.0378,8700.0,11651.95
601595.SH,20190530,11.0449,11.0857,10.8329,11.0042,10.9552,0.049000000000001265,0.4473,14160.0,19020.356
601595.SH,20190529,10.841,10.996,10.7676,10.9552,10.9389,0.016299999999999315,0.149,12631.19,16913.834
601595.SH,20190528,10.8165,10.9471,10.8084,10.9389,10.8084,0.13049999999999962,1.2074,13630.0,18176.073
601595.SH,20190527,10.5473,10.8165,10.5473,10.8084,10.5473,0.2611000000000008,2.4755,12074.19,15855.086
601595.SH,20190524,10.5066,10.6697,10.4902,10.5473,10.5066,0.04069999999999929,0.3874,8634.19,11203.127
601595.SH,20190523,10.7513,10.7513,10.4902,10.5066,10.8165,-0.30989999999999895,-2.8651,10678.99,13900.138
601595.SH,20190522,10.8818,10.8818,10.6452,10.8165,10.9063,-0.08980000000000032,-0.8234,13860.68,18291.712
601595.SH,20190521,10.58,10.9226,10.5392,10.9063,10.5637,0.3425999999999991,3.2432,16371.55,21607.643
601595.SH,20190520,10.6208,10.6697,10.3353,10.5637,10.6615,-0.09779999999999944,-0.9173,10880.0,13970.901
601595.SH,20190517,11.0449,11.0531,10.58,10.6615,11.0205,-0.359,-3.2576,11653.55,15397.144
601595.SH,20190516,10.8818,11.0205,10.8247,11.0205,10.8736,0.14690000000000047,1.351,12062.0,16170.466
601595.SH,20190515,10.7594,10.9634,10.7594,10.8736,10.686,0.18759999999999977,1.7556,9126.0,12164.236
601595.SH,20190514,10.7105,10.8655,10.6534,10.686,10.7758,-0.08980000000000032,-0.8333,7546.0,9944.813
601595.SH,20190513,10.8084,10.8981,10.7268,10.7758,10.8818,-0.10599999999999987,-0.9741,8332.0,11040.97
601595.SH,20190510,10.7513,10.9307,10.4331,10.8818,10.6289,0.25290000000000035,2.3794,16035.0,21187.407
601595.SH,20190509,10.7676,10.9226,10.5963,10.6289,10.8084,-0.17950000000000088,-1.6607,14718.19,19348.19
601595.SH,20190508,10.6452,10.9715,10.531,10.8084,10.7839,0.02450000000000152,0.2272,12343.68,16351.884
601595.SH,20190507,10.7921,10.841,10.6289,10.7839,10.6452,0.13869999999999827,1.3029,13978.0,18413.247
601595.SH,20190506,11.3631,11.4039,10.5637,10.6452,11.7383,-1.0930999999999997,-9.3123,29080.21,39217.815
601595.SH,20190430,11.5588,11.7873,11.5099,11.7383,11.5017,0.23660000000000103,2.0571,13780.0,19700.469
601595.SH,20190429,12.1543,12.1625,11.4854,11.5017,12.0157,-0.5140000000000011,-4.2777,29193.08,42442.63
601595.SH,20190426,12.1543,12.2685,11.9341,12.0157,12.1543,-0.1385999999999985,-1.1403,21047.85,31209.392
601595.SH,20190425,12.7498,12.7906,12.0401,12.1543,12.7988,-0.6445000000000007,-5.0356,31170.0,47700.453
601595.SH,20190424,13.0924,13.0924,12.5622,12.7988,12.9048,-0.10599999999999987,-0.8214,35528.47,55674.627
601595.SH,20190423,13.1577,13.5574,12.8232,12.9048,13.2719,-0.36710000000000065,-2.766,58721.05,94506.527
601595.SH,20190422,13.4432,13.639,13.125,13.2719,13.6879,-0.41600000000000037,-3.0392,55206.27,90422.874
601595.SH,20190419,12.7743,13.7532,12.5459,13.6879,12.7417,0.946200000000001,7.426,83515.06,134292.328
601595.SH,20190418,12.3909,12.9293,12.3501,12.7417,12.3909,0.35079999999999956,2.8311,53637.32,83665.898
601595.SH,20190417,12.399,12.5296,12.3175,12.3909,12.399,-0.008099999999998886,-0.0653,20617.73,31379.879
601595.SH,20190416,12.0728,12.4235,12.0157,12.399,12.1788,0.2201999999999984,1.8081,22276.01,33499.146
601595.SH,20190415,12.9374,12.9374,12.1706,12.1788,12.3093,-0.13049999999999962,-1.0602,31145.56,47529.702
601595.SH,20190412,12.2767,12.3256,12.1299,12.3093,12.1706,0.13870000000000005,1.1396,12005.73,17988.689
601595.SH,20190411,12.4969,12.5703,12.1135,12.1706,12.554,-0.38339999999999996,-3.054,24454.01,36954.8
601595.SH,20190410,12.6846,12.6846,12.399,12.554,12.7824,-0.2284000000000006,-1.7868,30420.53,46761.881
601595.SH,20190409,12.3501,12.9374,12.3501,12.7824,12.3419,0.4405000000000001,3.5691,54104.56,84035.312
601595.SH,20190408,12.5051,12.603,12.0728,12.3419,12.4806,-0.13870000000000005,-1.1113,28777.47,43686.059
601595.SH,20190404,12.6764,12.7009,12.4398,12.4806,12.6682,-0.18759999999999977,-1.4809,24755.01,38073.206
601595.SH,20190403,12.4398,12.7172,12.4154,12.6682,12.4725,0.19570000000000043,1.5691,33303.6,51236.2
601595.SH,20190402,12.4561,12.5703,12.4072,12.4725,12.4806,-0.008100000000000662,-0.0649,23332.81,35666.128
601595.SH,20190401,12.2277,12.5377,12.2114,12.4806,12.2033,0.2773000000000003,2.2723,28351.28,43136.972
601595.SH,20190329,11.9749,12.2522,11.9259,12.2033,11.9667,0.23660000000000103,1.9772,19392.73,28880.477
601595.SH,20190328,12.1054,12.2033,11.9259,11.9667,12.1054,-0.13870000000000005,-1.1458,12203.0,18029.291
601595.SH,20190327,12.1951,12.3175,11.9749,12.1054,12.1788,-0.07340000000000124,-0.6027,16219.0,24083.649
601595.SH,20190326,12.6193,12.6846,12.138,12.1788,12.6193,-0.4405000000000001,-3.4907,23537.01,35565.547
601595.SH,20190325,12.4398,12.6438,12.399,12.6193,12.709,-0.08969999999999878,-0.7058,27162.0,41694.766
601595.SH,20190322,12.6519,12.8885,12.5296,12.709,12.7009,0.008099999999998886,0.0638,40342.0,62835.819
601595.SH,20190321,12.3419,12.7824,12.2359,12.7009,12.3583,0.3426000000000009,2.7722,43310.0,66743.85
601595.SH,20190320,12.4398,12.5867,12.1217,12.3583,12.4561,-0.09779999999999944,-0.7852,26379.0,39836.772
601595.SH,20190319,12.603,12.7498,12.4317,12.4561,12.6519,-0.1958000000000002,-1.5476,28251.0,43550.029
601595.SH,20190318,12.3909,12.7417,12.1625,12.6519,12.4806,0.17129999999999868,1.3725,48836.67,74804.502
601595.SH,20190315,12.032,12.6438,11.9341,12.4806,12.0075,0.4731000000000005,3.94,52302.8,79234.599
601595.SH,20190314,12.2848,12.3338,11.828,12.0075,12.1788,-0.17130000000000045,-1.4065,29097.78,43031.602
601595.SH,20190313,12.2767,12.5867,12.1625,12.1788,12.3664,-0.18759999999999977,-1.517,45679.1,69102.912
601595.SH,20190312,11.8607,12.6356,11.7873,12.3664,11.7628,0.6036000000000001,5.1314,56497.58,85128.839
601595.SH,20190311,11.4365,11.8444,11.4365,11.7628,11.4283,0.33450000000000024,2.9269,23979.14,34232.476
601595.SH,20190308,11.9912,12.138,11.4039,11.4283,12.2441,-0.8157999999999994,-6.6628,42031.0,60932.509
601595.SH,20190307,12.2522,12.3583,12.0483,12.2441,12.2359,0.008199999999998653,0.067,47023.44,70272.391
601595.SH,20190306,11.7302,12.4725,11.6731,12.2359,11.6159,0.620000000000001,5.3375,72116.06,106454.124
601595.SH,20190305,11.4854,11.6567,11.4039,11.6159,11.4854,0.13049999999999962,1.1362,24553.46,34858.385
601595.SH,20190304,11.4854,11.8199,11.4528,11.4854,11.4691,0.01630000000000109,0.1421,40533.47,57699.881
601595.SH,20190301,11.5588,11.5588,11.3223,11.4691,11.4854,-0.01630000000000109,-0.1419,15637.43,21896.983
601595.SH,20190228,11.3794,11.5833,11.3794,11.4854,11.3957,0.08970000000000056,0.7871,17351.5,24443.37
601595.SH,20190227,11.6731,11.7383,11.3223,11.3957,11.6731,-0.2774000000000001,-2.3764,32292.0,45619.845
601595.SH,20190226,11.6241,12.0075,11.4528,11.6731,11.6649,0.00820000000000043,0.0703,42682.72,61513.753
601595.SH,20190225,11.2733,11.6894,11.1918,11.6649,11.2733,0.3915999999999986,3.4737,44109.22,61944.061
601595.SH,20190222,11.1347,11.3223,11.0205,11.2733,11.1347,0.13860000000000028,1.2448,20937.17,28684.117
601595.SH,20190221,11.0042,11.2162,10.9471,11.1347,11.0123,0.12240000000000073,1.1115,25111.0,34310.634
601595.SH,20190220,10.9389,11.0531,10.8736,11.0123,11.0286,-0.01630000000000109,-0.1478,10488.0,14108.682
601595.SH,20190219,11.0694,11.1918,10.9307,11.0286,11.0449,-0.016299999999999315,-0.1476,19507.75,26469.921
601595.SH,20190218,10.9552,11.0613,10.8492,11.0449,10.9144,0.13049999999999962,1.1957,22766.0,30646.37
601595.SH,20190215,10.8981,10.9715,10.8655,10.9144,10.8818,0.032600000000000406,0.2996,12654.0,16928.628
601595.SH,20190214,10.9307,10.9307,10.7921,10.8818,10.9471,-0.06530000000000058,-0.5965,15172.3,20191.346
601595.SH,20190213,10.9471,11.0042,10.8084,10.9471,10.9471,0.0,0.0,22946.0,30742.437
601595.SH,20190212,10.9063,11.0857,10.8002,10.9471,11.1102,-0.16310000000000002,-1.468,32304.0,43131.076
601595.SH,20190211,11.0123,11.3794,10.9307,11.1102,10.6942,0.41600000000000037,3.89,61423.25,84008.04
601595.SH,20190201,10.2618,10.7023,10.1232,10.6942,10.2782,0.41600000000000037,4.0474,21509.3,27609.624
601595.SH,20190131,10.0579,10.3189,9.8132,10.2782,10.0334,0.24479999999999968,2.4399,11583.41,14190.887
601595.SH,20190130,10.1803,10.1803,9.9029,10.0334,10.1803,-0.14690000000000047,-1.443,7413.18,9106.523
601595.SH,20190129,10.4739,10.5066,9.8703,10.1803,10.5147,-0.3343999999999987,-3.1803,13426.51,16714.824
601595.SH,20190128,10.531,10.5963,10.4576,10.5147,10.5473,-0.032600000000000406,-0.3091,5638.0,7276.244
601595.SH,20190125,10.5963,10.6534,10.4739,10.5473,10.6044,-0.05710000000000015,-0.5385,5877.0,7614.842
601595.SH,20190124,10.5229,10.7268,10.5066,10.6044,10.5881,0.016299999999999315,0.1539,9007.0,11734.853
601595.SH,20190123,10.5392,10.6452,10.4495,10.5881,10.5147,0.07340000000000124,0.6981,7964.13,10329.375
601595.SH,20190122,10.6452,10.6452,10.4413,10.5147,10.6126,-0.09790000000000099,-0.9225,5355.0,6900.777
601595.SH,20190121,10.686,10.686,10.5473,10.6126,10.6126,0.0,0.0,9384.99,12202.478
601595.SH,20190118,10.4739,10.6452,10.3597,10.6126,10.531,0.0815999999999999,0.7749,13933.0,17973.293
601595.SH,20190117,10.6452,10.6534,10.4984,10.531,10.6779,-0.1468999999999987,-1.3757,10084.01,13088.053
601595.SH,20190116,10.5066,10.7186,10.4739,10.6779,10.4902,0.18769999999999953,1.7893,24248.21,31588.378
601595.SH,20190115,10.3597,10.5066,10.3597,10.4902,10.4168,0.07339999999999947,0.7046,5692.0,7292.022
601595.SH,20190114,10.5147,10.58,10.3842,10.4168,10.5392,-0.12239999999999895,-1.1614,5960.13,7640.732
601595.SH,20190111,10.4658,10.5392,10.4168,10.5392,10.4658,0.07339999999999947,0.7013,4762.17,6130.78
601595.SH,20190110,10.4005,10.5963,10.376,10.4658,10.4087,0.05710000000000015,0.5486,6122.0,7873.828
601595.SH,20190109,10.4984,10.6942,10.3924,10.4087,10.4984,-0.08970000000000056,-0.8544,12420.72,16050.457
601595.SH,20190108,10.4413,10.5473,10.376,10.4984,10.4413,0.05710000000000015,0.5469,8312.97,10683.732
601595.SH,20190107,10.1966,10.4902,10.1476,10.4413,10.1966,0.24469999999999992,2.3998,8944.72,11353.363
601595.SH,20190104,9.9111,10.2782,9.8458,10.1966,9.9274,0.26919999999999966,2.7117,10301.01,12736.371
601595.SH,20190103,9.9437,10.0824,9.8948,9.9274,9.9437,-0.016299999999999315,-0.1639,4508.0,5505.482
601595.SH,20190102,9.9437,10.0334,9.8132,9.9437,9.9763,-0.032600000000000406,-0.3268,5644.0,6861.095
601595.SH,20181228,10.0171,10.0334,9.8377,9.9763,9.8866,0.08970000000000056,0.9073,4365.0,5325.894
601595.SH,20181227,10.1721,10.2292,9.8703,9.8866,10.0334,-0.1468000000000007,-1.4631,5909.0,7293.685
601595.SH,20181226,10.0987,10.2292,10.0334,10.0334,10.115,-0.0815999999999999,-0.8067,5550.0,6891.17
601595.SH,20181225,10.2047,10.2292,9.805,10.115,10.2863,-0.17130000000000045,-1.6653,9791.0,11950.214
601595.SH,20181224,10.2047,10.3434,10.1313,10.2863,10.2047,0.0815999999999999,0.7996,5131.03,6461.324
601595.SH,20181221,10.1966,10.3434,10.1558,10.2047,10.1884,0.01630000000000109,0.16,4796.0,6021.544
601595.SH,20181220,10.115,10.2129,10.0742,10.1884,10.1232,0.06519999999999904,0.6441,2786.3,3469.181
601595.SH,20181219,10.3108,10.3516,10.0987,10.1232,10.2455,-0.12229999999999919,-1.1937,5136.0,6411.446
601595.SH,20181218,10.2782,10.3597,10.115,10.2455,10.3842,-0.13870000000000005,-1.3357,6820.97,8563.555
601595.SH,20181217,10.4902,10.5718,10.2945,10.3842,10.5392,-0.15499999999999936,-1.4707,8534.0,10851.351
601595.SH,20181214,10.9715,11.0123,10.531,10.5392,10.8002,-0.261000000000001,-2.4166,12152.0,16011.876
601595.SH,20181213,10.7839,10.8981,10.6942,10.8002,10.7513,0.04889999999999972,0.4548,10251.0,13583.233
601595.SH,20181212,10.7676,10.8084,10.6452,10.7513,10.7268,0.024499999999999744,0.2284,5949.0,7838.268
601595.SH,20181211,10.7513,10.9307,10.6289,10.7268,10.7676,-0.04079999999999906,-0.3789,10109.0,13390.526
601595.SH,20181210,10.7186,10.89,10.5881,10.7676,10.7594,0.00820000000000043,0.0762,9968.14,13160.965
601595.SH,20181207,10.686,10.9144,10.6044,10.7594,10.6289,0.13049999999999962,1.2278,12152.0,16040.649
601595.SH,20181206,10.7676,10.7676,10.58,10.6289,10.8165,-0.18759999999999977,-1.7344,7882.0,10304.125
601595.SH,20181205,10.6289,10.841,10.5718,10.8165,10.7594,0.05710000000000015,0.5307,9918.0,13058.204
601595.SH,20181204,10.6697,10.7676,10.6371,10.7594,10.7594,0.0,0.0,8311.0,10888.541
601595.SH,20181203,10.4739,10.8247,10.4739,10.7594,10.3597,0.3996999999999993,3.8582,14202.0,18606.549
601595.SH,20181130,10.4413,10.4413,10.1232,10.3597,10.3842,-0.024499999999999744,-0.2359,7896.0,9969.763
601595.SH,20181129,10.7023,10.7513,10.3597,10.3842,10.7186,-0.3344000000000005,-3.1198,11307.3,14708.767
601595.SH,20181128,10.1966,10.7186,10.1884,10.7186,10.2782,0.44040000000000035,4.2848,16832.3,21725.313
601595.SH,20181127,10.27,10.3189,10.1395,10.2782,10.1313,0.14690000000000047,1.45,6235.3,7825.508
601595.SH,20181126,10.1884,10.3189,10.0824,10.1313,10.1069,0.024399999999999977,0.2414,6205.0,7763.284
601595.SH,20181123,10.6615,10.735,9.9927,10.1069,10.7105,-0.6036000000000001,-5.6356,14774.01,18576.994
601595.SH,20181122,10.6371,10.7594,10.6371,10.7105,10.686,0.024499999999999744,0.2293,5684.0,7463.071
601595.SH,20181121,10.5147,10.686,10.4902,10.686,10.5963,0.08970000000000056,0.8465,8295.0,10805.077
601595.SH,20181120,10.9226,10.9226,10.531,10.5963,10.9307,-0.3344000000000005,-3.0593,9295.0,12221.658
601595.SH,20181119,10.8655,10.9471,10.7921,10.9307,10.89,0.04069999999999929,0.3737,12443.64,16575.489
601595.SH,20181116,10.8002,10.9797,10.7268,10.89,10.7921,0.09790000000000099,0.9071,18052.3,24076.449
601595.SH,20181115,10.6942,10.8655,10.6371,10.7921,10.6942,0.09789999999999921,0.9154,12046.29,15875.659
601595.SH,20181114,10.7431,10.996,10.6615,10.6942,10.7921,-0.09789999999999921,-0.9071,15326.01,20270.976
601595.SH,20181113,10.4087,10.9063,10.3679,10.7921,10.4902,0.30189999999999984,2.8779,26986.9,35637.779
601595.SH,20181112,10.2782,10.4902,10.2782,10.4902,10.3353,0.1548999999999996,1.4987,9159.99,11708.715
601595.SH,20181109,10.2945,10.4331,10.2782,10.3353,10.3842,-0.04889999999999972,-0.4709,7544.3,9561.224
601595.SH,20181108,10.5229,10.5229,10.3842,10.3842,10.4413,-0.05710000000000015,-0.5469,8244.0,10542.947
601595.SH,20181107,10.3353,10.6779,10.3189,10.4413,10.3108,0.13049999999999962,1.2657,19497.31,25059.748
601595.SH,20181106,10.3516,10.3516,10.2211,10.3108,10.3434,-0.032600000000000406,-0.3152,7450.3,9393.883
601595.SH,20181105,10.4413,10.5637,10.1884,10.3434,10.4821,-0.13870000000000005,-1.3232,17729.01,22533.159
601595.SH,20181102,10.4576,10.5229,10.3842,10.4821,10.4005,0.08160000000000167,0.7846,21452.6,27474.955
601595.SH,20181101,10.5229,10.58,10.1966,10.4005,10.7268,-0.3263000000000016,-3.0419,42339.28,53858.228
601595.SH,20181031,10.6126,11.4202,10.5147,10.7268,10.7676,-0.04079999999999906,-0.3789,68601.91,93090.78
601595.SH,20181030,10.0661,10.7676,10.0171,10.7676,10.0579,0.7096999999999998,7.0561,37425.61,48102.853
601595.SH,20181029,9.7235,10.1069,9.7071,10.0579,9.7887,0.26919999999999966,2.7501,17864.0,21887.664
601595.SH,20181026,9.6011,9.7887,9.5114,9.7887,9.6093,0.17940000000000111,1.8669,9967.0,11848.779
601595.SH,20181025,9.3401,9.6093,9.2014,9.6093,9.5358,0.07349999999999923,0.7708,4956.0,5700.72
601595.SH,20181024,9.5522,9.6827,9.5032,9.5358,9.5522,-0.016399999999999082,-0.1717,4847.0,5701.528
601595.SH,20181023,9.6745,9.7479,9.5195,9.5522,9.7235,-0.17130000000000045,-1.7617,5963.0,7033.624
601595.SH,20181022,9.2993,9.805,9.2993,9.7235,9.2667,0.45679999999999943,4.9295,13459.58,15884.335
601595.SH,20181019,8.9648,9.2911,8.9648,9.2667,9.0301,0.23660000000000103,2.6201,6761.34,7617.478
601595.SH,20181018,9.2177,9.2993,8.9893,9.0301,9.2911,-0.261000000000001,-2.8091,4770.0,5369.51
601595.SH,20181017,9.2911,9.3809,9.079,9.2911,9.1932,0.09790000000000099,1.0649,4118.05,4677.8
601595.SH,20181016,9.4135,9.4706,9.1361,9.1932,9.3727,-0.17950000000000088,-1.9151,4223.0,4813.647
601595.SH,20181015,9.4624,9.5929,9.3156,9.3727,9.4624,-0.08970000000000056,-0.948,4727.0,5487.661
601595.SH,20181012,9.5277,9.5848,9.1198,9.4624,9.5848,-0.12239999999999895,-1.277,9908.0,11409.963
601595.SH,20181011,10.1884,10.1966,9.544,9.5848,10.5147,-0.9299,-8.8438,12299.0,14920.459
601595.SH,20181010,10.7676,10.7839,10.4902,10.5147,10.7594,-0.24469999999999992,-2.2743,7330.8,9497.448
601595.SH,20181009,10.841,10.8981,10.686,10.7594,10.8492,-0.08980000000000032,-0.8277,4731.8,6258.078
601595.SH,20181008,11.0531,11.0531,10.7758,10.8492,11.2815,-0.4322999999999997,-3.8319,6420.0,8563.806
601595.SH,20180928,11.0939,11.2978,11.0939,11.2815,11.102,0.1794999999999991,1.6168,3293.0,4522.028
601595.SH,20180927,11.3141,11.3549,11.0939,11.102,11.3141,-0.2120999999999995,-1.8747,5049.0,6935.889
601595.SH,20180926,11.2162,11.3957,11.2162,11.3141,11.2162,0.09789999999999921,0.8728,6651.0,9230.23
601595.SH,20180925,11.2244,11.2815,11.1836,11.2162,11.3304,-0.11419999999999852,-1.0079,3902.0,5369.553
601595.SH,20180921,11.2162,11.3794,11.1591,11.3304,11.1673,0.16310000000000002,1.4605,6513.0,8996.971
601595.SH,20180920,11.1836,11.2162,11.0939,11.1673,11.1755,-0.00820000000000043,-0.0734,3352.0,4582.932
601595.SH,20180919,11.0613,11.2326,11.0286,11.1755,11.1102,0.0652999999999988,0.5877,4992.0,6830.632
601595.SH,20180918,10.9471,11.1347,10.89,11.1102,10.9471,0.16310000000000002,1.4899,5286.0,7148.199
601595.SH,20180917,11.1265,11.1918,10.9144,10.9471,11.1347,-0.18759999999999977,-1.6848,5110.1,6881.534
601595.SH,20180914,11.2162,11.2407,11.102,11.1347,11.2244,-0.08969999999999878,-0.7992,3409.0,4665.75
601595.SH,20180913,11.1591,11.2489,11.1184,11.2244,11.1591,0.0652999999999988,0.5852,3493.52,4786.745
601595.SH,20180912,11.0776,11.3223,11.0694,11.1591,11.0939,0.06520000000000081,0.5877,4410.11,6056.408
601595.SH,20180911,11.0613,11.2244,11.0368,11.0939,11.0776,0.016299999999999315,0.1471,3537.1,4813.863
601595.SH,20180910,11.3386,11.3794,11.0531,11.0776,11.3549,-0.2773000000000003,-2.4421,5245.01,7159.1
601595.SH,20180907,11.3794,11.5262,11.2652,11.3549,11.4202,-0.0652999999999988,-0.5718,4590.0,6405.041
601595.SH,20180906,11.3386,11.5181,11.3304,11.4202,11.461,-0.040800000000000836,-0.356,4413.0,6181.733
601595.SH,20180905,11.461,11.9015,11.3957,11.461,11.4528,0.00820000000000043,0.0716,8676.46,12371.747
601595.SH,20180904,11.4039,11.5017,11.2978,11.4528,11.3875,0.06530000000000058,0.5734,5363.0,7498.95
601595.SH,20180903,11.5425,11.5425,11.2326,11.3875,11.461,-0.07350000000000101,-0.6413,5920.0,8211.016
601595.SH,20180831,11.7383,11.7383,11.4039,11.461,11.7465,-0.285499999999999,-2.4305,8025.15,11313.593
601595.SH,20180830,11.9015,11.9015,11.7302,11.7465,11.8933,-0.1468000000000007,-1.2343,3831.0,5537.356
601595.SH,20180829,11.9422,11.9422,11.7873,11.8933,12.0401,-0.1468000000000007,-1.2193,7970.0,11574.7
601595.SH,20180828,11.9912,12.0483,11.9259,12.0401,12.0075,0.032600000000000406,0.2715,4143.94,6086.455
601595.SH,20180827,11.828,12.0646,11.828,12.0075,11.8036,0.20390000000000086,1.7274,6301.05,9233.92
601595.SH,20180824,11.8362,11.877,11.7465,11.8036,11.8525,-0.04889999999999972,-0.4126,3481.0,5038.198
601595.SH,20180823,11.828,11.9015,11.7873,11.8525,11.8362,0.016299999999999315,0.1377,4196.88,6096.405
601595.SH,20180822,11.9749,11.9749,11.7628,11.8362,12.0075,-0.17130000000000045,-1.4266,6555.19,9501.957
601595.SH,20180821,11.9504,12.0483,11.7791,12.0075,11.9586,0.04889999999999972,0.4089,7143.77,10458.59
601595.SH,20180820,11.9259,12.032,11.6649,11.9586,11.9993,-0.04069999999999929,-0.3392,10325.52,15035.088
601595.SH,20180817,12.1625,12.2604,11.9341,11.9993,12.1054,-0.10609999999999964,-0.8765,7190.58,10651.196
601595.SH,20180816,12.1951,12.2848,12.0157,12.1054,12.3256,-0.22020000000000017,-1.7865,9563.3,14236.747
601595.SH,20180815,12.6601,12.7253,12.3175,12.3256,12.7009,-0.3753000000000011,-2.9549,16071.29,24489.775
601595.SH,20180814,12.8477,12.8477,12.6764,12.7009,12.9537,-0.2527999999999988,-1.9516,12997.51,20271.772
601595.SH,20180813,13.0924,13.0924,12.2359,12.9537,13.5819,-0.6281999999999996,-4.6253,39664.74,62136.354
601595.SH,20180810,12.8395,13.7042,12.7661,13.5819,12.8477,0.7341999999999995,5.7146,38224.27,62690.981
601595.SH,20180809,12.5622,12.864,12.4154,12.8477,12.554,0.2936999999999994,2.3395,9892.98,15434.337
601595.SH,20180808,12.6438,12.758,12.4398,12.554,12.6682,-0.1142000000000003,-0.9015,6210.01,9602.249
601595.SH,20180807,12.5051,12.7009,12.4561,12.6682,12.4725,0.19570000000000043,1.5691,8976.0,13891.681
601595.SH,20180806,12.2848,12.6111,12.2359,12.4725,12.3583,0.1142000000000003,0.9241,7962.65,12142.467
601595.SH,20180803,12.554,12.6111,12.2767,12.3583,12.5377,-0.17939999999999934,-1.4309,5263.51,8040.366
601595.SH,20180802,12.8885,12.9537,12.3583,12.5377,12.9374,-0.39970000000000105,-3.0895,9644.0,14880.966
601595.SH,20180801,13.1169,13.1903,12.9048,12.9374,13.0761,-0.13870000000000005,-1.0607,5678.16,9083.983
601595.SH,20180731,13.0435,13.1169,12.9537,13.0761,13.1169,-0.04079999999999906,-0.311,4522.0,7237.724
601595.SH,20180730,13.28,13.2882,12.9864,13.1169,13.2556,-0.13870000000000005,-1.0464,6034.0,9714.843
601595.SH,20180727,13.3453,13.3453,13.1985,13.2556,13.28,-0.024399999999999977,-0.1837,4840.0,7859.943
601595.SH,20180726,13.3208,13.3942,13.2392,13.28,13.3371,-0.05710000000000015,-0.4281,6773.54,11052.133
601595.SH,20180725,13.2719,13.4024,13.1985,13.3371,13.2882,0.04889999999999972,0.368,10084.58,16446.483
601595.SH,20180724,13.0924,13.2963,13.0108,13.2882,13.0435,0.24469999999999992,1.876,10266.21,16612.787
601595.SH,20180723,12.8885,13.125,12.8151,13.0435,12.913,0.13049999999999962,1.0106,8518.0,13581.953
601595.SH,20180720,12.7335,12.9456,12.6438,12.913,12.7988,0.1142000000000003,0.8923,5031.64,7924.81
601595.SH,20180719,13.019,13.019,12.7661,12.7988,13.0027,-0.20390000000000086,-1.5681,5148.64,8114.98
601595.SH,20180718,12.9701,13.0516,12.913,13.0027,12.9537,0.049000000000001265,0.3783,6237.01,9923.506
601595.SH,20180717,12.8885,13.0027,12.8069,12.9537,12.8885,0.06519999999999904,0.5059,4071.01,6446.712
601595.SH,20180716,12.9456,12.9537,12.7661,12.8885,12.9537,-0.06519999999999904,-0.5033,4634.19,7302.481
601595.SH,20180713,12.9048,12.9782,12.8559,12.9537,12.9211,0.032600000000000406,0.2523,6541.32,10358.629
601595.SH,20180712,12.8069,12.9701,12.6682,12.9211,12.6519,0.26919999999999966,2.1277,7631.44,12039.471
601595.SH,20180711,12.8757,12.8837,12.4345,12.6511,12.9639,-0.3128000000000011,-2.4129,7253.0,11478.635
601595.SH,20180710,12.8436,12.98,12.8276,12.9639,12.8757,0.0882000000000005,0.685,6929.32,11155.058
601595.SH,20180709,12.7714,12.98,12.6751,12.8757,12.7072,0.16849999999999987,1.326,8139.0,13082.553
601595.SH,20180706,12.6431,12.8998,12.4746,12.7072,12.5869,0.1203000000000003,0.9558,8608.15,13632.55
601595.SH,20180705,12.7313,12.9078,12.5147,12.5869,12.7794,-0.19250000000000078,-1.5063,6266.0,9957.055
601595.SH,20180704,12.7794,12.9399,12.7393,12.7794,12.8516,-0.07219999999999871,-0.5618,7380.0,11822.559
601595.SH,20180703,12.7153,12.9559,12.4986,12.8516,12.627,0.2245999999999988,1.7787,8937.0,14212.62
601595.SH,20180702,12.9479,12.9559,12.5628,12.627,12.9399,-0.31289999999999907,-2.4181,6219.72,9884.406
601595.SH,20180629,12.5388,12.9559,12.5388,12.9399,12.6591,0.2807999999999993,2.2182,8939.0,14323.32
601595.SH,20180628,12.7233,12.8035,12.5307,12.6591,12.7473,-0.08819999999999872,-0.6919,4713.0,7454.367
601595.SH,20180627,12.6591,12.9158,12.6591,12.7473,12.7393,0.007999999999999119,0.0628,5549.99,8834.151
601595.SH,20180626,12.5227,12.7875,12.4425,12.7393,12.6431,0.09619999999999962,0.7609,4826.0,7608.516
601595.SH,20180625,12.6912,12.8276,12.5708,12.6431,12.6511,-0.007999999999999119,-0.0632,3613.0,5719.535
601595.SH,20180622,12.5388,12.7955,12.3623,12.6511,12.5468,0.10430000000000028,0.8313,4564.0,7171.045
601595.SH,20180621,12.7955,12.8998,12.5227,12.5468,12.8757,-0.32890000000000086,-2.5544,6621.0,10479.967
601595.SH,20180620,12.6751,12.9078,12.5307,12.8757,12.7313,0.14440000000000097,1.1342,8351.5,13261.724
601595.SH,20180619,13.2367,13.333,12.3382,12.7313,13.5415,-0.8102,-5.9831,15760.5,25315.322
601595.SH,20180615,13.9988,14.1191,13.4774,13.5415,13.9507,-0.40920000000000023,-2.9332,9763.0,16673.578
601595.SH,20180614,13.8624,14.1111,13.8063,13.9507,13.9346,0.01609999999999978,0.1155,5629.52,9811.076
601595.SH,20180613,14.3117,14.3117,13.8865,13.9346,14.3117,-0.37710000000000043,-2.6349,9831.98,17270.56
601595.SH,20180612,14.2796,14.3518,14.079,14.3117,14.2716,0.04010000000000069,0.281,8704.56,15431.454
601595.SH,20180611,14.2956,14.3438,14.1593,14.2716,14.2716,0.0,0.0,6994.15,12434.89
601595.SH,20180608,14.4801,14.5042,14.1272,14.2716,14.4962,-0.22460000000000058,-1.5494,13036.0,23247.232
601595.SH,20180607,14.7609,14.8091,14.44,14.4962,14.8171,-0.32089999999999996,-2.1657,16012.08,29110.211
601595.SH,20180606,14.44,14.8251,14.3919,14.8171,14.5443,0.27280000000000015,1.8756,15718.63,28725.584
601595.SH,20180605,14.3598,14.5604,14.3197,14.5443,14.4561,0.0882000000000005,0.6101,12923.79,23232.452
601595.SH,20180604,14.4801,14.5604,14.2234,14.4561,14.8331,-0.37700000000000067,-2.5416,23511.21,42097.152
601595.SH,20180601,14.8973,14.9615,14.6647,14.8331,15.0818,-0.24869999999999948,-1.649,27465.05,50733.766
601595.SH,20180531,14.2796,15.6434,14.2796,15.0818,14.2234,0.8583999999999996,6.0351,46210.55,86457.601
601595.SH,20180530,14.6566,14.6566,14.0389,14.2234,14.7609,-0.5374999999999996,-3.6414,19419.19,34637.164
601595.SH,20180529,14.6647,14.9294,14.6005,14.7609,14.6647,0.09619999999999962,0.656,17172.16,31748.908
601595.SH,20180528,14.8331,14.8732,14.5363,14.6647,14.8331,-0.1684000000000001,-1.1353,13670.0,24982.141
601595.SH,20180525,14.801,14.9695,14.7689,14.8331,14.8411,-0.008000000000000895,-0.0539,11941.96,22143.546
601595.SH,20180524,15.0738,15.1059,14.8091,14.8411,15.0738,-0.23269999999999946,-1.5437,12471.01,23168.257
601595.SH,20180523,15.0337,15.2663,14.9855,15.0738,15.1299,-0.05609999999999893,-0.3708,16585.01,31221.959
601595.SH,20180522,15.0738,15.2262,14.9695,15.1299,15.1299,0.0,0.0,15202.89,28566.587
601595.SH,20180521,14.9695,15.2102,14.9294,15.1299,14.9133,0.21659999999999968,1.4524,19855.08,37367.183
601595.SH,20180518,14.7208,14.9374,14.7048,14.9133,14.793,0.1203000000000003,0.8132,15932.98,29475.87
601595.SH,20180517,14.7288,14.9053,14.6807,14.793,14.8331,-0.04010000000000069,-0.2703,19107.21,35226.542
601595.SH,20180516,14.4481,15.0577,14.4481,14.8331,14.5523,0.2807999999999993,1.9296,34959.0,64638.164
601595.SH,20180515,14.3357,14.5844,14.2796,14.5523,14.3518,0.2004999999999999,1.397,9574.0,17214.347
601595.SH,20180514,14.6245,14.6967,14.2635,14.3518,14.6967,-0.3448999999999991,-2.3468,13980.0,25228.914
601595.SH,20180511,14.7529,14.7609,14.5523,14.6967,14.793,-0.09629999999999939,-0.651,15441.1,28210.289
601595.SH,20180510,14.7208,14.9936,14.7048,14.793,14.6245,0.16849999999999987,1.1522,23232.18,42959.049
601595.SH,20180509,14.6005,14.7288,14.4641,14.6245,14.6005,0.023999999999999133,0.1644,17143.0,31243.713
601595.SH,20180508,14.4962,14.6647,14.424,14.6005,14.5443,0.05620000000000047,0.3864,14845.95,26920.204
601595.SH,20180507,14.2475,14.7208,14.2315,14.5443,14.2234,0.32089999999999996,2.2561,17986.58,32532.435
601595.SH,20180504,14.2796,14.3999,14.1593,14.2234,14.3117,-0.08830000000000027,-0.617,6511.0,11594.644
601595.SH,20180503,14.1994,14.3839,13.9507,14.3117,14.2154,0.09629999999999939,0.6774,9135.88,16201.887
601595.SH,20180502,14.2154,14.3438,14.0951,14.2154,14.2635,-0.04809999999999981,-0.3372,7929.45,14053.421
601595.SH,20180427,14.1833,14.3919,14.0871,14.2635,14.071,0.19250000000000078,1.3681,11546.0,20492.215
601595.SH,20180426,14.5283,14.5684,14.0389,14.071,14.4882,-0.4172000000000011,-2.8796,14130.88,25114.215
601595.SH,20180425,14.3598,14.5203,14.2475,14.4882,14.4721,0.016100000000001558,0.1112,11604.27,20849.73
601595.SH,20180424,14.1673,14.5122,14.1432,14.4721,14.1111,0.3609999999999989,2.5583,11218.01,20121.026
601595.SH,20180423,14.1432,14.2555,14.0389,14.1111,14.1111,0.0,0.0,7741.67,13646.782
601595.SH,20180420,14.5122,14.5203,14.055,14.1111,14.5363,-0.42520000000000024,-2.9251,11221.05,19962.801
601595.SH,20180419,14.432,14.5844,14.3839,14.5363,14.5042,0.032099999999999795,0.2213,9228.0,16674.634
601595.SH,20180418,14.5203,14.5844,14.1272,14.5042,14.3999,0.10430000000000028,0.7243,11891.0,21328.503
601595.SH,20180417,15.0738,15.1059,14.3678,14.3999,14.9775,-0.5775999999999986,-3.8565,15724.0,28704.469
601595.SH,20180416,15.0417,15.1941,14.8973,14.9775,15.0738,-0.09630000000000116,-0.6389,9235.73,17304.54
601595.SH,20180413,15.0738,15.2021,14.9294,15.0738,15.0176,0.05620000000000047,0.3742,9846.0,18476.173
601595.SH,20180412,15.0898,15.1941,14.9775,15.0176,15.1941,-0.17650000000000077,-1.1616,13639.0,25604.052
601595.SH,20180411,14.8251,15.2824,14.793,15.1941,14.801,0.39310000000000045,2.6559,27077.0,50938.53
601595.SH,20180410,14.7128,14.9695,14.6486,14.801,14.6727,0.12829999999999941,0.8744,15007.98,27669.755
601595.SH,20180409,14.5844,14.801,14.5203,14.6727,14.6245,0.04820000000000135,0.3296,9309.0,17034.037
601595.SH,20180404,14.7609,14.9936,14.6165,14.6245,14.6807,-0.05620000000000047,-0.3828,14343.15,26548.003
601595.SH,20180403,14.7449,14.8973,14.6406,14.6807,14.9133,-0.2325999999999997,-1.5597,11816.0,21700.605
601595.SH,20180402,15.0016,15.0658,14.801,14.9133,15.0176,-0.10430000000000028,-0.6945,12761.73,23797.743
601595.SH,20180330,14.785,15.2021,14.785,15.0176,14.7369,0.2806999999999995,1.9047,14569.62,27196.995
601595.SH,20180329,14.6165,14.777,14.5925,14.7369,14.5523,0.18459999999999965,1.2685,9654.0,17706.012
601595.SH,20180328,14.5203,14.7048,14.4882,14.5523,14.7128,-0.16049999999999898,-1.0909,9809.0,17860.471
601595.SH,20180327,14.6005,14.8331,14.5844,14.7128,14.4079,0.30489999999999995,2.1162,15876.0,29046.986
601595.SH,20180326,14.1994,14.44,13.9587,14.4079,14.4641,-0.05620000000000047,-0.3885,15026.0,26662.876
601595.SH,20180323,15.0016,15.2423,14.2956,14.4641,15.2423,-0.7782,-5.1055,27698.15,50725.512
601595.SH,20180322,15.2423,15.3546,15.0898,15.2423,15.2262,0.01609999999999978,0.1057,10387.0,19700.032
601595.SH,20180321,15.3145,15.507,15.2102,15.2262,15.3145,-0.08830000000000027,-0.5766,11706.93,22450.898
601595.SH,20180320,15.162,15.5952,15.146,15.3145,15.4829,-0.1684000000000001,-1.0877,14237.0,27123.746
601595.SH,20180319,15.507,15.6594,15.4187,15.4829,15.507,-0.0240999999999989,-0.1554,8235.82,15967.047
601595.SH,20180316,15.6033,15.7717,15.4829,15.507,15.5712,-0.06419999999999959,-0.4123,10162.0,19788.37
601595.SH,20180315,15.8038,15.9883,15.3947,15.5712,15.9482,-0.37700000000000067,-2.3639,22241.0,43554.266
601595.SH,20180314,16.1006,16.1488,15.9241,15.9482,16.1247,-0.17650000000000077,-1.0946,13379.86,26736.916
601595.SH,20180313,16.3172,16.4135,16.0685,16.1247,16.3253,-0.2005999999999979,-1.2288,18161.86,36682.689
601595.SH,20180312,16.1247,16.606,16.1247,16.3253,16.0365,0.2887999999999984,1.8009,37964.15,77422.267
601595.SH,20180309,15.6995,16.1006,15.6033,16.0365,15.6995,0.33699999999999974,2.1466,29264.27,58029.896
601595.SH,20180308,15.6353,15.7557,15.5631,15.6995,15.6033,0.09619999999999962,0.6165,10577.15,20661.9
601595.SH,20180307,15.9883,16.0445,15.5872,15.6033,16.0445,-0.4411999999999985,-2.7499,18720.26,36851.506
601595.SH,20180306,15.9643,16.1006,15.7236,16.0445,15.9322,0.1122999999999994,0.7049,24433.87,48482.683
601595.SH,20180305,16.0685,16.1006,15.7316,15.9322,16.1167,-0.18450000000000166,-1.1448,24455.98,48434.257
601595.SH,20180302,15.5872,16.2129,15.5551,16.1167,15.7075,0.409200000000002,2.6051,42987.37,85694.893
601595.SH,20180301,15.5712,15.7236,15.4107,15.7075,15.5792,0.12829999999999941,0.8235,16894.57,32937.675
601595.SH,20180228,15.7396,15.7797,15.523,15.5792,15.9482,-0.3689999999999998,-2.3137,26923.11,52549.342
601595.SH,20180227,15.5792,16.1327,15.3947,15.9482,15.5792,0.3689999999999998,2.3685,36638.4,71845.818
601595.SH,20180226,15.4589,15.6995,15.3305,15.5792,15.3385,0.24070000000000036,1.5693,25301.99,48893.75
601595.SH,20180223,15.6514,15.884,15.2102,15.3385,15.7075,-0.3689999999999998,-2.3492,20796.98,39985.741
601595.SH,20180222,16.0445,16.1969,15.6434,15.7075,15.3626,0.3448999999999991,2.2451,23618.0,46956.992
601595.SH,20180214,15.4669,15.4669,15.2503,15.3626,15.3546,0.008000000000000895,0.0521,7350.87,14071.543
601595.SH,20180213,15.0497,15.4589,15.0337,15.3546,15.0176,0.33699999999999974,2.244,16680.11,31800.188
601595.SH,20180212,14.9053,15.1299,14.7048,15.0176,14.6647,0.3529,2.4065,8886.0,16611.946
601595.SH,20180209,14.801,15.0658,14.5042,14.6647,15.1139,-0.4491999999999994,-2.9721,16152.0,29789.002
601595.SH,20180208,15.0497,15.3064,14.8813,15.1139,15.0417,0.07219999999999871,0.48,11451.01,21549.344
601595.SH,20180207,15.0818,15.3465,14.3518,15.0417,14.6486,0.39310000000000045,2.6835,22095.45,41303.92
601595.SH,20180206,15.5631,15.6434,14.2716,14.6486,15.86,-1.2113999999999994,-7.6381,24124.36,45761.113
601595.SH,20180205,15.5872,16.1087,15.5712,15.86,16.0204,-0.1603999999999992,-1.0012,14463.75,28599.136
601595.SH,20180202,15.7316,16.2691,15.2423,16.0204,15.876,0.1443999999999992,0.9095,22838.28,44891.134
601595.SH,20180201,16.9269,17.2478,15.8199,15.876,17.0713,-1.1953000000000014,-7.0018,34244.28,70573.827
601595.SH,20180131,17.1676,17.304,16.7745,17.0713,17.2077,-0.1363999999999983,-0.7927,23967.26,50872.029
601595.SH,20180130,17.2077,17.5125,17.0392,17.2077,17.2237,-0.01600000000000179,-0.0929,17830.61,38333.364
601595.SH,20180129,17.5687,17.7693,17.1836,17.2237,17.6088,-0.3850999999999978,-2.187,28615.2,61870.634
601595.SH,20180126,17.5607,18.05,17.4163,17.6088,17.6971,-0.08830000000000027,-0.499,37510.0,82845.928
601595.SH,20180125,17.8736,18.6918,17.673,17.6971,18.0019,-0.3048000000000002,-1.6932,82705.35,187343.828
601595.SH,20180124,17.0312,18.2586,16.8708,18.0019,17.1355,0.8663999999999987,5.0562,84697.97,188452.946
601595.SH,20180123,17.2478,17.3762,16.9831,17.1355,17.4243,-0.2887999999999984,-1.6575,34540.42,73973.372
601595.SH,20180122,16.7745,17.7211,16.5579,17.4243,16.8868,0.5374999999999979,3.183,60318.63,129483.585
601595.SH,20180119,16.7825,17.2318,16.6943,16.8868,16.8627,0.024100000000000676,0.1429,43931.28,92790.595
601595.SH,20180118,17.2959,17.4885,16.6702,16.8627,17.312,-0.4493000000000009,-2.5953,70734.25,149266.043
601595.SH,20180117,15.7797,17.312,15.3867,17.312,15.7396,1.5724000000000018,9.9901,76383.97,160429.37
601595.SH,20180116,15.7637,16.0284,15.6514,15.7396,15.7316,0.007999999999999119,0.0509,10963.61,21623.968
601595.SH,20180115,16.5739,16.59,15.7236,15.7316,16.598,-0.8663999999999987,-5.2199,17030.0,34043.332
601595.SH,20180112,16.6782,16.6782,16.3734,16.598,16.606,-0.008000000000002672,-0.0482,13365.13,27510.695
601595.SH,20180111,16.2049,16.7665,16.1247,16.606,16.2049,0.4011000000000031,2.4752,24194.87,49981.742
601595.SH,20180110,16.4536,16.6782,16.1889,16.2049,16.5499,-0.3450000000000024,-2.0846,17076.97,34931.845
601595.SH,20180109,16.6301,16.7504,16.3654,16.5499,16.7825,-0.23259999999999792,-1.386,19891.45,41002.294
601595.SH,20180108,16.2049,17.0232,16.2049,16.7825,16.2771,0.5053999999999981,3.105,44204.71,92060.584
601595.SH,20180105,15.9081,16.3814,15.9081,16.2771,15.9803,0.29680000000000106,1.8573,29260.0,59089.804
601595.SH,20180104,16.221,16.221,15.8921,15.9803,16.221,-0.24070000000000036,-1.4839,19515.0,39015.821
601595.SH,20180103,16.1889,16.3493,16.0124,16.221,16.229,-0.007999999999999119,-0.0493,26705.0,53777.164
601595.SH,20180102,16.0445,16.3493,15.9803,16.229,16.3573,-0.12829999999999941,-0.7844,31822.64,64086.77
601595.SH,20171229,16.598,17.0713,16.3493,16.3573,16.3573,0.0,0.0,68396.81,142283.194
601595.SH,20171228,14.9214,16.3573,14.8091,16.3573,14.8732,1.484099999999998,9.9784,26427.41,53143.414
601595.SH,20171227,15.0337,15.0337,14.801,14.8732,15.0497,-0.176499999999999,-1.1728,6997.45,13010.021
601595.SH,20171226,14.5203,15.0818,14.5203,15.0497,14.6085,0.44120000000000026,3.0202,9953.32,18534.869
601595.SH,20171225,14.9133,14.9294,14.5363,14.6085,14.9214,-0.31290000000000084,-2.097,6969.36,12757.883
601595.SH,20171222,15.0497,15.0497,14.9133,14.9214,14.9855,-0.06409999999999982,-0.4277,6883.44,12828.555
601595.SH,20171221,15.1059,15.1299,14.8411,14.9855,15.162,-0.17650000000000077,-1.1641,7845.42,14674.45
601595.SH,20171220,15.507,15.507,15.0979,15.162,15.4829,-0.32089999999999996,-2.0726,9780.84,18600.173
601595.SH,20171219,15.5311,15.5471,15.3465,15.4829,15.523,-0.040099999999998914,-0.2583,8614.0,16598.032
601595.SH,20171218,15.3385,15.6434,15.2824,15.523,15.2984,0.2245999999999988,1.4681,13676.87,26368.129
601595.SH,20171215,15.0658,15.4027,15.0658,15.2984,15.146,0.1524000000000001,1.0062,9506.87,18084.786
601595.SH,20171214,15.0898,15.2503,15.0658,15.146,15.1781,-0.032099999999999795,-0.2115,6811.34,12881.045
601595.SH,20171213,15.0417,15.2824,14.9374,15.1781,15.0979,0.08020000000000138,0.5312,6821.0,12877.902
601595.SH,20171212,15.162,15.2663,15.0257,15.0979,15.1059,-0.008000000000000895,-0.053,10846.0,20471.43
601595.SH,20171211,15.0497,15.1941,15.0176,15.1059,15.146,-0.04010000000000069,-0.2648,6524.0,12293.783
601595.SH,20171208,15.0016,15.2182,14.8492,15.146,15.0096,0.13640000000000008,0.9088,10506.87,19765.54
601595.SH,20171207,14.8732,15.1139,14.8411,15.0096,14.9535,0.056100000000000705,0.3752,8468.0,15818.379
601595.SH,20171206,14.6647,14.9615,14.6005,14.9535,14.6406,0.31290000000000084,2.1372,10061.34,18540.937
601595.SH,20171205,15.3546,15.507,14.4561,14.6406,15.3465,-0.7059000000000015,-4.5997,15157.36,28305.405
601595.SH,20171204,15.6995,15.7637,15.3225,15.3465,15.6995,-0.35299999999999976,-2.2485,8998.13,17378.213
601595.SH,20171201,15.5712,15.7396,15.4508,15.6995,15.499,0.2004999999999999,1.2936,7989.0,15582.25
601595.SH,20171130,15.523,15.5952,15.4428,15.499,15.5551,-0.05609999999999893,-0.3607,5268.0,10188.83
601595.SH,20171129,15.5391,15.5872,15.4187,15.5551,15.5792,-0.024100000000000676,-0.1547,6329.0,12224.163
601595.SH,20171128,15.4909,15.6033,15.3786,15.5792,15.4428,0.13640000000000008,0.8833,6457.0,12502.429
601595.SH,20171127,15.499,15.6434,15.3305,15.4428,15.5471,-0.10430000000000028,-0.6709,8172.78,15768.631
601595.SH,20171124,15.4508,15.6835,15.4508,15.5471,15.5551,-0.007999999999999119,-0.0514,9028.32,17493.173
601595.SH,20171123,15.7797,15.9081,15.4829,15.5551,15.7797,-0.22460000000000058,-1.4233,10806.0,21123.493
601595.SH,20171122,15.8038,15.9643,15.6434,15.7797,15.8439,-0.06419999999999959,-0.4052,11034.0,21738.064
601595.SH,20171121,15.876,16.1327,15.7316,15.8439,15.8199,0.023999999999999133,0.1517,11757.2,23308.804
601595.SH,20171120,16.0445,16.0445,15.4027,15.8199,16.0525,-0.23259999999999792,-1.449,10828.01,21192.682
601595.SH,20171117,17.2879,17.2879,15.9723,16.0525,17.1275,-1.0750000000000028,-6.2765,30584.84,62478.413
601595.SH,20171116,17.4323,17.5206,17.0152,17.1275,17.4805,-0.352999999999998,-2.0194,9655.53,20869.973
601595.SH,20171115,17.5286,17.5928,17.4323,17.4805,17.5125,-0.03200000000000003,-0.1827,8364.42,18245.253
601595.SH,20171114,17.8014,17.9217,17.4564,17.5125,17.8014,-0.2889000000000017,-1.6229,12137.02,26679.796
601595.SH,20171113,18.026,18.0902,17.7853,17.8014,18.0099,-0.20849999999999724,-1.1577,9894.0,22100.107
601595.SH,20171110,17.9698,18.1222,17.8896,18.0099,17.9778,0.032099999999999795,0.1786,10062.01,22581.33
601595.SH,20171109,17.8896,18.0982,17.8415,17.9778,18.034,-0.05620000000000047,-0.3116,8974.0,20077.825
601595.SH,20171108,17.7372,18.1864,17.6489,18.034,17.7452,0.2887999999999984,1.6275,15206.52,34172.011
601595.SH,20171107,17.689,17.7693,17.5446,17.7452,17.681,0.06419999999999959,0.3631,7072.53,15543.137
601595.SH,20171106,17.6008,17.6971,17.4243,17.681,17.5125,0.16850000000000165,0.9622,7134.12,15617.623
601595.SH,20171103,17.8736,17.8736,17.4805,17.5125,17.7131,-0.20060000000000144,-1.1325,10103.0,22184.083
601595.SH,20171102,17.8896,17.8896,17.689,17.7131,17.9137,-0.2005999999999979,-1.1198,9953.33,22037.562
601595.SH,20171101,17.9698,18.042,17.8575,17.9137,17.9859,-0.07220000000000226,-0.4014,8839.42,19796.133
601595.SH,20171031,17.8094,18.05,17.8014,17.9859,17.9137,0.07220000000000226,0.403,10436.33,23335.75
601595.SH,20171030,18.4672,18.5635,17.7131,17.9137,18.5715,-0.6578000000000017,-3.542,19503.1,43684.959
601595.SH,20171027,18.6036,18.7319,18.4592,18.5715,18.6036,-0.032099999999999795,-0.1725,12940.33,29976.952
601595.SH,20171026,18.6116,18.6678,18.4993,18.6036,18.5875,0.016100000000001558,0.0866,12843.37,29778.906
601595.SH,20171025,18.403,18.6517,18.403,18.5875,18.5073,0.08019999999999783,0.4333,8362.69,19343.393
601595.SH,20171024,18.6196,18.6357,18.3709,18.5073,18.6517,-0.14440000000000097,-0.7742,13145.0,30285.518
601595.SH,20171023,18.9164,18.9164,18.4592,18.6517,18.8442,-0.192499999999999,-1.0215,17219.01,39939.186
601595.SH,20171020,18.5956,18.9325,18.5554,18.8442,18.5875,0.25670000000000215,1.381,9679.96,22681.241
601595.SH,20171019,18.6196,18.8603,18.4512,18.5875,18.748,-0.16050000000000253,-0.8561,15109.15,35110.149
601595.SH,20171018,19.0207,19.1571,18.5314,18.748,19.109,-0.36100000000000065,-1.8892,14734.0,34688.979
601595.SH,20171017,19.0127,19.3416,18.8523,19.109,19.0769,0.03210000000000335,0.1683,15283.99,36223.3
601595.SH,20171016,19.8149,19.9272,18.4512,19.0769,19.855,-0.778100000000002,-3.9189,23638.58,57429.072
601595.SH,20171013,19.7187,19.8952,19.5662,19.855,19.7026,0.1524000000000001,0.7735,18781.39,46246.184
601595.SH,20171012,19.7668,19.839,19.494,19.7026,19.8149,-0.11230000000000118,-0.5667,16740.19,40979.339
601595.SH,20171011,19.7828,19.9353,19.6384,19.8149,19.8149,0.0,0.0,24449.78,60301.199
601595.SH,20171010,19.2534,19.839,19.2293,19.8149,19.3416,0.47330000000000183,2.4471,30097.29,73333.634
601595.SH,20171009,19.5101,19.6064,19.1651,19.3416,19.1651,0.17650000000000077,0.9209,17235.75,41705.774
601595.SH,20170929,19.133,19.1732,18.9405,19.1651,18.9164,0.24869999999999948,1.3147,10654.42,25356.842
601595.SH,20170928,18.9485,19.1732,18.8523,18.9164,18.9646,-0.04820000000000135,-0.2542,11375.0,26982.629
601595.SH,20170927,18.9325,18.9806,18.7801,18.9646,18.8523,0.11230000000000118,0.5957,10048.72,23647.708
601595.SH,20170926,19.0127,19.1491,18.772,18.8523,19.0288,-0.17650000000000077,-0.9275,10146.0,23929.765
601595.SH,20170925,19.0528,19.2534,19.0047,19.0288,19.109,-0.08020000000000138,-0.4197,8470.0,20208.691
601595.SH,20170922,19.4058,19.47,19.0207,19.109,19.4138,-0.30479999999999663,-1.57,15521.52,37066.214
601595.SH,20170921,19.4379,19.5582,19.3898,19.4138,19.4379,-0.024100000000000676,-0.124,15021.19,36475.247
601595.SH,20170920,19.478,19.5582,19.2614,19.4379,19.478,-0.04010000000000247,-0.2059,12254.01,29618.91
601595.SH,20170919,19.3496,19.6304,19.3176,19.478,19.3336,0.14440000000000097,0.7469,17410.0,42210.834
601595.SH,20170918,19.2534,19.3898,19.1892,19.3336,19.2052,0.12839999999999918,0.6686,11823.08,28428.197
601595.SH,20170915,19.3496,19.4459,19.109,19.2052,19.3416,-0.1363999999999983,-0.7052,12798.18,30743.03
601595.SH,20170914,19.4299,19.5582,19.3015,19.3416,19.4218,-0.08020000000000138,-0.4129,13083.63,31663.324
601595.SH,20170913,19.3817,19.5181,19.3737,19.4218,19.3978,0.02400000000000091,0.1237,11470.0,27788.847
601595.SH,20170912,20.0556,20.1198,19.3336,19.3978,20.0797,-0.6818999999999988,-3.396,42864.24,104598.829
601595.SH,20170911,19.8952,20.0877,19.855,20.0797,19.9112,0.1684999999999981,0.8463,14551.78,36271.291
601595.SH,20170908,20.1679,20.3765,19.8069,19.9112,20.192,-0.2807999999999993,-1.3906,26713.24,66536.115
601595.SH,20170907,20.4006,20.4487,20.0716,20.192,20.4567,-0.26470000000000127,-1.294,29881.91,75330.896
601595.SH,20170906,19.855,20.6011,19.7989,20.4567,19.9593,0.4974000000000025,2.4921,39411.27,99489.655
601595.SH,20170905,19.9513,20.1037,19.8631,19.9593,19.9433,0.015999999999998238,0.0802,16249.7,40471.949
601595.SH,20170904,19.9593,20.0476,19.831,19.9433,20.0235,-0.08019999999999783,-0.4005,21757.13,53987.777
601595.SH,20170901,20.1759,20.2562,19.9032,20.0235,20.184,-0.16050000000000253,-0.7952,18818.47,46990.76
601595.SH,20170831,20.1118,20.3203,19.9754,20.184,20.1037,0.08030000000000115,0.3994,24157.0,60705.804
601595.SH,20170830,20.3524,20.3524,19.8871,20.1037,20.4086,-0.30489999999999995,-1.494,38247.15,95639.779
601595.SH,20170829,19.494,20.4166,19.3817,20.4086,19.5422,0.8663999999999987,4.4335,54203.67,135670.955
601595.SH,20170828,19.109,19.6866,19.109,19.5422,19.1972,0.3450000000000024,1.7971,19538.29,47416.236
601595.SH,20170825,18.8924,19.2213,18.8924,19.1972,18.9886,0.208599999999997,1.0986,14605.0,34820.524
601595.SH,20170824,19.3095,19.4539,18.8523,18.9886,19.3256,-0.33699999999999974,-1.7438,18665.14,44347.258
601595.SH,20170823,19.5342,19.6545,19.2213,19.3256,19.6384,-0.3127999999999993,-1.5928,14332.0,34618.87
601595.SH,20170822,19.9513,19.9513,19.4539,19.6384,19.9272,-0.2887999999999984,-1.4493,18722.0,45928.573
601595.SH,20170821,19.7508,19.9674,19.5903,19.9272,19.6946,0.23259999999999792,1.181,12364.76,30505.759
601595.SH,20170818,20.208,20.208,19.6786,19.6946,20.208,-0.5133999999999972,-2.5406,20321.0,50333.624
601595.SH,20170817,19.8149,20.4407,19.7267,20.208,19.831,0.3769999999999989,1.9011,28573.86,72029.275
601595.SH,20170816,19.6384,19.9192,19.4539,19.831,19.5743,0.2566999999999986,1.3114,21486.83,52937.399
601595.SH,20170815,19.5181,19.7748,19.3577,19.5743,19.5502,0.024100000000000676,0.1233,18111.0,44206.954
601595.SH,20170814,19.4379,19.6465,19.101,19.5502,19.9433,-0.39310000000000045,-1.9711,44213.71,106644.652
601595.SH,20170811,19.8952,20.3284,19.7668,19.9433,20.1438,-0.20049999999999812,-0.9953,19731.47,49326.434
601595.SH,20170810,20.3765,20.5209,19.8149,20.1438,20.3524,-0.20860000000000056,-1.0249,23885.2,59918.639
601595.SH,20170809,20.6332,20.7936,20.3043,20.3524,20.7776,-0.42520000000000024,-2.0464,30363.65,77616.627
601595.SH,20170808,20.4728,20.7936,19.9754,20.7776,20.577,0.2005999999999979,0.9749,50465.06,128234.768
601595.SH,20170807,20.1519,21.2429,20.0155,20.577,19.9593,0.6177000000000028,3.0948,84562.38,218715.057
601595.SH,20170804,19.3898,20.208,19.1411,19.9593,19.5983,0.36100000000000065,1.842,59843.9,146919.342
601595.SH,20170803,18.4271,20.0315,18.411,19.5983,18.403,1.1952999999999996,6.4951,53720.94,129535.785
601595.SH,20170802,18.6998,18.764,18.3709,18.403,18.6678,-0.26480000000000103,-1.4185,12577.63,29052.941
601595.SH,20170801,18.8603,18.9245,18.5314,18.6678,18.8282,-0.1603999999999992,-0.8519,11699.03,27173.029
601595.SH,20170731,19.1571,19.1651,18.764,18.8282,18.8603,-0.032099999999999795,-0.1702,10848.02,25550.023
601595.SH,20170728,18.8523,18.9405,18.6196,18.8603,18.9726,-0.11230000000000118,-0.5919,17490.03,40904.154
601595.SH,20170727,18.4512,19.1892,18.3228,18.9726,18.4512,0.5213999999999999,2.8258,28649.16,67261.713
601595.SH,20170726,18.2907,18.5153,18.1543,18.4512,18.5073,-0.056100000000000705,-0.3031,14757.8,33696.262
601595.SH,20170725,18.1624,18.9726,18.0099,18.5073,18.1543,0.35300000000000153,1.9444,20381.35,47057.41
601595.SH,20170724,17.8816,18.2506,17.7773,18.1543,17.8575,0.2967999999999975,1.662,13390.75,30043.108
601595.SH,20170721,17.9859,18.0741,17.8094,17.8575,17.9859,-0.12839999999999918,-0.7139,9467.0,21169.882
601595.SH,20170720,18.0741,18.3148,17.9778,17.9859,18.0661,-0.08019999999999783,-0.4439,11285.0,25519.768
601595.SH,20170719,17.8816,18.1142,17.7693,18.0661,17.8976,0.1684999999999981,0.9415,10583.2,23697.075
601595.SH,20170718,18.0019,18.1543,17.689,17.8976,17.9778,-0.08019999999999783,-0.4461,13460.01,30038.087
601595.SH,20170717,19.3978,19.3978,17.9538,17.9778,19.47,-1.4922000000000004,-7.6641,33083.4,76446.845
601595.SH,20170714,19.5422,19.8149,19.3336,19.47,19.5823,-0.11230000000000118,-0.5735,8425.17,20492.493
601595.SH,20170713,19.5743,19.7347,19.4539,19.5823,19.5983,-0.015999999999998238,-0.0816,6368.64,15543.009
601595.SH,20170712,19.6625,19.823,19.2293,19.5983,19.7588,-0.16050000000000253,-0.8123,13846.21,33643.497
601595.SH,20170711,20.1599,20.1759,19.7347,19.7588,20.1759,-0.4170999999999978,-2.0673,18008.03,44632.109
601595.SH,20170710,20.5931,20.5931,20.1278,20.1759,20.6894,-0.5135000000000005,-2.4819,20763.24,52512.009
601595.SH,20170707,20.4567,20.8177,20.3043,20.6894,20.4647,0.22469999999999857,1.098,24273.11,62365.447
601595.SH,20170706,20.7375,20.8177,20.2562,20.4647,20.7616,-0.29690000000000083,-1.43,30730.67,78371.293
601595.SH,20170705,20.0556,20.8418,20.0155,20.7616,19.9272,0.8344000000000023,4.1872,39992.65,102489.372
601595.SH,20170704,20.1519,20.2722,19.8149,19.9272,20.1679,-0.24070000000000036,-1.1935,12048.14,30016.044
601595.SH,20170703,19.9593,20.1759,19.839,20.1679,19.9593,0.20860000000000056,1.0451,13696.71,34263.06
601595.SH,20170630,19.9353,20.1037,19.7347,19.9593,19.9674,-0.008100000000002439,-0.0406,9386.24,23319.773
601595.SH,20170629,19.839,20.0556,19.831,19.9674,19.839,0.12840000000000273,0.6472,9976.0,24825.461
601595.SH,20170628,20.4166,20.4166,19.7347,19.839,20.4166,-0.5776000000000003,-2.8291,24263.2,60298.92
601595.SH,20170627,20.4051,20.7149,20.2701,20.413,20.4051,0.007899999999999352,0.0387,19048.22,49053.102
601595.SH,20170626,20.413,20.421,20.1191,20.4051,20.3098,0.09530000000000172,0.4692,15159.23,38719.725
601595.SH,20170623,20.413,20.4686,19.8967,20.3098,20.3733,-0.06350000000000122,-0.3117,14959.56,38055.589
601595.SH,20170622,20.5401,20.8737,20.3336,20.3733,20.5719,-0.198599999999999,-0.9654,19384.0,50426.715
601595.SH,20170621,20.7546,20.7546,20.3971,20.5719,20.5878,-0.015900000000002024,-0.0772,11490.25,29709.804
601595.SH,20170620,21.0087,21.0087,20.5719,20.5878,20.7784,-0.19059999999999988,-0.9173,11632.16,30370.898
601595.SH,20170619,20.691,20.9055,20.6116,20.7784,20.7069,0.07150000000000034,0.3453,10754.66,28089.745
601595.SH,20170616,21.0246,21.2073,20.6513,20.7069,21.0087,-0.30180000000000007,-1.4365,14415.91,37701.371
601595.SH,20170615,20.3415,21.112,20.3177,21.0087,20.3257,0.6829999999999998,3.3603,27559.01,72286.168
601595.SH,20170614,20.4527,20.5957,20.1509,20.3257,20.4369,-0.11120000000000019,-0.5441,8400.05,21536.469
601595.SH,20170613,20.135,20.5322,20.0238,20.4369,20.0635,0.3734000000000002,1.8611,11468.0,29408.933
601595.SH,20170612,20.4448,20.6593,20.0238,20.0635,20.7228,-0.6592999999999982,-3.1815,19717.13,50303.801
601595.SH,20170609,20.4925,20.7705,20.3018,20.7228,20.4845,0.23829999999999885,1.1633,20338.41,52581.515
601595.SH,20170608,20.3654,20.8419,20.3336,20.4845,20.3574,0.1271000000000022,0.6243,25929.4,67238.886
601595.SH,20170607,19.8888,20.421,19.7776,20.3574,19.8491,0.5082999999999984,2.5608,20668.91,52557.034
601595.SH,20170606,19.6267,19.8967,19.579,19.8491,19.7141,0.13500000000000156,0.6848,11957.56,29776.076
601595.SH,20170605,19.6187,19.8253,19.4917,19.7141,19.5075,0.20659999999999812,1.0591,14713.09,36485.827
601595.SH,20170602,18.9754,19.5473,18.7292,19.5075,19.1025,0.40500000000000114,2.1201,20639.6,49709.655
601595.SH,20170601,20.0159,20.0556,19.0707,19.1025,20.0874,-0.9848999999999997,-4.9031,20017.98,49291.747
601595.SH,20170531,20.5798,20.6434,20.0635,20.0874,20.1271,-0.039699999999999847,-0.1972,21177.81,54364.951
601595.SH,20170526,20.3018,20.3813,19.9285,20.1271,20.2065,-0.07939999999999969,-0.3929,17812.08,45255.332
601595.SH,20170525,20.0,20.3177,19.3725,20.2065,20.0238,0.18269999999999698,0.9124,25492.43,63891.43
601595.SH,20170524,20.2701,20.2701,19.4678,20.0238,20.3336,-0.3097999999999992,-1.5236,39698.93,99136.001
601595.SH,20170523,22.3987,22.4305,20.2462,20.3336,22.494,-2.160399999999999,-9.6043,57945.2,153606.084
601595.SH,20170522,23.6537,23.6775,22.3352,22.494,23.6537,-1.1597000000000008,-4.9028,23539.36,68036.246
601595.SH,20170519,23.5504,23.7331,23.3678,23.6537,23.5346,0.11909999999999954,0.5061,18007.83,53395.521
601595.SH,20170518,23.6537,23.9079,23.4313,23.5346,23.8364,-0.30180000000000007,-1.2661,18090.49,53782.956
601595.SH,20170517,23.2566,24.0588,23.0421,23.8364,23.1533,0.6830999999999996,2.9503,49377.47,147379.982
601595.SH,20170516,22.6529,23.201,22.1604,23.1533,22.7006,0.4527000000000001,1.9942,25584.73,72990.441
601595.SH,20170515,22.8753,23.0977,22.5973,22.7006,22.8515,-0.15090000000000003,-0.6604,13017.44,37465.058
601595.SH,20170512,22.637,22.9944,22.5258,22.8515,22.6847,0.16680000000000206,0.7353,18360.24,52583.324
601595.SH,20170511,22.5973,22.7085,21.8268,22.6847,22.6767,0.007999999999999119,0.0353,22366.33,62718.143
601595.SH,20170510,22.6847,23.2963,22.6211,22.6767,22.6847,-0.007999999999999119,-0.0353,27702.29,80104.101
601595.SH,20170509,22.2558,22.7006,22.1604,22.6847,22.2558,0.4288999999999987,1.9271,17051.76,48208.097
601595.SH,20170508,22.4384,22.7164,22.224,22.2558,22.5179,-0.2621000000000002,-1.164,13247.87,37542.775
601595.SH,20170505,22.4067,22.9388,22.4067,22.5179,22.6052,-0.08729999999999905,-0.3862,12078.24,34482.642
601595.SH,20170504,22.8753,22.9706,22.5258,22.6052,22.8912,-0.28600000000000136,-1.2494,13234.46,37900.315
601595.SH,20170503,22.7959,23.1851,22.7164,22.8912,22.9627,-0.07150000000000034,-0.3114,16786.83,48508.759
601595.SH,20170502,23.3916,23.3916,22.8594,22.9627,23.4234,-0.4606999999999992,-1.9668,20219.97,58693.443
601595.SH,20170428,22.645,23.471,22.637,23.4234,22.923,0.5004000000000026,2.183,33402.61,97342.385
601595.SH,20170427,22.4623,22.9468,21.6918,22.923,22.494,0.4289999999999985,1.9072,39588.17,111100.218
601595.SH,20170426,23.0103,23.0103,22.2399,22.494,22.9865,-0.4924999999999997,-2.1426,32660.53,92504.055
601595.SH,20170425,23.4234,23.5425,22.9547,22.9865,23.5584,-0.5718999999999994,-2.4276,31828.48,92834.135
601595.SH,20170424,24.162,24.162,23.0977,23.5584,24.1223,-0.5639000000000003,-2.3377,21573.35,63779.853
601595.SH,20170421,24.0508,24.162,23.9079,24.1223,24.0588,0.06349999999999767,0.2639,12772.33,38714.115
601595.SH,20170420,24.1064,24.2415,23.749,24.0588,24.1382,-0.07939999999999969,-0.3289,22711.66,68620.386
601595.SH,20170419,24.305,24.3844,23.7331,24.1382,24.3844,-0.2461999999999982,-1.0097,39079.34,118353.802
601595.SH,20170418,25.4488,25.5838,24.2891,24.3844,25.4567,-1.072300000000002,-4.2123,40409.9,126157.465
601595.SH,20170417,26.1398,26.4972,25.2184,25.4567,26.4257,-0.9689999999999976,-3.6669,32252.19,104066.547
601595.SH,20170414,26.4098,26.5687,26.2113,26.4257,26.3542,0.07150000000000034,0.2713,16581.51,55103.199
601595.SH,20170413,26.1954,26.6402,26.1716,26.3542,26.1795,0.17469999999999786,0.6673,17571.0,58327.881
601595.SH,20170412,26.5846,26.6005,26.0921,26.1795,26.7593,-0.5797999999999988,-2.1667,24160.16,80023.259
601595.SH,20170411,26.2113,26.7911,25.6553,26.7593,26.2113,0.5479999999999983,2.0907,42795.07,141009.003
601595.SH,20170410,27.9587,28.1573,26.1319,26.2113,28.1732,-1.9619,-6.9637,54610.32,185289.706
601595.SH,20170407,28.2764,28.5385,27.8793,28.1732,28.3558,-0.1825999999999972,-0.644,23325.29,82474.417
601595.SH,20170406,27.9587,28.6497,27.8554,28.3558,27.9269,0.4288999999999987,1.5358,33574.18,119547.179
601595.SH,20170405,27.6489,27.9587,27.5854,27.9269,27.7125,0.21440000000000126,0.7737,22933.17,80331.419
601595.SH,20170331,27.8396,28.2685,27.4424,27.7125,27.6251,0.08739999999999881,0.3164,23400.06,81676.289
601595.SH,20170330,28.9118,29.1183,27.5298,27.6251,29.2534,-1.6282999999999994,-5.5662,50357.53,178688.272
601595.SH,20170329,30.3733,30.421,29.1104,29.2534,30.4607,-1.2073,-3.9635,43803.67,162944.444
601595.SH,20170328,30.5639,30.9452,30.0238,30.4607,30.8102,-0.34949999999999903,-1.1344,40073.86,153490.043
601595.SH,20170327,30.143,31.0961,30.143,30.8102,30.135,0.6751999999999967,2.2406,62408.22,242110.766
601595.SH,20170324,30.2859,30.5639,30.0238,30.135,30.3574,-0.22239999999999682,-0.7326,41480.81,158109.271
601595.SH,20170323,29.5473,30.4051,29.309,30.3574,29.4202,0.9371999999999971,3.1856,64505.2,243083.176
601595.SH,20170322,29.5711,29.6902,28.9754,29.4202,29.8253,-0.40509999999999735,-1.3582,43211.59,159443.545
601595.SH,20170321,29.6743,30.0159,29.6108,29.8253,29.7935,0.03179999999999694,0.1067,29900.87,112424.154
601595.SH,20170320,29.6346,29.9285,29.2693,29.7935,29.6346,0.1589000000000027,0.5362,33941.69,126235.182
601595.SH,20170317,30.7784,30.7784,29.4758,29.6346,30.7863,-1.1517000000000017,-3.7409,59316.15,226134.071
601595.SH,20170316,30.1191,31.0564,30.0715,30.7863,30.1747,0.6115999999999993,2.0269,68355.58,263350.268
601595.SH,20170315,29.7855,30.4051,29.6267,30.1747,29.9762,0.19850000000000279,0.6622,40053.0,151676.275
601595.SH,20170314,29.9603,30.3654,29.7935,29.9762,29.9841,-0.007900000000002905,-0.0263,44440.91,168264.003
601595.SH,20170313,29.2216,30.3018,28.9357,29.9841,29.2216,0.7625000000000028,2.6094,66423.21,249001.454
601595.SH,20170310,28.5385,29.2931,28.475,29.2216,28.5306,0.690999999999999,2.422,46360.57,169138.66
601595.SH,20170309,29.3884,29.3884,28.4432,28.5306,29.3963,-0.8657000000000004,-2.9449,45329.85,164263.48
601595.SH,20170308,29.9682,30.0635,29.2851,29.3963,30.0953,-0.6990000000000016,-2.3226,48757.73,181544.113
601595.SH,20170307,29.9285,30.5004,29.8253,30.0953,30.0,0.09530000000000172,0.3177,46872.18,177665.067
601595.SH,20170306,29.6187,30.3971,29.5552,30.0,29.7935,0.20649999999999835,0.6931,50767.02,191393.053
601595.SH,20170303,30.0397,30.3813,29.5314,29.7935,30.3495,-0.5559999999999974,-1.832,48142.43,180965.929
601595.SH,20170302,29.8253,30.7069,29.301,30.3495,29.9762,0.3733000000000004,1.2453,90992.92,344331.58
601595.SH,20170301,28.6577,31.4694,28.6577,29.9762,28.6656,1.3105999999999973,4.572,135276.83,512448.283
601595.SH,20170228,27.9587,28.7292,27.8554,28.6656,28.1493,0.5163000000000011,1.8341,66060.05,235766.585
601595.SH,20170227,27.641,28.8642,27.5298,28.1493,27.7125,0.43680000000000163,1.5762,87941.0,314087.359
601595.SH,20170224,27.1406,27.9587,26.9658,27.7125,27.1088,0.6036999999999999,2.227,61210.43,212624.819
601595.SH,20170223,26.8626,27.22,26.8626,27.1088,27.0135,0.09529999999999816,0.3528,27550.76,93811.156
601595.SH,20170222,27.3312,27.3312,26.6084,27.0135,27.2994,-0.28589999999999804,-1.0473,37743.66,128143.618
601595.SH,20170221,27.0056,27.4027,26.8467,27.2994,27.1485,0.15090000000000003,0.5558,36026.65,123218.423
601595.SH,20170220,27.5616,27.7363,26.4734,27.1485,27.8396,-0.6911000000000023,-2.4824,69379.65,236111.451
601595.SH,20170217,27.2994,28.467,27.2438,27.8396,27.4106,0.42900000000000205,1.5651,87670.99,307585.409
601595.SH,20170216,27.363,27.4504,26.9817,27.4106,27.5616,-0.1509999999999998,-0.5479,51238.03,175353.617
601595.SH,20170215,27.0056,28.0302,26.9023,27.5616,26.9897,0.5718999999999994,2.119,84451.44,291712.988
601595.SH,20170214,27.2915,27.3153,26.8864,26.9897,27.4027,-0.41300000000000026,-1.5072,37259.29,126874.325
601595.SH,20170213,26.2113,27.4424,26.1954,27.4027,26.4893,0.9133999999999993,3.4482,63143.95,214618.961
601595.SH,20170210,27.0532,27.1406,26.4178,26.4893,27.0929,-0.6036000000000001,-2.2279,35573.31,120198.776
601595.SH,20170209,27.1882,27.3074,26.8705,27.0929,27.1485,-0.05559999999999832,-0.2048,35822.79,122136.178
601595.SH,20170208,26.8705,27.4742,26.108,27.1485,26.9817,0.1667999999999985,0.6182,60025.0,201696.033
601595.SH,20170207,27.2518,27.4027,26.7673,26.9817,27.4265,-0.44480000000000075,-1.6218,26952.72,91776.296
601595.SH,20170206,26.9341,27.4821,26.8229,27.4265,26.9579,0.4686000000000021,1.7383,22857.04,78316.584
601595.SH,20170203,27.5616,27.7522,26.7514,26.9579,27.4027,-0.44480000000000075,-1.6232,29829.75,101939.275
601595.SH,20170126,27.5616,27.7998,27.1009,27.4027,27.4186,-0.015900000000002024,-0.058,27540.54,94890.027
601595.SH,20170125,26.9182,27.6013,26.9182,27.4186,27.0135,0.4051000000000009,1.4996,24996.48,86024.141
601595.SH,20170124,27.4821,27.8554,26.8705,27.0135,27.6251,-0.6115999999999993,-2.2139,32500.66,111168.023
601595.SH,20170123,27.1485,28.2049,27.1485,27.6251,27.1485,0.47660000000000124,1.7555,52018.23,182072.224
601595.SH,20170120,26.1477,27.5695,26.0604,27.1485,26.3622,0.7862999999999971,2.9827,62212.4,212571.933
601595.SH,20170119,25.0199,27.363,24.6942,26.3622,25.3455,1.0167000000000002,4.0114,72600.73,240419.432
601595.SH,20170118,25.7347,25.9809,25.282,25.3455,25.9651,-0.6195999999999984,-2.3863,26653.85,85681.37
601595.SH,20170117,24.6307,26.6481,24.5274,25.9651,24.8213,1.1437999999999988,4.6081,57621.57,185888.371
601595.SH,20170116,26.1319,26.1795,24.1223,24.8213,26.3066,-1.4852999999999987,-5.6461,45695.55,145528.032
601595.SH,20170113,27.4821,27.5616,25.973,26.3066,27.5854,-1.2788000000000004,-4.6358,65936.05,219761.388
601595.SH,20170112,28.4432,28.5782,27.4901,27.5854,28.475,-0.8896000000000015,-3.1241,45848.14,161581.002
601595.SH,20170111,30.1112,30.2462,28.2446,28.475,30.1112,-1.6361999999999988,-5.4339,72237.64,263592.468
601595.SH,20170110,30.3415,30.691,30.0238,30.1112,30.3415,-0.23029999999999973,-0.759,26975.9,103152.024
601595.SH,20170109,30.3336,30.5719,30.0238,30.3415,30.7228,-0.38129999999999953,-1.2411,40881.84,155575.91
601595.SH,20170106,32.0572,32.1525,30.6831,30.7228,32.1446,-1.4217999999999975,-4.4231,57011.38,223584.284
601595.SH,20170105,32.4067,32.4464,31.938,32.1446,32.5417,-0.3971000000000018,-1.2203,33067.52,133794.302
601595.SH,20170104,31.4932,32.5655,31.3185,32.5417,31.3979,1.1437999999999988,3.6429,56179.48,226683.51
601595.SH,20170103,31.5647,31.8904,31.0643,31.3979,31.4694,-0.07150000000000034,-0.2272,33535.58,132571.993
601595.SH,20161230,32.1763,32.2081,31.2867,31.4694,32.089,-0.6195999999999984,-1.9309,30903.8,123458.107
601595.SH,20161229,32.0095,32.6608,31.9936,32.089,32.2399,-0.15090000000000003,-0.4681,27614.04,112386.744
601595.SH,20161228,32.4384,32.7164,31.946,32.2399,32.216,0.02389999999999759,0.0742,28868.15,117571.62
601595.SH,20161227,32.7244,32.923,32.1763,32.216,32.9388,-0.7227999999999994,-2.1944,36322.4,149070.677
601595.SH,20161226,31.0246,32.9865,31.0246,32.9388,31.6918,1.2469999999999999,3.9348,55128.42,223192.433
601595.SH,20161223,32.3749,32.5258,31.4059,31.6918,32.4702,-0.7783999999999978,-2.3973,43076.04,172426.079
601595.SH,20161222,32.5655,33.1692,32.2955,32.4702,32.915,-0.44480000000000075,-1.3514,51214.81,210350.886
601595.SH,20161221,30.9214,32.9706,30.9214,32.915,30.9611,1.9539000000000009,6.3108,84492.97,341314.347
601595.SH,20161220,30.3574,31.1041,30.3415,30.9611,30.5878,0.37329999999999686,1.2204,31522.89,122302.734
601595.SH,20161219,31.2708,31.2708,30.413,30.5878,31.2073,-0.6194999999999986,-1.9851,35058.0,135389.019
601595.SH,20161216,30.8737,31.7315,30.8022,31.2073,30.8181,0.3891999999999989,1.2629,50404.29,198657.053
601595.SH,20161215,30.1827,31.1755,30.0397,30.8181,30.3495,0.4686000000000021,1.544,46540.98,179775.76
601595.SH,20161214,30.8181,30.8737,29.9523,30.3495,30.8022,-0.4527000000000001,-1.4697,47423.5,180897.828
601595.SH,20161213,30.4845,31.0802,30.2939,30.8022,30.6037,0.19849999999999923,0.6486,47185.85,182624.97
601595.SH,20161212,33.1851,33.2645,30.5639,30.6037,33.3916,-2.787899999999997,-8.3491,75939.23,303898.855
601595.SH,20161209,34.6386,34.9881,33.2168,33.3916,34.6148,-1.2232000000000056,-3.5337,52035.41,223009.55
601595.SH,20161208,35.0675,35.2661,34.5195,34.6148,35.0755,-0.46069999999999567,-1.3135,33861.88,148593.808
601595.SH,20161207,34.7975,35.3296,34.4321,35.0755,34.8531,0.22240000000000038,0.6381,35260.21,154761.417
601595.SH,20161206,34.3129,35.2502,34.2176,34.8531,34.0985,0.7545999999999964,2.213,45510.22,198716.226
601595.SH,20161205,34.3606,34.861,33.8443,34.0985,34.9563,-0.8577999999999975,-2.4539,53585.67,231348.487
601595.SH,20161202,36.4575,36.4575,34.9325,34.9563,36.4575,-1.5012000000000043,-4.1177,56871.5,254831.405
601595.SH,20161201,36.1875,36.6322,35.9889,36.4575,36.2192,0.2383000000000024,0.6579,55006.55,251296.442
601595.SH,20161130,34.9484,36.3542,34.6545,36.2192,35.0357,1.1835000000000022,3.378,79873.32,359919.636
601595.SH,20161129,35.7347,36.2589,34.8531,35.0357,35.7109,-0.6752000000000038,-1.8907,56040.16,251193.754
601595.SH,20161128,35.9095,36.6164,35.5044,35.7109,36.1477,-0.4367999999999981,-1.2084,53891.14,244489.726
601595.SH,20161125,35.8618,36.2272,34.6307,36.1477,35.7585,0.38920000000000243,1.0884,73742.24,329865.673
601595.SH,20161124,36.8149,37.2359,35.4091,35.7585,37.1724,-1.4139000000000053,-3.8036,103582.82,473006.099
601595.SH,20161123,39.023,39.3169,36.7593,37.1724,39.031,-1.8585999999999956,-4.7619,122849.44,589310.63
601595.SH,20161122,39.309,39.6108,38.5862,39.031,39.2454,-0.2143999999999977,-0.5463,83016.23,408132.156
601595.SH,20161121,38.6021,39.4361,38.332,39.2454,38.753,0.4923999999999964,1.2706,76258.62,373798.874
601595.SH,20161118,38.9436,39.8729,38.7371,38.753,38.9198,-0.16680000000000206,-0.4286,80651.09,398415.797
601595.SH,20161117,38.5306,39.309,38.4035,38.9198,38.7847,0.13510000000000133,0.3483,65362.48,320878.877
601595.SH,20161116,39.8173,40.0477,38.6021,38.7847,40.0477,-1.2629999999999981,-3.1537,102676.11,504676.202
601595.SH,20161115,40.834,40.834,39.4837,40.0477,41.0643,-1.016600000000004,-2.4756,108140.85,544226.21
601595.SH,20161114,40.2542,41.112,39.6346,41.0643,39.9762,1.0881000000000043,2.7219,139061.65,708807.008
601595.SH,20161111,40.9214,41.5012,39.3169,39.9762,41.4218,-1.4455999999999989,-3.4899,177248.32,900654.062
601595.SH,20161110,41.8189,43.2407,40.413,41.4218,41.1835,0.2382999999999953,0.5786,259208.05,1359881.37
601595.SH,20161109,41.3026,41.7792,40.0477,41.1835,42.4861,-1.3025999999999982,-3.0659,241945.3,1251027.271
601595.SH,20161108,39.8014,43.6775,39.4122,42.4861,39.7061,2.780000000000001,7.0014,307337.02,1631457.62
601595.SH,20161107,39.6823,41.4059,38.5862,39.7061,38.5385,1.1676000000000002,3.0297,267338.31,1338055.92
601595.SH,20161104,34.7736,38.5385,34.7736,38.5385,35.0357,3.5028000000000006,9.9978,154375.56,719031.37
601595.SH,20161103,34.9087,36.2828,34.718,35.0357,35.2979,-0.2622,-0.7428,103473.52,463997.464
601595.SH,20161102,34.7895,35.8141,33.9555,35.2979,34.9484,0.34949999999999903,1.0,94879.62,415238.819
601595.SH,20161101,33.9555,35.6076,33.9317,34.9484,33.9317,1.0167000000000002,2.9963,91669.53,403108.1
601595.SH,20161031,35.1072,35.1867,33.3439,33.9317,35.274,-1.3423000000000016,-3.8054,93542.57,401226.047
601595.SH,20161028,36.6799,36.9579,34.9643,35.274,36.9579,-1.6839000000000013,-4.5563,133175.72,599537.143
601595.SH,20161027,35.7427,37.355,35.6553,36.9579,35.9809,0.9770000000000039,2.7153,138466.39,639938.696
601595.SH,20161026,35.8062,37.1406,35.7903,35.9809,35.9889,-0.008000000000002672,-0.0222,100824.04,461868.022
601595.SH,20161025,35.8062,36.9023,35.5838,35.9889,36.2986,-0.3096999999999994,-0.8532,123304.53,560282.744
601595.SH,20161024,33.5028,37.2359,33.5028,36.2986,33.9079,2.3907000000000025,7.0506,220603.35,993514.83
601595.SH,20161021,31.533,34.4956,31.533,33.9079,31.66,2.247899999999998,7.1001,163987.6,678633.041
601595.SH,20161020,31.7792,32.0492,31.4218,31.66,31.7871,-0.12709999999999866,-0.3998,43473.25,173473.936
601595.SH,20161019,31.2153,32.0095,31.1597,31.7871,31.2153,0.5717999999999996,1.8318,69164.91,276471.221
601595.SH,20161018,30.6593,31.3106,30.6037,31.2153,30.6037,0.6115999999999993,1.9985,38354.51,149371.544
601595.SH,20161017,32.0095,32.0095,30.5163,30.6037,31.7236,-1.1199000000000012,-3.5302,56698.19,223409.518
601595.SH,20161014,31.7712,32.089,31.2629,31.7236,31.8983,-0.17469999999999786,-0.5477,54870.98,218539.393
601595.SH,20161013,31.7633,32.3749,31.6124,31.8983,31.668,0.23029999999999973,0.7272,60334.32,242726.974
601595.SH,20161012,31.4615,32.5179,31.39,31.668,31.6998,-0.031800000000000495,-0.1003,77627.72,312150.995
601595.SH,20161011,30.7228,32.089,30.7228,31.6998,30.9214,0.7784000000000013,2.5174,103053.1,408496.362
601595.SH,20161010,30.143,31.0008,29.7855,30.9214,29.9762,0.9451999999999998,3.1532,80162.49,308058.992
601595.SH,20160930,29.8967,30.2224,29.6505,29.9762,30.0318,-0.05560000000000187,-0.1851,45143.72,170239.507
601595.SH,20160929,30.2939,30.5639,29.9762,30.0318,30.135,-0.10320000000000107,-0.3425,43665.7,166360.411
601595.SH,20160928,29.9841,30.6354,29.722,30.135,30.135,0.0,0.0,57881.42,219494.325
601595.SH,20160927,29.7697,30.2303,29.1183,30.135,30.0318,0.10320000000000107,0.3436,80971.88,302933.082
601595.SH,20160926,32.1287,32.1287,29.8729,30.0318,33.0342,-3.002399999999998,-9.0888,159911.73,621749.738
601595.SH,20160923,33.201,34.5274,32.8594,33.0342,33.2963,-0.2621000000000038,-0.7872,137147.28,582550.969
601595.SH,20160922,33.4392,33.5584,32.6688,33.2963,33.1136,0.18270000000000408,0.5517,107259.61,446620.947
601595.SH,20160921,33.4392,33.6696,32.8276,33.1136,33.7728,-0.6591999999999985,-1.9519,114647.04,478698.062
601595.SH,20160920,32.2637,34.7101,32.2637,33.7728,32.359,1.4137999999999948,4.3691,222639.96,946216.159
601595.SH,20160919,31.255,32.4464,31.1358,32.359,31.4376,0.921400000000002,2.9309,122683.67,493179.993
601595.SH,20160914,31.0564,32.216,31.0564,31.4376,31.2073,0.23029999999999973,0.738,129823.96,517734.981
601595.SH,20160913,31.4932,31.5886,30.6354,31.2073,31.1676,0.039699999999999847,0.1274,98693.49,387830.255
601595.SH,20160912,31.2153,31.8745,30.9293,31.1676,32.2875,-1.1199000000000012,-3.4685,123414.54,486925.836
601595.SH,20160909,33.201,33.6378,32.1684,32.2875,33.328,-1.0405000000000015,-3.122,145371.54,600954.18
601595.SH,20160908,33.8443,34.5512,33.0262,33.328,34.0588,-0.730799999999995,-2.1457,168405.7,714753.183
601595.SH,20160907,36.2192,36.3781,34.0111,34.0588,36.394,-2.3352000000000004,-6.4164,287490.0,1266393.282
601595.SH,20160906,34.9563,37.2438,34.7498,36.394,35.9174,0.4765999999999977,1.3269,343114.78,1558765.809
601595.SH,20160905,38.8959,39.3566,35.7506,35.9174,36.5846,-0.6672000000000011,-1.8237,538676.91,2562648.534
601595.SH,20160902,36.5608,36.5846,35.2979,36.5846,33.2566,3.328000000000003,10.007,341985.2,1560966.513
601595.SH,20160901,33.2566,33.2566,33.2566,33.2566,30.2303,3.026299999999999,10.0108,40123.64,167997.681
601595.SH,20160831,30.2303,30.2303,30.2303,30.2303,27.4821,2.7482000000000006,10.0,6411.85,24403.501
601595.SH,20160830,27.4821,27.4821,27.4821,27.4821,24.9801,2.501999999999999,10.016,1031.01,3567.295
601595.SH,20160829,24.9801,24.9801,24.9801,24.9801,22.7085,2.2715999999999994,10.0033,950.04,2987.876
601595.SH,20160826,22.7085,22.7085,22.7085,22.7085,20.6434,2.065100000000001,10.0037,503.62,1439.85
601595.SH,20160825,20.6434,20.6434,20.6434,20.6434,18.7689,1.8745000000000012,9.9873,677.01,1759.549
601595.SH,20160824,18.7689,18.7689,18.7689,18.7689,17.0612,1.707699999999999,10.0093,115.57,273.092
601595.SH,20160823,17.0612,17.0612,17.0612,17.0612,15.5123,1.5488999999999997,9.985,110.0,236.28
601595.SH,20160822,15.5123,15.5123,15.5123,15.5123,14.0985,1.4138000000000002,10.028,83.0,162.099
601595.SH,20160819,14.0985,14.0985,14.0985,14.0985,12.8197,1.2788000000000004,9.9753,54.0,95.85
601595.SH,20160818,12.8197,12.8197,12.8197,12.8197,11.6521,1.1675999999999984,10.0205,41.63,67.191
601595.SH,20160817,9.7141,11.6521,9.7141,11.6521,8.0937,3.5584000000000007,43.9651,233.62,342.477
