ts_code,trade_date,open,high,low,close,pre_close,change,pct_chg,vol,amount
603115.SH,20230317,17.16,17.47,17.16,17.31,17.16,0.14999999999999858,0.8741,14717.62,25551.841
603115.SH,20230316,17.58,17.62,17.1,17.16,17.7,-0.5399999999999991,-3.0508,17372.05,30074.939
603115.SH,20230315,17.54,17.87,17.48,17.7,17.55,0.14999999999999858,0.8547,15418.05,27347.519
603115.SH,20230314,17.43,17.7,17.12,17.55,17.44,0.10999999999999943,0.6307,17973.0,31233.684
603115.SH,20230313,17.54,17.74,17.32,17.44,17.54,-0.09999999999999787,-0.5701,12108.0,21136.642
603115.SH,20230310,17.8,17.85,17.53,17.54,17.96,-0.4200000000000017,-2.3385,14496.0,25554.222
603115.SH,20230309,18.03,18.11,17.8,17.96,18.11,-0.14999999999999858,-0.8283,14061.28,25205.249
603115.SH,20230308,17.56,18.18,17.42,18.11,17.56,0.5500000000000007,3.1321,26870.05,48245.106
603115.SH,20230307,18.02,18.16,17.54,17.56,17.9,-0.33999999999999986,-1.8994,16655.0,29617.802
603115.SH,20230306,18.02,18.05,17.81,17.9,18.0,-0.10000000000000142,-0.5556,14110.0,25252.167
603115.SH,20230303,18.32,18.33,17.91,18.0,18.51,-0.5100000000000016,-2.7553,35864.75,64765.572
603115.SH,20230302,18.3,18.75,18.13,18.51,18.25,0.26000000000000156,1.4247,44933.0,83039.534
603115.SH,20230301,18.0,18.27,17.92,18.25,18.0,0.25,1.3889,15180.0,27513.331
603115.SH,20230228,18.26,18.36,17.84,18.0,18.15,-0.14999999999999858,-0.8264,18022.33,32489.09
603115.SH,20230227,18.31,18.37,18.05,18.15,18.4,-0.25,-1.3587,17741.54,32231.401
603115.SH,20230224,18.79,18.84,18.36,18.4,18.81,-0.41000000000000014,-2.1797,22147.72,41046.845
603115.SH,20230223,18.88,19.15,18.7,18.81,18.68,0.129999999999999,0.6959,32558.71,61374.361
603115.SH,20230222,18.65,18.88,18.55,18.68,18.85,-0.1700000000000017,-0.9019,36422.71,68159.746
603115.SH,20230221,18.36,19.35,18.28,18.85,17.9,0.9500000000000028,5.3073,84991.71,160301.476
603115.SH,20230220,17.66,17.95,17.52,17.9,17.59,0.3099999999999987,1.7624,13571.0,24088.035
603115.SH,20230217,17.58,17.86,17.55,17.59,17.55,0.03999999999999915,0.2279,21323.0,37785.407
603115.SH,20230216,18.22,18.29,17.4,17.55,18.19,-0.6400000000000006,-3.5184,24527.76,43885.172
603115.SH,20230215,18.23,18.4,18.15,18.19,18.17,0.019999999999999574,0.1101,14072.26,25686.33
603115.SH,20230214,18.15,18.23,18.0,18.17,18.08,0.09000000000000341,0.4978,11618.0,21064.471
603115.SH,20230213,18.04,18.18,17.87,18.08,17.96,0.11999999999999744,0.6682,14465.9,26170.967
603115.SH,20230210,18.26,18.26,17.86,17.96,18.25,-0.28999999999999915,-1.589,15193.0,27380.931
603115.SH,20230209,17.83,18.27,17.64,18.25,17.85,0.3999999999999986,2.2409,22941.5,41472.228
603115.SH,20230208,18.05,18.1,17.82,17.85,18.0,-0.14999999999999858,-0.8333,11106.0,19926.829
603115.SH,20230207,17.82,18.01,17.67,18.0,17.72,0.28000000000000114,1.5801,19989.36,35818.274
603115.SH,20230206,17.74,17.84,17.61,17.72,17.71,0.00999999999999801,0.0565,14082.0,24928.815
603115.SH,20230203,17.96,17.96,17.54,17.71,17.96,-0.25,-1.392,18584.36,32920.078
603115.SH,20230202,17.98,18.11,17.88,17.96,18.0,-0.03999999999999915,-0.2222,19092.24,34400.19
603115.SH,20230201,17.72,18.05,17.67,18.0,17.72,0.28000000000000114,1.5801,23738.0,42552.381
603115.SH,20230131,17.66,17.73,17.56,17.72,17.71,0.00999999999999801,0.0565,16250.0,28731.249
603115.SH,20230130,17.37,17.76,17.35,17.71,17.18,0.5300000000000011,3.085,32321.08,56750.216
603115.SH,20230120,16.99,17.33,16.98,17.18,17.11,0.07000000000000028,0.4091,16574.0,28462.257
603115.SH,20230119,16.83,17.3,16.75,17.11,16.75,0.35999999999999943,2.1493,20581.8,35112.675
603115.SH,20230118,16.71,16.83,16.59,16.75,16.67,0.0799999999999983,0.4799,12174.0,20376.107
603115.SH,20230117,16.61,16.71,16.55,16.67,16.62,0.05000000000000071,0.3008,10789.0,17955.891
603115.SH,20230116,16.49,16.69,16.39,16.62,16.4,0.22000000000000242,1.3415,13464.64,22337.737
603115.SH,20230113,16.37,16.52,16.32,16.4,16.37,0.029999999999997584,0.1833,8136.0,13351.777
603115.SH,20230112,16.37,16.48,16.32,16.37,16.32,0.05000000000000071,0.3064,6565.64,10766.101
603115.SH,20230111,16.54,16.57,16.3,16.32,16.46,-0.14000000000000057,-0.8505,8150.08,13380.081
603115.SH,20230110,16.61,16.61,16.38,16.46,16.54,-0.0799999999999983,-0.4837,8890.35,14646.614
603115.SH,20230109,16.49,16.73,16.47,16.54,16.51,0.029999999999997584,0.1817,11623.0,19283.086
603115.SH,20230106,16.42,16.66,16.41,16.51,16.52,-0.00999999999999801,-0.0605,16345.0,27001.525
603115.SH,20230105,16.3,16.62,16.2,16.52,16.27,0.25,1.5366,13509.0,22247.298
603115.SH,20230104,16.2,16.49,16.06,16.27,16.09,0.17999999999999972,1.1187,15502.0,25311.234
603115.SH,20230103,15.77,16.1,15.63,16.09,15.69,0.40000000000000036,2.5494,11115.0,17668.023
603115.SH,20221230,15.83,15.97,15.68,15.69,15.83,-0.14000000000000057,-0.8844,7038.71,11113.106
603115.SH,20221229,16.15,16.15,15.78,15.83,16.08,-0.24999999999999822,-1.5547,8653.0,13779.986
603115.SH,20221228,16.12,16.29,16.0,16.08,16.12,-0.0400000000000027,-0.2481,11865.0,19128.782
603115.SH,20221227,15.8,16.27,15.8,16.12,15.87,0.2500000000000018,1.5753,13501.0,21722.999
603115.SH,20221226,15.45,15.93,15.42,15.87,15.41,0.4599999999999991,2.9851,9806.88,15409.174
603115.SH,20221223,15.3,15.54,15.18,15.41,15.33,0.08000000000000007,0.5219,9302.71,14276.501
603115.SH,20221222,15.97,16.04,15.3,15.33,15.88,-0.5500000000000007,-3.4635,17480.39,27266.208
603115.SH,20221221,16.11,16.18,15.8,15.88,16.15,-0.2699999999999978,-1.6718,7433.36,11861.344
603115.SH,20221220,15.92,16.21,15.8,16.15,15.99,0.15999999999999837,1.0006,9604.24,15393.373
603115.SH,20221219,16.45,16.45,15.92,15.99,16.35,-0.3600000000000012,-2.2018,13497.64,21776.223
603115.SH,20221216,16.8,16.81,16.2,16.35,16.8,-0.4499999999999993,-2.6786,13755.45,22708.737
603115.SH,20221215,16.7,16.86,16.64,16.8,16.7,0.10000000000000142,0.5988,9295.0,15563.574
603115.SH,20221214,16.88,17.05,16.68,16.7,16.76,-0.060000000000002274,-0.358,9764.62,16435.71
603115.SH,20221213,16.95,16.95,16.73,16.76,16.98,-0.21999999999999886,-1.2956,10165.64,17104.982
603115.SH,20221212,17.2,17.23,16.97,16.98,17.07,-0.08999999999999986,-0.5272,12315.0,20991.758
603115.SH,20221209,16.98,17.17,16.91,17.07,16.98,0.08999999999999986,0.53,16049.0,27384.262
603115.SH,20221208,16.99,17.13,16.93,16.98,17.11,-0.129999999999999,-0.7598,14115.03,24019.933
603115.SH,20221207,17.13,17.13,16.92,17.11,17.09,0.019999999999999574,0.117,14604.64,24911.018
603115.SH,20221206,17.22,17.3,16.99,17.09,17.22,-0.129999999999999,-0.7549,15511.09,26495.153
603115.SH,20221205,17.01,17.26,16.95,17.22,17.01,0.2099999999999973,1.2346,18325.03,31385.426
603115.SH,20221202,17.0,17.04,16.82,17.01,16.89,0.120000000000001,0.7105,11144.03,18910.569
603115.SH,20221201,16.78,17.12,16.77,16.89,16.63,0.26000000000000156,1.5634,19977.36,33848.756
603115.SH,20221130,16.77,16.78,16.51,16.63,16.69,-0.060000000000002274,-0.3595,12499.0,20806.304
603115.SH,20221129,16.4,16.83,16.3,16.69,16.32,0.370000000000001,2.2672,19274.0,32001.397
603115.SH,20221128,16.43,16.44,16.15,16.32,16.52,-0.1999999999999993,-1.2107,15068.36,24527.989
603115.SH,20221125,17.03,17.03,16.51,16.52,16.9,-0.379999999999999,-2.2485,16843.0,28068.548
603115.SH,20221124,16.79,17.03,16.64,16.9,16.7,0.1999999999999993,1.1976,16190.0,27282.352
603115.SH,20221123,16.87,16.88,16.47,16.7,16.87,-0.1700000000000017,-1.0077,14573.0,24307.634
603115.SH,20221122,17.2,17.2,16.8,16.87,17.09,-0.21999999999999886,-1.2873,14022.45,23874.278
603115.SH,20221121,16.93,17.11,16.61,17.09,16.9,0.19000000000000128,1.1243,14576.93,24658.394
603115.SH,20221118,17.19,17.38,16.77,16.9,17.18,-0.28000000000000114,-1.6298,21379.82,36358.758
603115.SH,20221117,17.21,17.3,16.95,17.18,17.21,-0.030000000000001137,-0.1743,16962.2,28892.894
603115.SH,20221116,17.15,17.45,17.1,17.21,17.18,0.030000000000001137,0.1746,22914.87,39659.734
603115.SH,20221115,16.77,17.18,16.7,17.18,16.8,0.379999999999999,2.2619,23642.96,40217.973
603115.SH,20221114,17.08,17.08,16.72,16.8,16.9,-0.09999999999999787,-0.5917,20488.53,34617.121
603115.SH,20221111,17.22,17.3,16.84,16.9,16.9,0.0,0.0,21469.0,36540.898
603115.SH,20221110,16.78,17.04,16.75,16.9,17.0,-0.10000000000000142,-0.5882,19767.0,33378.506
603115.SH,20221109,17.1,17.25,16.96,17.0,17.09,-0.08999999999999986,-0.5266,18012.0,30743.611
603115.SH,20221108,16.88,17.09,16.71,17.09,16.89,0.1999999999999993,1.1841,25135.0,42474.567
603115.SH,20221107,16.75,17.03,16.72,16.89,16.81,0.08000000000000185,0.4759,24556.0,41427.627
603115.SH,20221104,16.32,16.86,16.23,16.81,16.32,0.48999999999999844,3.0025,28072.37,46668.398
603115.SH,20221103,16.15,16.39,15.95,16.32,16.18,0.14000000000000057,0.8653,21344.24,34622.781
603115.SH,20221102,16.23,16.25,15.88,16.18,16.11,0.07000000000000028,0.4345,36751.31,59035.495
603115.SH,20221101,15.8,16.13,15.7,16.11,15.79,0.3200000000000003,2.0266,30627.4,48897.676
603115.SH,20221031,15.8,16.12,15.68,15.79,15.8,-0.010000000000001563,-0.0633,23154.84,36672.34
603115.SH,20221028,16.83,16.94,15.7,15.8,16.91,-1.1099999999999994,-6.5642,42895.57,69231.252
603115.SH,20221027,17.78,17.8,16.8,16.91,18.18,-1.2699999999999996,-6.9857,65934.27,112451.215
603115.SH,20221026,17.91,18.32,17.76,18.18,17.91,0.2699999999999996,1.5075,22308.51,40390.6
603115.SH,20221025,17.94,18.1,17.48,17.91,17.94,-0.030000000000001137,-0.1672,15301.64,27242.729
603115.SH,20221024,18.06,18.37,17.82,17.94,18.06,-0.11999999999999744,-0.6645,19437.0,35234.684
603115.SH,20221021,18.26,18.26,17.8,18.06,18.06,0.0,0.0,16803.67,30319.071
603115.SH,20221020,18.19,18.32,17.72,18.06,18.2,-0.14000000000000057,-0.7692,18552.58,33389.024
603115.SH,20221019,18.34,18.44,18.18,18.2,18.3,-0.10000000000000142,-0.5464,11978.55,21905.792
603115.SH,20221018,18.48,18.63,18.2,18.3,18.36,-0.05999999999999872,-0.3268,19478.12,35760.821
603115.SH,20221017,18.18,18.49,18.04,18.36,18.19,0.16999999999999815,0.9346,19245.22,35184.679
603115.SH,20221014,17.79,18.23,17.64,18.19,17.71,0.4800000000000004,2.7103,27071.64,48762.986
603115.SH,20221013,17.34,17.89,17.2,17.71,17.37,0.33999999999999986,1.9574,24373.73,43103.36
603115.SH,20221012,16.95,17.37,16.65,17.37,16.88,0.490000000000002,2.9028,21553.26,36634.695
603115.SH,20221011,16.76,16.95,16.45,16.88,16.68,0.1999999999999993,1.199,18365.49,30757.332
603115.SH,20221010,16.86,16.95,16.51,16.68,16.86,-0.17999999999999972,-1.0676,22240.22,37232.327
603115.SH,20220930,17.29,17.29,16.86,16.86,17.18,-0.3200000000000003,-1.8626,17860.61,30377.98
603115.SH,20220929,17.45,17.46,17.0,17.18,17.24,-0.05999999999999872,-0.348,18605.83,32123.394
603115.SH,20220928,17.95,17.99,17.23,17.24,17.92,-0.6800000000000033,-3.7946,16144.95,28261.539
603115.SH,20220927,17.53,18.02,17.53,17.92,17.61,0.3100000000000023,1.7604,16260.11,28979.771
603115.SH,20220926,17.79,18.12,17.55,17.61,17.96,-0.3500000000000014,-1.9488,18920.68,33699.058
603115.SH,20220923,18.71,18.71,17.88,17.96,18.5,-0.5399999999999991,-2.9189,23017.84,41787.851
603115.SH,20220922,18.39,18.77,18.19,18.5,18.41,0.08999999999999986,0.4889,15974.0,29645.536
603115.SH,20220921,18.39,18.55,18.14,18.41,18.54,-0.129999999999999,-0.7012,15165.23,27852.413
603115.SH,20220920,18.28,18.57,18.19,18.54,18.08,0.46000000000000085,2.5442,13776.01,25384.652
603115.SH,20220919,18.26,18.35,17.97,18.08,18.29,-0.21000000000000085,-1.1482,15703.71,28475.454
603115.SH,20220916,18.65,18.76,18.26,18.29,18.74,-0.4499999999999993,-2.4013,16937.61,31340.62
603115.SH,20220915,19.38,19.45,18.39,18.74,19.36,-0.620000000000001,-3.2025,30614.0,57652.567
603115.SH,20220914,19.41,19.49,19.25,19.36,19.71,-0.3500000000000014,-1.7757,15802.83,30580.032
603115.SH,20220913,19.54,19.88,19.53,19.71,19.52,0.19000000000000128,0.9734,16485.33,32390.141
603115.SH,20220909,19.53,19.66,19.3,19.52,19.66,-0.14000000000000057,-0.7121,14727.68,28678.725
603115.SH,20220908,20.02,20.08,19.55,19.66,20.02,-0.35999999999999943,-1.7982,23067.0,45543.83
603115.SH,20220907,19.88,20.24,19.78,20.02,19.95,0.07000000000000028,0.3509,21988.65,44104.577
603115.SH,20220906,19.46,20.05,19.25,19.95,19.45,0.5,2.5707,23876.52,47117.203
603115.SH,20220905,19.75,19.95,19.35,19.45,19.82,-0.370000000000001,-1.8668,23413.2,45870.014
603115.SH,20220902,19.55,19.89,19.48,19.82,19.63,0.19000000000000128,0.9679,21546.0,42518.638
603115.SH,20220901,19.99,20.16,19.54,19.63,19.88,-0.25,-1.2575,27949.22,55474.429
603115.SH,20220831,20.7,20.87,19.8,19.88,20.9,-1.0199999999999996,-4.8804,45594.28,91910.165
603115.SH,20220830,21.54,21.74,20.65,20.9,21.48,-0.5800000000000018,-2.7002,39502.16,82995.174
603115.SH,20220829,21.5,21.86,20.81,21.48,21.66,-0.17999999999999972,-0.831,32663.0,70037.174
603115.SH,20220826,21.45,22.29,21.45,21.66,21.36,0.3000000000000007,1.4045,38083.0,83624.807
603115.SH,20220825,21.95,22.11,20.98,21.36,21.88,-0.5199999999999996,-2.3766,38610.22,82509.954
603115.SH,20220824,23.13,23.39,21.71,21.88,23.17,-1.2900000000000027,-5.5675,58908.0,130707.293
603115.SH,20220823,22.58,23.5,22.55,23.17,22.59,0.5800000000000018,2.5675,38346.5,88688.536
603115.SH,20220822,22.73,22.84,22.18,22.59,22.73,-0.14000000000000057,-0.6159,39793.0,89421.19
603115.SH,20220819,23.92,23.97,22.65,22.73,23.72,-0.9899999999999984,-4.1737,57952.0,134273.949
603115.SH,20220818,23.14,23.83,22.99,23.72,23.18,0.5399999999999991,2.3296,58269.0,136900.429
603115.SH,20220817,23.83,23.92,22.97,23.18,23.99,-0.8099999999999987,-3.3764,74209.98,172432.626
603115.SH,20220816,24.18,24.2,23.63,23.99,24.44,-0.45000000000000284,-1.8412,87023.03,208038.145
603115.SH,20220815,23.43,24.64,23.32,24.44,23.6,0.8399999999999999,3.5593,58156.77,140662.247
603115.SH,20220812,23.87,24.47,23.4,23.6,23.88,-0.2799999999999976,-1.1725,54316.0,129918.252
603115.SH,20220811,24.11,24.26,23.61,23.88,24.06,-0.17999999999999972,-0.7481,49154.03,117089.075
603115.SH,20220810,23.88,24.38,23.66,24.06,23.86,0.1999999999999993,0.8382,56487.0,135327.599
603115.SH,20220809,23.9,24.69,23.7,23.86,23.86,0.0,0.0,72736.0,175476.01
603115.SH,20220808,23.7,24.27,23.0,23.86,23.76,0.09999999999999787,0.4209,84677.28,201683.614
603115.SH,20220805,24.74,24.82,23.24,23.76,24.46,-0.6999999999999993,-2.8618,128390.9,305171.807
603115.SH,20220804,23.09,24.78,22.81,24.46,22.97,1.490000000000002,6.4867,135137.18,324713.257
603115.SH,20220803,22.3,23.96,22.15,22.97,22.06,0.9100000000000001,4.1251,105619.03,247006.875
603115.SH,20220802,23.03,23.03,21.7,22.06,23.46,-1.4000000000000021,-5.9676,79279.0,176328.445
603115.SH,20220801,22.14,23.99,22.14,23.46,22.3,1.1600000000000001,5.2018,96764.16,225846.023
603115.SH,20220729,21.52,22.59,21.52,22.3,21.53,0.7699999999999996,3.5764,51606.22,114934.557
603115.SH,20220728,21.6,21.97,21.42,21.53,21.5,0.030000000000001137,0.1395,35314.0,76309.645
603115.SH,20220727,21.15,21.58,20.94,21.5,21.19,0.3099999999999987,1.463,31650.75,67513.745
603115.SH,20220726,20.98,21.25,20.52,21.19,21.16,0.030000000000001137,0.1418,30294.65,63359.508
603115.SH,20220725,21.9,22.25,21.0,21.16,21.97,-0.8099999999999987,-3.6868,37068.74,79532.968
603115.SH,20220722,22.48,22.64,21.7,21.97,22.51,-0.5400000000000027,-2.3989,33101.66,73215.691
603115.SH,20220721,22.92,22.95,22.41,22.51,23.03,-0.5199999999999996,-2.2579,30009.09,67793.545
603115.SH,20220720,22.62,23.17,22.42,23.03,22.65,0.38000000000000256,1.6777,28993.0,66092.906
603115.SH,20220719,22.6,22.78,22.3,22.65,22.74,-0.08999999999999986,-0.3958,33417.0,75473.682
603115.SH,20220718,23.1,23.45,22.6,22.74,22.91,-0.1700000000000017,-0.742,42888.57,97877.432
603115.SH,20220715,22.41,23.29,22.26,22.91,22.42,0.48999999999999844,2.1855,40330.88,92596.59
603115.SH,20220714,22.37,22.81,22.01,22.42,22.75,-0.3299999999999983,-1.4505,50427.14,112505.055
603115.SH,20220713,22.15,22.94,22.02,22.75,22.02,0.7300000000000004,3.3152,36234.14,81562.724
603115.SH,20220712,22.47,22.47,21.93,22.02,22.34,-0.3200000000000003,-1.4324,27586.0,61106.632
603115.SH,20220711,23.03,23.22,22.08,22.34,23.1,-0.7600000000000016,-3.29,42325.0,94918.164
603115.SH,20220708,23.84,24.14,23.06,23.1,23.63,-0.5299999999999976,-2.2429,34052.99,80076.084
603115.SH,20220707,23.18,23.87,22.51,23.63,23.19,0.4399999999999977,1.8974,45555.67,105976.937
603115.SH,20220706,23.25,23.82,22.91,23.19,23.35,-0.16000000000000014,-0.6852,35776.84,83438.572
603115.SH,20220705,23.93,23.93,23.01,23.35,23.93,-0.5799999999999983,-2.4237,49609.0,116158.055
603115.SH,20220704,23.95,24.0179,23.281,23.9307,23.95,-0.019299999999997652,-0.0806,44733.0,109262.564
603115.SH,20220701,23.8822,24.144,23.0871,23.95,23.824,0.12599999999999767,0.5289,61810.0,151045.15
603115.SH,20220630,24.0858,24.4252,23.3295,23.824,23.8434,-0.01939999999999742,-0.0814,66035.0,162654.037
603115.SH,20220629,24.8809,25.0651,23.7561,23.8434,25.0651,-1.221700000000002,-4.8741,99462.77,247539.732
603115.SH,20220628,25.3366,26.1123,24.9488,25.0651,25.4724,-0.40729999999999933,-1.599,66092.16,172863.607
603115.SH,20220627,24.8227,26.0348,24.5124,25.4724,24.8518,0.6205999999999996,2.4972,80720.83,212293.653
603115.SH,20220624,24.6288,25.6469,24.4349,24.8518,24.6676,0.18420000000000059,0.7467,67545.83,174619.366
603115.SH,20220623,24.3476,24.813,23.5719,24.6676,24.4058,0.2618000000000009,1.0727,69939.75,175243.285
603115.SH,20220622,23.824,25.676,23.824,24.4058,23.7561,0.6496999999999993,2.7349,98226.56,251727.196
603115.SH,20220621,24.144,24.7936,23.378,23.7561,23.4846,0.27149999999999963,1.1561,119304.38,295976.694
603115.SH,20220620,22.7865,24.047,22.4083,23.4846,22.6701,0.8144999999999989,3.5928,95162.73,227457.066
603115.SH,20220617,21.7296,22.8641,21.5647,22.6701,21.9623,0.7078000000000024,3.2228,91778.75,211649.58
603115.SH,20220616,21.2835,21.9817,21.1478,21.9623,21.2351,0.7271999999999998,3.4245,71788.0,160321.46
603115.SH,20220615,21.6714,22.0883,21.2351,21.2351,21.4969,-0.2618000000000009,-1.2179,60300.0,134700.67
603115.SH,20220614,21.3029,21.6423,20.7405,21.4969,21.6132,-0.11629999999999896,-0.5381,52202.43,114309.24
603115.SH,20220613,21.6714,22.2047,21.429,21.6132,21.6714,-0.05819999999999936,-0.2686,56671.0,127331.006
603115.SH,20220610,21.332,21.9138,20.9054,21.6714,21.3417,0.329699999999999,1.5449,42441.0,94373.624
603115.SH,20220609,21.7199,22.1562,21.2351,21.3417,21.8168,-0.4751000000000012,-2.1777,50355.0,112248.584
603115.SH,20220608,22.2532,22.3792,21.1866,21.8168,22.2047,-0.38789999999999836,-1.7469,66701.0,148999.269
603115.SH,20220607,22.5441,22.7574,21.8653,22.2047,22.5538,-0.34909999999999997,-1.5479,58703.48,134408.292
603115.SH,20220606,22.2144,23.0289,21.9623,22.5538,22.0108,0.5429999999999993,2.467,80431.36,186443.204
603115.SH,20220602,21.3126,22.2532,21.2835,22.0108,21.5066,0.5042000000000009,2.3444,77089.77,173488.136
603115.SH,20220601,21.3029,21.555,21.206,21.5066,21.5744,-0.06780000000000186,-0.3143,44946.43,99099.368
603115.SH,20220531,21.3611,21.6908,21.0411,21.5744,21.6617,-0.08729999999999905,-0.403,59121.65,130566.62
603115.SH,20220530,21.652,21.8265,20.789,21.6617,21.4678,0.1938999999999993,0.9032,95963.26,211280.439
603115.SH,20220527,19.5188,21.4678,19.2182,21.4678,19.5188,1.9490000000000016,9.9852,90965.25,196411.962
603115.SH,20220526,19.0631,19.5964,18.8013,19.5188,18.9176,0.6011999999999986,3.178,45155.06,89673.573
603115.SH,20220525,19.2764,19.4315,18.6267,18.9176,19.4994,-0.5818000000000012,-2.9837,57054.17,111265.242
603115.SH,20220524,21.4775,21.7781,19.4994,19.4994,21.6617,-2.1622999999999983,-9.9821,105995.72,221840.849
603115.SH,20220523,21.3029,22.1077,21.0217,21.6617,21.3708,0.2909000000000006,1.3612,34653.0,77198.958
603115.SH,20220520,20.3527,21.7005,20.343,21.3708,20.3527,1.0181000000000004,5.0023,37106.0,81109.797
603115.SH,20220519,20.0618,20.5563,19.7806,20.3527,20.5175,-0.1647999999999996,-0.8032,21086.0,43957.204
603115.SH,20220518,21.2835,21.5066,20.4303,20.5175,21.332,-0.8145000000000024,-3.8182,34437.0,74364.189
603115.SH,20220517,20.44,22.3308,20.0618,21.332,20.3915,0.9405000000000001,4.6122,45426.0,98652.984
603115.SH,20220516,20.5757,20.7793,20.1685,20.3915,20.5175,-0.12599999999999767,-0.6141,18245.0,38553.962
603115.SH,20220513,20.7793,21.0314,20.343,20.5175,20.6436,-0.126100000000001,-0.6108,19907.0,42194.809
603115.SH,20220512,20.1879,20.7018,19.7806,20.6436,19.9939,0.6496999999999993,3.2495,37789.0,79221.483
603115.SH,20220511,20.2169,20.6533,19.9067,19.9939,20.023,-0.02909999999999968,-0.1453,38689.25,80965.99
603115.SH,20220510,19.9164,20.0424,19.4024,20.023,19.7418,0.28119999999999834,1.4244,31411.66,64234.003
603115.SH,20220509,19.6061,20.2169,19.4703,19.7418,19.703,0.038800000000001944,0.1969,32850.73,67218.692
603115.SH,20220506,19.7127,20.4497,19.4994,19.703,19.9261,-0.2231000000000023,-1.1196,50961.0,104897.813
603115.SH,20220505,17.9286,19.9261,17.6959,19.9261,18.1128,1.8133000000000017,10.0112,38134.23,74315.477
603115.SH,20220429,17.8801,18.2874,17.5795,18.1128,17.7444,0.36840000000000117,2.0761,33151.25,61637.873
603115.SH,20220428,18.4619,18.6946,17.2692,17.7444,18.588,-0.8436000000000021,-4.5384,40121.0,73958.843
603115.SH,20220427,17.2305,18.6752,16.8814,18.588,17.6571,0.9309000000000012,5.2721,33858.0,61899.311
603115.SH,20220426,19.6546,19.8194,17.2983,17.6571,19.2182,-1.5610999999999997,-8.123,48582.16,92048.26
603115.SH,20220425,19.8097,20.6921,19.0534,19.2182,20.4012,-1.1829999999999998,-5.7987,47064.28,96167.432
603115.SH,20220422,20.1103,20.4884,19.5964,20.4012,20.5272,-0.12600000000000122,-0.6138,63063.95,130746.542
603115.SH,20220421,20.0909,20.9345,19.7806,20.5272,20.1879,0.3393000000000015,1.6807,79677.8,168351.44
603115.SH,20220420,20.1394,20.5951,19.7418,20.1879,19.5479,0.6400000000000006,3.274,78472.65,162841.457
603115.SH,20220419,19.5479,19.5479,19.3734,19.5479,17.7735,1.7744,9.9834,16198.0,32639.082
603115.SH,20220418,17.0947,17.9189,16.8038,17.7735,17.0462,0.7272999999999996,4.2666,23565.0,42368.03
603115.SH,20220415,17.5601,17.8413,16.8814,17.0462,17.8801,-0.8338999999999999,-4.6638,25989.0,46002.114
603115.SH,20220414,18.5104,18.5201,17.6765,17.8801,18.3262,-0.4461000000000013,-2.4342,27211.0,50497.141
603115.SH,20220413,18.7334,19.0534,18.3262,18.3262,18.6849,-0.3586999999999989,-1.9197,16744.0,32312.28
603115.SH,20220412,18.7431,18.9079,18.3358,18.6849,18.811,-0.126100000000001,-0.6704,13075.0,25078.777
603115.SH,20220411,19.6643,19.6643,18.4231,18.811,19.6836,-0.8725999999999985,-4.4331,18980.0,37054.47
603115.SH,20220408,19.7903,19.9067,19.4024,19.6836,19.8,-0.11640000000000228,-0.5879,10854.0,22010.425
603115.SH,20220407,20.0812,20.1103,19.6836,19.8,20.1491,-0.34909999999999997,-1.7326,13740.0,28115.086
603115.SH,20220406,19.8873,20.44,19.8,20.1491,20.1394,0.009700000000002262,0.0482,16278.0,33751.107
603115.SH,20220401,20.6824,20.6921,20.1103,20.1394,20.6921,-0.5527000000000015,-2.6711,22557.31,47143.125
603115.SH,20220331,20.3624,21.0024,20.1588,20.6921,20.0812,0.6109000000000009,3.0421,23535.35,50189.275
603115.SH,20220330,19.2085,20.1976,19.2085,20.0812,19.1406,0.9405999999999999,4.9142,19376.0,39688.57
603115.SH,20220329,19.9745,19.9745,19.0049,19.1406,19.7709,-0.6303000000000019,-3.188,18050.35,36076.423
603115.SH,20220328,20.2072,20.2072,19.5188,19.7709,20.0327,-0.26179999999999737,-1.3069,11785.0,24052.218
603115.SH,20220325,20.2169,20.44,19.9745,20.0327,20.0424,-0.009700000000002262,-0.0484,11372.98,23674.804
603115.SH,20220324,20.2654,20.2654,19.9551,20.0424,20.3042,-0.2618000000000009,-1.2894,9362.0,19373.132
603115.SH,20220323,20.3624,20.5466,19.9745,20.3042,20.2557,0.048500000000000654,0.2394,11551.17,24268.777
603115.SH,20220322,20.5175,20.5175,19.9551,20.2557,20.2751,-0.01939999999999742,-0.0957,13432.0,28002.172
603115.SH,20220321,20.0424,20.4594,19.8873,20.2751,20.0715,0.203599999999998,1.0144,15780.0,32853.394
603115.SH,20220318,19.4218,20.2266,19.4218,20.0715,19.5964,0.4751000000000012,2.4244,21070.31,43324.277
603115.SH,20220317,19.703,20.1491,19.3928,19.5964,19.3734,0.22299999999999898,1.1511,22252.88,45226.806
603115.SH,20220316,18.8207,19.3734,18.2098,19.3734,18.6558,0.7176000000000009,3.8465,26272.0,51133.639
603115.SH,20220315,19.9164,19.9551,18.4813,18.6558,20.1006,-1.4448000000000008,-7.1878,27504.5,54764.541
603115.SH,20220314,20.4787,20.6824,20.0812,20.1006,20.7502,-0.6495999999999995,-3.1306,14789.0,30866.19
603115.SH,20220311,20.7309,20.886,20.0715,20.7502,20.7309,0.019300000000001205,0.0931,17160.38,36089.699
603115.SH,20220310,20.6533,21.0896,20.5369,20.7309,20.1976,0.533299999999997,2.6404,16923.0,36360.947
603115.SH,20220309,21.0411,21.1478,19.5479,20.1976,20.9151,-0.7174999999999976,-3.4305,32569.5,68247.491
603115.SH,20220308,21.5744,21.8944,20.7018,20.9151,21.6132,-0.6981000000000002,-3.23,23879.0,52247.607
603115.SH,20220307,22.1368,22.2144,21.3611,21.6132,22.0108,-0.3976000000000006,-1.8064,21592.55,48505.29
603115.SH,20220304,22.2823,22.5441,21.9526,22.0108,22.3308,-0.3200000000000003,-1.433,16800.5,38532.798
603115.SH,20220303,22.8738,23.1162,22.2338,22.3308,22.8447,-0.5138999999999996,-2.2495,21662.0,50344.39
603115.SH,20220302,21.8168,23.1549,21.8168,22.8447,22.3986,0.4461000000000013,1.9916,27389.4,64299.097
603115.SH,20220301,22.1659,22.738,22.1659,22.3986,22.4083,-0.009700000000002262,-0.0433,19367.4,44854.87
603115.SH,20220228,22.4471,22.4956,21.7393,22.4083,22.2629,0.1454000000000022,0.6531,18560.4,42411.168
603115.SH,20220225,22.3017,22.8447,22.1271,22.2629,22.0593,0.203599999999998,0.923,23371.0,54140.361
603115.SH,20220224,23.0192,23.1259,21.7199,22.0593,22.9998,-0.9405000000000001,-4.0892,36667.0,84696.641
603115.SH,20220223,22.2047,23.2325,21.972,22.9998,21.9623,1.0375000000000014,4.724,39219.99,92227.449
603115.SH,20220222,22.1562,22.3986,21.8362,21.9623,22.2629,-0.3005999999999993,-1.3502,18345.12,41654.611
603115.SH,20220221,21.875,22.4956,21.4193,22.2629,21.9914,0.27149999999999963,1.2346,21182.0,48612.105
603115.SH,20220218,22.1562,22.2435,21.8168,21.9914,22.0399,-0.048500000000000654,-0.2201,17187.02,38974.908
603115.SH,20220217,22.2532,22.5926,21.8944,22.0399,22.3889,-0.3490000000000002,-1.5588,23840.95,54602.76
603115.SH,20220216,22.0593,22.5732,21.7781,22.3889,22.0496,0.33929999999999794,1.5388,34227.0,78678.238
603115.SH,20220215,21.0993,22.0593,20.8569,22.0496,20.9442,1.105400000000003,5.2778,37669.0,83522.605
603115.SH,20220214,21.0411,21.4096,20.6824,20.9442,20.983,-0.038800000000001944,-0.1849,17174.0,37174.116
603115.SH,20220211,21.4484,21.5647,20.7599,20.983,21.4484,-0.4653999999999989,-2.1699,29232.0,63250.815
603115.SH,20220210,21.8944,22.1077,21.3223,21.4484,21.9623,-0.5138999999999996,-2.3399,25784.5,57378.251
603115.SH,20220209,21.332,22.0399,20.9539,21.9623,21.332,0.6302999999999983,2.9547,31075.5,69186.837
603115.SH,20220208,21.012,21.5453,20.3624,21.332,21.109,0.22299999999999898,1.0564,33274.0,72222.954
603115.SH,20220207,21.6423,21.9138,20.886,21.109,21.1187,-0.00969999999999871,-0.0459,29247.0,64309.876
603115.SH,20220128,21.1478,21.8168,20.789,21.1187,20.9248,0.1938999999999993,0.9267,32921.0,72391.724
603115.SH,20220127,21.8168,22.0593,20.8472,20.9248,22.069,-1.1441999999999979,-5.1846,40414.0,88874.673
603115.SH,20220126,21.6617,22.4374,21.6617,22.069,21.5066,0.5624000000000002,2.615,25737.0,58542.041
603115.SH,20220125,22.7671,22.9901,21.5066,21.5066,22.7186,-1.2119999999999997,-5.3348,30323.65,68825.85
603115.SH,20220124,22.4374,22.9028,20.2072,22.7186,22.4471,0.27149999999999963,1.2095,35964.0,82747.252
603115.SH,20220121,22.7962,23.0774,22.3017,22.4471,22.7089,-0.2618000000000009,-1.1529,21577.0,50132.824
603115.SH,20220120,23.9016,24.0373,22.6701,22.7089,23.9016,-1.1926999999999985,-4.99,30991.79,74274.525
603115.SH,20220119,23.9694,24.3088,23.5331,23.9016,23.921,-0.019400000000000972,-0.0811,31002.0,76630.499
603115.SH,20220118,24.4737,24.9682,23.8531,23.921,24.687,-0.7660000000000018,-3.1028,35947.0,90379.505
603115.SH,20220117,23.5331,25.3075,23.3101,24.687,23.7755,0.9115000000000002,3.8338,64689.99,164718.906
603115.SH,20220114,23.727,24.047,22.3017,23.7755,23.7561,0.019400000000000972,0.0817,55871.0,134129.845
603115.SH,20220113,23.6979,23.8046,23.1259,23.7561,23.727,0.02909999999999968,0.1226,21380.77,51630.633
603115.SH,20220112,23.3198,23.8531,23.0289,23.727,23.1937,0.5333000000000006,2.2993,28813.64,69769.777
603115.SH,20220111,23.2034,23.601,22.8544,23.1937,23.1259,0.0677999999999983,0.2932,22553.0,54303.144
603115.SH,20220110,23.2713,23.5428,22.641,23.1259,23.2713,-0.14539999999999864,-0.6248,28737.0,68289.261
603115.SH,20220107,24.6191,24.7742,23.2713,23.2713,24.6191,-1.3477999999999994,-5.4746,36116.99,88195.816
603115.SH,20220106,23.6592,24.8518,23.2907,24.6191,23.7755,0.8435999999999986,3.5482,38300.0,96238.99
603115.SH,20220105,25.4045,25.6857,23.2713,23.7755,25.6954,-1.9198999999999984,-7.4718,61147.13,152088.991
603115.SH,20220104,25.5015,25.9863,24.8906,25.6954,25.4045,0.2909000000000006,1.1451,42476.35,111265.627
603115.SH,20211231,27.0335,27.1499,25.3851,25.4045,27.0626,-1.658100000000001,-6.1269,57239.0,154947.93
603115.SH,20211230,25.8408,27.4407,25.579,27.0626,25.8505,1.2120999999999995,4.6889,54833.95,149925.423
603115.SH,20211229,26.2481,26.3257,25.4627,25.8505,25.9572,-0.10670000000000002,-0.4111,34765.07,92570.107
603115.SH,20211228,24.6773,26.0348,24.6288,25.9572,24.6773,1.2799000000000014,5.1865,44963.77,118589.662
603115.SH,20211227,24.813,24.9682,24.1537,24.6773,24.7936,-0.11630000000000251,-0.4691,22806.03,57771.138
603115.SH,20211224,25.0457,25.2397,24.1052,24.7936,25.036,-0.24239999999999995,-0.9682,34264.07,87135.55
603115.SH,20211223,25.5015,25.9669,25.0167,25.036,25.5015,-0.4654999999999987,-1.8254,23123.0,60056.361
603115.SH,20211222,25.4239,26.0639,24.9391,25.5015,25.1136,0.38789999999999836,1.5446,29947.0,78607.326
603115.SH,20211221,24.5318,25.4627,24.4349,25.1136,24.5803,0.5333000000000006,2.1696,29708.0,76824.631
603115.SH,20211220,25.3366,25.6857,24.493,24.5803,25.4239,-0.8435999999999986,-3.3181,30724.0,78891.703
603115.SH,20211217,25.8214,26.4711,25.2881,25.4239,25.9184,-0.4944999999999986,-1.9079,38110.71,101075.686
603115.SH,20211216,25.4821,26.2481,25.3075,25.9184,25.4821,0.43629999999999924,1.7122,38261.0,101803.162
603115.SH,20211215,26.1705,26.1802,25.3851,25.4821,26.0542,-0.5721000000000025,-2.1958,36182.65,95720.363
603115.SH,20211214,25.8118,26.5002,25.1136,26.0542,25.6081,0.4461000000000013,1.742,54731.65,146572.965
603115.SH,20211213,25.2397,25.8408,24.7645,25.6081,25.1912,0.4169000000000018,1.6549,48648.79,127455.043
603115.SH,20211210,25.3075,25.3463,24.6676,25.1912,25.2881,-0.09690000000000154,-0.3832,26930.0,69521.92
603115.SH,20211209,25.8408,26.0348,25.0942,25.2881,25.7924,-0.5043000000000006,-1.9552,34599.36,90442.36
603115.SH,20211208,24.7548,26.1414,24.5318,25.7924,24.7452,1.0472000000000001,4.2319,53062.07,139320.108
603115.SH,20211207,25.3657,25.7536,24.2603,24.7452,25.3657,-0.6204999999999998,-2.4462,43320.9,110447.728
603115.SH,20211206,26.0833,26.2772,25.1233,25.3657,26.2287,-0.8629999999999995,-3.2903,52352.0,138200.626
603115.SH,20211203,26.4905,26.6941,26.0445,26.2287,26.2481,-0.019400000000000972,-0.0739,35466.0,96333.102
603115.SH,20211202,26.9074,27.3147,25.899,26.2481,26.9947,-0.7466000000000008,-2.7657,47941.34,130420.965
603115.SH,20211201,27.208,27.3826,26.3354,26.9947,27.3923,-0.39759999999999707,-1.4515,45637.0,126450.601
603115.SH,20211130,28.1098,28.4007,27.0141,27.3923,28.1098,-0.7175000000000011,-2.5525,61337.66,174968.004
603115.SH,20211129,27.8577,28.5946,27.305,28.1098,28.7207,-0.6109000000000009,-2.127,81413.0,233943.906
603115.SH,20211126,29.1861,29.6224,28.0322,28.7207,29.1861,-0.4653999999999989,-1.5946,59746.0,177435.455
603115.SH,20211125,30.7763,31.0187,28.8855,29.1861,30.7375,-1.551400000000001,-5.0473,57946.0,176665.027
603115.SH,20211124,29.5158,31.1545,29.3606,30.7375,29.7679,0.9695999999999998,3.2572,49977.0,156875.816
603115.SH,20211123,30.5921,30.8345,29.5739,29.7679,30.5436,-0.7757000000000005,-2.5396,42544.36,131280.088
603115.SH,20211122,30.0588,31.4841,28.1971,30.5436,29.0213,1.5223000000000013,5.2455,88964.66,277167.049
603115.SH,20211119,28.0225,29.38,27.945,29.0213,27.974,1.0473,3.7438,99417.65,295596.992
603115.SH,20211118,28.4395,31.3484,27.974,27.974,28.4976,-0.5235999999999983,-1.8373,144344.62,444303.874
603115.SH,20211117,27.3729,28.8952,26.6456,28.4976,27.3729,1.1246999999999971,4.1088,89166.71,255529.71
603115.SH,20211116,28.6625,28.8855,27.0141,27.3729,28.0613,-0.6883999999999979,-2.4532,107934.66,309946.038
603115.SH,20211115,30.0782,30.4369,27.9643,28.0613,29.5836,-1.5223000000000013,-5.1458,129371.0,384687.675
603115.SH,20211112,27.4892,29.5836,26.9947,29.5836,26.8977,2.6859,9.9856,110493.0,327488.361
603115.SH,20211111,26.6262,27.4795,26.1317,26.8977,26.442,0.4557000000000002,1.7234,80401.0,222364.489
603115.SH,20211110,27.0529,27.0529,25.8505,26.442,27.431,-0.9890000000000008,-3.6054,82584.0,224826.66
603115.SH,20211109,26.1705,27.6347,24.9876,27.431,26.6262,0.8048000000000002,3.0226,133531.01,360795.647
603115.SH,20211108,27.1499,27.751,26.2966,26.6262,26.0833,0.5428999999999995,2.0814,141645.92,393185.835
603115.SH,20211105,27.1499,28.5558,26.0736,26.0833,26.3451,-0.26179999999999737,-0.9937,235689.2,658134.42
603115.SH,20211104,26.0736,26.3451,25.3172,26.3451,23.95,2.3950999999999993,10.0004,46743.03,125906.446
603115.SH,20211103,21.5163,23.95,21.3708,23.95,21.7684,2.1815999999999995,10.0219,102584.25,242267.301
603115.SH,20211102,21.555,22.0593,21.0799,21.7684,21.429,0.33940000000000126,1.5838,109302.71,243682.833
603115.SH,20211101,19.7806,21.429,19.7418,21.429,19.48,1.948999999999998,10.0051,82550.26,176046.276
603115.SH,20211029,20.0521,20.8472,18.9564,19.48,19.4703,0.00969999999999871,0.0498,74737.71,152045.996
603115.SH,20211028,20.1685,20.1879,19.2473,19.4703,20.2557,-0.7853999999999992,-3.8774,43556.17,87823.529
603115.SH,20211027,20.246,20.3915,19.703,20.2557,20.4303,-0.1745999999999981,-0.8546,34151.0,70835.048
603115.SH,20211026,20.1491,20.6242,19.5091,20.4303,20.0715,0.3587999999999987,1.7876,57446.58,119170.158
603115.SH,20211025,19.2182,20.5563,18.0643,20.0715,19.2182,0.8533000000000008,4.4401,61044.38,122685.687
603115.SH,20211022,19.0146,19.6836,18.5492,19.2182,19.1503,0.06789999999999807,0.3546,41211.62,80960.737
603115.SH,20211021,18.5298,19.5867,18.3165,19.1503,18.5298,0.6204999999999998,3.3487,39868.9,78356.466
603115.SH,20211020,18.3165,18.8013,18.1128,18.5298,18.4522,0.07760000000000034,0.4205,20010.0,38262.504
603115.SH,20211019,17.9965,18.7916,17.9286,18.4522,18.0837,0.36850000000000094,2.0377,27526.8,52041.93
603115.SH,20211018,18.0159,18.2777,17.7153,18.0837,17.8898,0.1938999999999993,1.0839,24917.0,46267.251
603115.SH,20211015,17.7444,18.5492,17.6571,17.8898,17.7153,0.17450000000000188,0.985,26202.0,48633.218
603115.SH,20211014,17.3177,17.8607,16.9396,17.7153,17.4729,0.24239999999999995,1.3873,21065.0,38093.613
603115.SH,20211013,17.5601,17.5601,17.1238,17.4729,17.5601,-0.08719999999999928,-0.4966,20369.1,36462.092
603115.SH,20211012,18.1904,18.3262,16.9977,17.5601,18.1904,-0.6303000000000019,-3.465,42284.96,75862.381
603115.SH,20211011,18.7043,18.8595,18.0353,18.1904,18.7916,-0.6011999999999986,-3.1993,34782.99,65411.594
603115.SH,20211008,19.4606,19.6836,18.6558,18.7916,19.4703,-0.6787000000000027,-3.4858,24357.0,47615.028
603115.SH,20210930,18.3262,19.6352,18.2389,19.4703,18.3552,1.1151000000000018,6.0751,36596.99,71707.695
603115.SH,20210929,19.3443,19.7418,18.2874,18.3552,19.5479,-1.1926999999999985,-6.1014,31525.0,61141.35
603115.SH,20210928,19.1406,19.7709,18.5007,19.5479,19.2958,0.25209999999999866,1.3065,42980.0,84980.739
603115.SH,20210927,19.7806,20.6242,19.16,19.2958,20.1685,-0.8727000000000018,-4.327,56541.41,116215.019
603115.SH,20210924,21.332,21.7781,20.1103,20.1685,21.2835,-1.1149999999999984,-5.2388,58359.0,124402.413
603115.SH,20210923,22.292,22.5732,20.2848,21.2835,22.4762,-1.1926999999999985,-5.3065,99934.1,217466.059
603115.SH,20210922,21.8556,23.1937,21.0024,22.4762,22.1853,0.29089999999999705,1.3112,100368.64,228818.803
603115.SH,20210917,22.9707,24.0761,22.1174,22.1853,23.0289,-0.8435999999999986,-3.6632,132283.04,314120.814
603115.SH,20210916,22.515,24.0955,22.0108,23.0289,21.9041,1.1248000000000005,5.1351,153846.01,371692.705
603115.SH,20210915,21.1187,22.3017,20.6824,21.9041,21.5841,0.3200000000000003,1.4826,83204.07,186702.239
603115.SH,20210914,22.3792,22.5344,20.566,21.5841,21.8653,-0.2812000000000019,-1.2861,95274.0,209578.106
603115.SH,20210913,20.0521,21.8653,19.7612,21.8653,19.8776,1.9877000000000002,9.9997,77983.47,168880.509
603115.SH,20210910,20.8472,20.8472,19.7321,19.8776,20.7018,-0.8241999999999976,-3.9813,63694.0,132509.108
603115.SH,20210909,20.7115,21.1284,20.5272,20.7018,21.2642,-0.5624000000000002,-2.6448,34446.0,73786.946
603115.SH,20210908,20.7696,22.0496,20.7599,21.2642,20.566,0.6981999999999999,3.3949,62472.65,136700.836
603115.SH,20210907,20.9248,21.5744,20.3624,20.566,20.4981,0.06789999999999807,0.3313,55600.58,119484.66
603115.SH,20210906,20.5078,21.0896,19.3928,20.4981,20.5078,-0.00969999999999871,-0.0473,48599.0,102139.07
603115.SH,20210903,21.0799,21.8362,20.3527,20.5078,21.0799,-0.5720999999999989,-2.714,67693.0,145999.171
603115.SH,20210902,19.4218,21.7296,19.4218,21.0799,20.3527,0.7271999999999998,3.573,90550.53,194593.683
603115.SH,20210901,22.3501,23.95,20.3527,20.3527,22.6119,-2.2592,-9.9912,107142.0,237109.415
603115.SH,20210831,22.8834,23.1646,22.2047,22.6119,22.7671,-0.15520000000000067,-0.6817,53387.35,123977.429
603115.SH,20210830,23.0677,23.2616,22.2823,22.7671,23.4749,-0.7078000000000024,-3.0151,70726.0,165660.249
603115.SH,20210827,23.3101,23.6204,22.6992,23.4749,22.4762,0.998700000000003,4.4434,77053.65,184036.205
603115.SH,20210826,23.3683,24.1246,22.4762,22.4762,22.9125,-0.4363000000000028,-1.9042,70737.0,168093.948
603115.SH,20210825,23.8531,23.9694,22.4956,22.9125,23.8143,-0.9017999999999979,-3.7868,83711.0,199892.137
603115.SH,20210824,22.3598,24.6094,21.6229,23.8143,22.6216,1.1926999999999985,5.2724,136780.0,325474.24
603115.SH,20210823,22.2532,23.184,21.8168,22.6216,21.5453,1.0762999999999998,4.9955,135036.75,315503.398
603115.SH,20210820,19.9357,21.5453,19.6836,21.5453,19.5867,1.9586000000000006,9.9996,132426.1,285322.951
603115.SH,20210819,20.2848,20.343,19.0825,19.5867,20.2169,-0.6301999999999985,-3.1172,79623.53,160747.729
603115.SH,20210818,20.2266,20.8278,19.7612,20.2169,20.2363,-0.019400000000000972,-0.0959,52650.0,110281.856
603115.SH,20210817,20.7502,21.526,20.0715,20.2363,21.0411,-0.8048000000000002,-3.8249,63708.0,136276.576
603115.SH,20210816,20.9442,21.8847,20.566,21.0411,21.3999,-0.3587999999999987,-1.6766,89675.73,194656.133
603115.SH,20210813,22.4568,22.6992,21.0993,21.3999,23.1743,-1.7744,-7.6568,143812.26,322364.351
603115.SH,20210812,21.526,24.0082,21.2351,23.1743,21.8265,1.3477999999999994,6.1751,212984.08,498748.839
603115.SH,20210811,19.3928,21.8265,19.2085,21.8265,19.8388,1.9877000000000002,10.0193,203589.38,443033.848
603115.SH,20210810,18.9079,19.8388,17.5989,19.8388,18.0353,1.8034999999999997,9.9998,233050.0,450851.892
603115.SH,20210809,18.2195,19.0534,17.8122,18.0353,18.6267,-0.5914000000000001,-3.175,94395.74,177435.985
603115.SH,20210806,17.1044,18.7528,16.3675,18.6267,17.0462,1.5805000000000007,9.2719,181685.75,330597.134
603115.SH,20210805,18.2971,18.4134,16.8426,17.0462,18.2583,-1.2120999999999995,-6.6386,124145.65,220894.852
603115.SH,20210804,17.2692,18.8207,17.2692,18.2583,18.2001,0.05819999999999936,0.3198,173126.29,322998.672
603115.SH,20210803,19.3928,19.8,18.2001,18.2001,20.2169,-2.0168,-9.9758,126780.0,244327.918
603115.SH,20210802,18.2583,20.8666,18.2583,20.2169,18.9661,1.2507999999999981,6.5949,246679.91,513738.013
603115.SH,20210730,18.9079,18.9661,18.2292,18.9661,17.2402,1.7258999999999993,10.0109,279938.24,544207.721
603115.SH,20210729,17.2402,17.2402,17.2402,17.2402,15.6693,1.5709000000000017,10.0253,26733.0,47531.274
603115.SH,20210728,14.1664,15.6693,13.7495,15.6693,14.244,1.4253,10.0063,69360.61,107936.134
603115.SH,20210727,14.69,14.7094,14.2149,14.244,14.7385,-0.4945000000000004,-3.3552,28007.64,41966.66
603115.SH,20210726,14.2828,14.9809,14.2828,14.7385,14.2828,0.4557000000000002,3.1906,45566.55,69144.932
603115.SH,20210723,14.1567,14.3991,14.1082,14.2828,14.3022,-0.019399999999999196,-0.1356,16802.0,24742.669
603115.SH,20210722,14.2246,14.4476,14.0113,14.3022,14.2246,0.07759999999999856,0.5455,26875.0,39502.008
603115.SH,20210721,13.6234,14.2537,13.6234,14.2246,13.6234,0.6012000000000004,4.413,36740.28,53336.875
603115.SH,20210720,13.4586,13.6428,13.4586,13.6234,13.5652,0.05819999999999936,0.429,5999.0,8385.316
603115.SH,20210719,13.4392,13.5749,13.4198,13.5652,13.4974,0.06780000000000008,0.5023,6021.0,8376.512
603115.SH,20210716,13.5555,13.604,13.478,13.4974,13.4974,0.0,0.0,5030.65,7029.95
603115.SH,20210715,13.6816,13.6913,13.3907,13.4974,13.7107,-0.2132999999999985,-1.5557,9163.16,12758.378
603115.SH,20210714,13.6913,13.7592,13.6234,13.7107,13.7301,-0.019400000000000972,-0.1413,6057.0,8549.806
603115.SH,20210713,13.7592,13.8076,13.6525,13.7301,13.8076,-0.07750000000000057,-0.5613,6712.0,9485.842
603115.SH,20210712,13.8367,13.8852,13.701,13.8076,13.7689,0.0387000000000004,0.2811,11957.65,17032.039
603115.SH,20210709,13.4586,13.8173,13.4295,13.7689,13.5071,0.2618000000000009,1.9382,15590.35,22001.672
603115.SH,20210708,13.5749,13.6525,13.4586,13.5071,13.6331,-0.12600000000000122,-0.9242,6956.0,9710.914
603115.SH,20210707,13.6137,13.6525,13.5071,13.6331,13.6137,0.019400000000000972,0.1425,5694.0,7980.749
603115.SH,20210706,13.5555,13.7204,13.4877,13.6137,13.5555,0.05819999999999936,0.4293,7116.0,9981.108
603115.SH,20210705,13.4489,13.5652,13.284,13.5555,13.2743,0.2812000000000001,2.1184,6910.28,9600.22
603115.SH,20210702,13.3422,13.3422,13.1483,13.2743,13.3616,-0.08729999999999905,-0.6534,5859.0,7989.437
603115.SH,20210701,13.5749,13.5749,13.3616,13.3616,13.4683,-0.10670000000000002,-0.7922,4391.0,6089.31
603115.SH,20210630,13.4489,13.5361,13.3907,13.4683,13.4489,0.019399999999999196,0.1442,4548.0,6315.843
603115.SH,20210629,13.604,13.604,13.3616,13.4489,13.5943,-0.14540000000000042,-1.0696,6511.0,9015.901
603115.SH,20210628,13.5943,13.6234,13.381,13.5943,13.5361,0.05820000000000114,0.43,6728.0,9393.88
603115.SH,20210625,13.7204,13.7495,13.4392,13.5361,13.7301,-0.19400000000000084,-1.413,8226.0,11486.043
603115.SH,20210624,13.6622,13.7592,13.5846,13.7301,13.6331,0.09699999999999953,0.7115,9695.0,13674.747
603115.SH,20210623,13.5555,13.6331,13.4295,13.6331,13.478,0.1551000000000009,1.1508,7836.0,10963.654
603115.SH,20210622,13.4295,13.5652,13.4004,13.478,13.4295,0.04849999999999888,0.3611,5460.0,7595.965
603115.SH,20210621,13.3131,13.478,13.2743,13.4295,13.3616,0.06790000000000163,0.5082,6851.55,9469.978
603115.SH,20210618,13.3907,13.3907,13.2743,13.3616,13.3228,0.03879999999999839,0.2912,3344.0,4595.106
603115.SH,20210617,13.3907,13.4198,13.2937,13.3228,13.3907,-0.06789999999999985,-0.5071,3990.0,5485.592
603115.SH,20210616,13.4295,13.4295,13.2743,13.3907,13.4295,-0.03880000000000017,-0.2889,6117.0,8406.845
603115.SH,20210615,13.6622,13.6622,13.381,13.4295,13.6234,-0.1938999999999993,-1.4233,7343.0,10179.098
603115.SH,20210611,13.701,13.7301,13.5749,13.6234,13.7301,-0.10670000000000002,-0.7771,7023.0,9881.956
603115.SH,20210610,13.6428,13.7495,13.5749,13.7301,13.6719,0.05819999999999936,0.4257,9198.0,12941.985
603115.SH,20210609,13.701,13.7107,13.604,13.6719,13.6719,0.0,0.0,5521.0,7778.507
603115.SH,20210608,13.7301,13.7301,13.6234,13.6719,13.7301,-0.05819999999999936,-0.4239,4351.0,6127.771
603115.SH,20210607,13.7204,13.7592,13.604,13.7301,13.6525,0.07760000000000034,0.5684,6307.0,8886.414
603115.SH,20210604,13.8852,13.9046,13.6234,13.6525,13.7979,-0.14540000000000042,-1.0538,8240.0,11642.816
603115.SH,20210603,13.7689,13.8173,13.6622,13.7979,13.7689,0.028999999999999915,0.2106,8065.28,11437.226
603115.SH,20210602,13.8852,13.8852,13.7204,13.7689,13.8852,-0.11629999999999896,-0.8376,5159.0,7332.32
603115.SH,20210601,13.8561,13.8949,13.7495,13.8852,13.8561,0.02909999999999968,0.21,6632.28,9462.488
603115.SH,20210531,13.8658,13.8755,13.6913,13.8561,13.8076,0.04849999999999888,0.3513,9217.28,13110.889
603115.SH,20210528,13.7882,14.0113,13.7301,13.8076,13.7882,0.019400000000000972,0.1407,6134.0,8755.116
603115.SH,20210527,13.7882,13.8173,13.7107,13.7882,13.7495,0.0387000000000004,0.2815,6017.0,8540.26
603115.SH,20210526,13.6719,13.8464,13.5943,13.7495,13.6719,0.07759999999999856,0.5676,4661.9,6599.27
603115.SH,20210525,13.6816,13.7204,13.6234,13.6719,13.6137,0.05820000000000114,0.4275,4209.9,5929.128
603115.SH,20210524,13.4198,13.6137,13.4004,13.6137,13.5749,0.03880000000000017,0.2858,6231.9,8694.251
603115.SH,20210521,13.7495,13.7495,13.4586,13.5749,13.7495,-0.17459999999999987,-1.2699,11027.0,15422.561
603115.SH,20210520,14.0404,14.0597,13.6816,13.7495,14.4379,-0.6884000000000015,-4.768,17570.0,25037.059
603115.SH,20210519,14.5887,14.6626,14.3117,14.441,14.4964,-0.055399999999998784,-0.3822,18589.0,29118.213
603115.SH,20210518,14.4687,14.4964,14.3394,14.4964,14.4964,0.0,0.0,8488.65,13241.941
603115.SH,20210517,14.5149,14.561,14.3302,14.4964,14.5795,-0.08309999999999995,-0.57,10377.55,16213.203
603115.SH,20210514,14.5056,14.6441,14.4041,14.5795,14.5056,0.07390000000000008,0.5095,18015.36,28350.454
603115.SH,20210513,14.2102,14.5518,14.0901,14.5056,14.0717,0.4338999999999995,3.0835,20946.0,32592.698
603115.SH,20210512,13.9147,14.1271,13.9147,14.0717,13.9886,0.08309999999999995,0.5941,6384.0,9706.665
603115.SH,20210511,14.1086,14.2194,13.8778,13.9886,14.0809,-0.09229999999999983,-0.6555,7072.65,10734.007
603115.SH,20210510,13.9424,14.0809,13.6654,14.0809,13.9055,0.17539999999999978,1.2614,9650.0,14546.758
603115.SH,20210507,14.2379,14.3487,13.8962,13.9055,14.2102,-0.3047000000000004,-2.1442,13334.0,20365.536
603115.SH,20210506,14.0532,14.2379,13.9886,14.2102,14.0532,0.15700000000000003,1.1172,11886.0,18221.677
603115.SH,20210430,13.9886,14.1086,13.8501,14.0532,13.9978,0.05540000000000056,0.3958,12484.89,18923.668
603115.SH,20210429,13.8685,14.0994,13.7208,13.9978,13.8039,0.1938999999999993,1.4047,13280.0,20057.158
603115.SH,20210428,13.5915,13.9239,13.4623,13.8039,13.5915,0.2124000000000006,1.5627,8303.0,12348.343
603115.SH,20210427,13.7485,13.7762,13.4346,13.5915,13.7485,-0.15700000000000003,-1.1419,7543.65,11099.801
603115.SH,20210426,13.767,13.9239,13.6839,13.7485,13.767,-0.018499999999999517,-0.1344,9082.97,13592.353
603115.SH,20210423,13.767,13.8685,13.7023,13.767,13.8131,-0.04610000000000092,-0.3337,7143.0,10662.777
603115.SH,20210422,13.7208,13.8408,13.6931,13.8131,13.7393,0.07380000000000031,0.5371,6983.0,10414.765
603115.SH,20210421,13.4807,13.7947,13.4807,13.7393,13.7393,0.0,0.0,5170.0,7661.772
603115.SH,20210420,13.8685,13.8685,13.6654,13.7393,13.7947,-0.05540000000000056,-0.4016,11716.0,17460.808
603115.SH,20210419,13.7485,13.8224,13.6377,13.7947,13.7393,0.05540000000000056,0.4032,9843.0,14684.55
603115.SH,20210416,13.6192,13.767,13.5731,13.7393,13.6192,0.12010000000000076,0.8818,10404.0,15428.82
603115.SH,20210415,13.49,13.6654,13.4346,13.6192,13.49,0.1291999999999991,0.9577,10233.0,15017.385
603115.SH,20210414,13.2591,13.5269,13.2591,13.49,13.3515,0.1385000000000005,1.0373,8898.36,12948.444
603115.SH,20210413,13.5269,13.5638,13.3053,13.3515,13.5823,-0.23080000000000034,-1.6993,18405.0,26667.92
603115.SH,20210412,13.9147,13.9147,13.5084,13.5823,13.9147,-0.3323999999999998,-2.3888,21318.0,31561.65
603115.SH,20210409,13.8501,14.3948,13.8316,13.9147,14.5056,-0.5908999999999995,-4.0736,41558.92,63002.347
603115.SH,20210408,15.5767,16.4354,14.5056,14.5056,15.3828,-0.8772000000000002,-5.7025,80554.92,132887.057
603115.SH,20210407,15.1797,15.4382,14.7272,15.3828,15.0412,0.3415999999999997,2.2711,52380.36,85836.523
603115.SH,20210406,14.2286,15.2074,14.164,15.0412,14.1455,0.8956999999999997,6.332,51005.0,81447.502
603115.SH,20210402,13.9609,14.2194,13.7393,14.1455,13.8778,0.2676999999999996,1.929,15226.0,23126.113
603115.SH,20210401,13.7854,13.9516,13.7393,13.8778,13.8685,0.009300000000001418,0.0671,7223.0,10838.823
603115.SH,20210331,13.6192,13.9332,13.5638,13.8685,13.7577,0.11079999999999934,0.8054,7763.2,11573.228
603115.SH,20210330,13.9516,14.0255,13.7393,13.7577,13.9886,-0.2309000000000001,-1.6506,10535.0,15777.404
603115.SH,20210329,13.7485,14.2656,13.6008,13.9886,13.5731,0.41549999999999976,3.0612,20477.0,31076.482
603115.SH,20210326,13.6008,13.6839,13.4992,13.5731,13.6008,-0.027699999999999392,-0.2037,9631.0,14172.644
603115.SH,20210325,13.8039,13.8408,13.4807,13.6008,13.7485,-0.1477000000000004,-1.0743,9430.0,13952.626
603115.SH,20210324,13.7208,13.9332,13.6562,13.7485,13.7208,0.027699999999999392,0.2019,9255.0,13773.471
603115.SH,20210323,14.3117,14.4041,13.6192,13.7208,14.3764,-0.6555999999999997,-4.5603,25608.0,38656.513
603115.SH,20210322,14.1548,14.561,13.9793,14.3764,13.8224,0.5540000000000003,4.008,32373.0,50249.777
603115.SH,20210319,13.4715,14.1732,13.0745,13.8224,13.5361,0.28630000000000067,2.1151,22972.36,34571.635
603115.SH,20210318,13.49,13.7023,13.4807,13.5361,13.5454,-0.009300000000001418,-0.0687,9631.0,14183.604
603115.SH,20210317,13.49,13.5638,13.3145,13.5454,13.4992,0.046200000000000685,0.3422,8104.0,11835.464
603115.SH,20210316,13.2591,13.6008,13.2591,13.4992,13.2591,0.24009999999999998,1.8108,8942.0,13046.292
603115.SH,20210315,13.0745,13.333,13.0745,13.2591,13.2314,0.027699999999999392,0.2094,5401.0,7741.74
603115.SH,20210312,13.453,13.4807,13.1853,13.2314,13.453,-0.2215999999999987,-1.6472,9765.0,14062.207
603115.SH,20210311,13.1022,13.7577,12.9821,13.453,12.9821,0.47089999999999854,3.6273,16228.68,23578.119
603115.SH,20210310,13.1299,13.176,12.936,12.9821,13.0837,-0.10159999999999947,-0.7765,5586.0,7869.115
603115.SH,20210309,13.2961,13.4253,12.7605,13.0837,13.2961,-0.2123999999999988,-1.5975,10263.0,14531.295
603115.SH,20210308,13.4438,13.5731,13.2499,13.2961,13.4438,-0.1477000000000004,-1.0986,9044.0,13125.191
603115.SH,20210305,13.3699,13.4715,13.2037,13.4438,13.3422,0.10159999999999947,0.7615,6962.22,10097.248
603115.SH,20210304,13.2961,13.5454,13.2684,13.3422,13.4069,-0.0647000000000002,-0.4826,9258.0,13433.871
603115.SH,20210303,13.1114,13.4346,13.1114,13.4069,13.2407,0.1661999999999999,1.2552,7430.0,10746.68
603115.SH,20210302,13.3422,13.3792,13.1022,13.2407,13.3699,-0.1291999999999991,-0.9663,8482.0,12132.307
603115.SH,20210301,13.1668,13.3884,13.1668,13.3699,13.1668,0.20309999999999917,1.5425,7558.0,10902.546
603115.SH,20210226,12.936,13.213,12.9267,13.1668,13.1576,0.009199999999999875,0.0699,7352.0,10445.149
603115.SH,20210225,13.4069,13.4992,13.0837,13.1576,13.2868,-0.1291999999999991,-0.9724,9636.0,13797.508
603115.SH,20210224,13.2868,13.5084,13.213,13.2868,13.3884,-0.10160000000000124,-0.7589,9414.0,13579.012
603115.SH,20210223,13.4438,13.5638,13.2222,13.3884,13.4992,-0.11079999999999934,-0.8208,12723.0,18399.501
603115.SH,20210222,13.0652,13.8039,13.056,13.4992,13.0652,0.4339999999999993,3.3218,26885.0,39396.152
603115.SH,20210219,12.6497,13.0745,12.5851,13.0652,12.6867,0.3785000000000007,2.9834,11302.0,15785.664
603115.SH,20210218,12.4004,12.7882,12.4004,12.6867,12.3173,0.3694000000000006,2.999,11527.0,15776.845
603115.SH,20210210,12.382,12.382,12.2342,12.3173,12.3266,-0.009299999999999642,-0.0754,5616.0,7475.639
603115.SH,20210209,12.1881,12.3543,12.0957,12.3266,12.1788,0.14779999999999838,1.2136,6890.43,9134.64
603115.SH,20210208,12.2804,12.3081,11.9757,12.1788,12.0219,0.15690000000000026,1.3051,6324.0,8340.831
603115.SH,20210205,12.0773,12.4004,11.9849,12.0219,12.0773,-0.055399999999998784,-0.4587,5928.0,7784.848
603115.SH,20210204,12.4004,12.4281,11.9572,12.0773,12.4558,-0.3785000000000007,-3.0387,9715.0,12751.914
603115.SH,20210203,12.7421,12.7421,12.2712,12.4558,12.6497,-0.1938999999999993,-1.5328,10355.78,13907.742
603115.SH,20210202,12.9175,12.9175,12.5482,12.6497,12.6036,0.04609999999999914,0.3658,7220.0,9890.948
603115.SH,20210201,12.382,12.6128,12.382,12.6036,12.5112,0.0923999999999996,0.7385,9564.0,12942.454
603115.SH,20210129,13.0191,13.0191,12.4651,12.5112,13.0191,-0.5078999999999994,-3.9012,14822.36,20362.197
603115.SH,20210128,12.8806,13.1483,12.7236,13.0191,12.9729,0.046200000000000685,0.3561,9134.14,12817.895
603115.SH,20210127,12.9175,13.0098,12.8252,12.9729,12.9267,0.04619999999999891,0.3574,6737.78,9427.243
603115.SH,20210126,12.8713,13.0375,12.8067,12.9267,12.7882,0.1385000000000005,1.083,7877.0,11016.418
603115.SH,20210125,13.0837,13.1206,12.7698,12.7882,13.1206,-0.3323999999999998,-2.5334,13202.0,18414.139
603115.SH,20210122,13.5638,13.5638,12.9083,13.1206,13.5546,-0.43400000000000105,-3.2019,21639.0,30766.683
603115.SH,20210121,13.4438,13.6008,13.3422,13.5546,13.4438,0.11080000000000112,0.8242,8680.22,12699.159
603115.SH,20210120,13.2961,13.4623,13.2684,13.4438,13.3792,0.06459999999999866,0.4828,5365.0,7786.586
603115.SH,20210119,13.5084,13.61,13.3607,13.3792,13.5084,-0.1291999999999991,-0.9564,9311.0,13592.288
603115.SH,20210118,13.2961,13.5546,13.2868,13.5084,13.3515,0.15690000000000026,1.1751,7092.0,10348.963
603115.SH,20210115,13.1114,13.3607,13.1114,13.3515,13.1022,0.24929999999999986,1.9027,8478.0,12198.245
603115.SH,20210114,12.8898,13.1483,12.8621,13.1022,12.936,0.1661999999999999,1.2848,6976.0,9842.434
603115.SH,20210113,13.3884,13.4069,12.8806,12.936,13.3792,-0.4432000000000009,-3.3126,15314.5,21610.14
603115.SH,20210112,13.3884,13.5084,13.2868,13.3792,13.4253,-0.04609999999999914,-0.3434,8271.0,11998.146
603115.SH,20210111,13.6008,13.6654,13.3976,13.4253,13.6008,-0.17549999999999955,-1.2904,9251.64,13507.219
603115.SH,20210108,13.5454,13.8408,13.4161,13.6008,13.6192,-0.01839999999999975,-0.1351,9108.0,13440.826
603115.SH,20210107,13.8501,13.9055,13.4807,13.6192,13.8501,-0.2309000000000001,-1.6671,14133.95,20867.04
603115.SH,20210106,14.3302,14.3302,13.8408,13.8501,14.3025,-0.4524000000000008,-3.1631,15897.51,24058.993
603115.SH,20210105,14.321,14.3579,14.1455,14.3025,14.284,0.018499999999999517,0.1295,10298.65,15886.304
603115.SH,20210104,14.0255,14.3948,13.9609,14.284,14.0255,0.2585000000000015,1.8431,11228.59,17266.711
603115.SH,20201231,13.9239,14.0901,13.7947,14.0255,13.8501,0.17539999999999978,1.2664,9865.2,14899.961
603115.SH,20201230,13.767,13.9239,13.6654,13.8501,13.7762,0.07390000000000008,0.5364,10746.78,16106.831
603115.SH,20201229,13.6192,13.9332,13.5638,13.7762,13.6192,0.15700000000000003,1.1528,12402.2,18502.87
603115.SH,20201228,13.767,13.8408,13.5361,13.6192,13.9609,-0.3417000000000012,-2.4475,18136.29,26848.29
603115.SH,20201225,13.4807,14.1086,13.4807,13.9609,14.5056,-0.5446999999999989,-3.7551,41894.1,62564.863
603115.SH,20201224,14.7734,14.7826,14.4133,14.5056,14.7642,-0.2586000000000013,-1.7515,14707.2,23186.481
603115.SH,20201223,14.8473,14.8842,14.6995,14.7642,14.7272,0.03700000000000081,0.2512,12771.9,20427.716
603115.SH,20201222,14.9488,14.9488,14.6811,14.7272,14.9673,-0.24009999999999998,-1.6042,15096.0,24135.199
603115.SH,20201221,14.8934,15.0135,14.6811,14.9673,14.8934,0.07390000000000008,0.4962,16531.2,26665.8
603115.SH,20201218,15.1427,15.1427,14.8473,14.8934,15.2166,-0.32319999999999993,-2.124,18235.2,29500.238
603115.SH,20201217,14.9581,15.272,14.7365,15.2166,15.1981,0.018499999999999517,0.1217,22358.97,36270.567
603115.SH,20201216,15.8722,15.9091,15.0873,15.1981,15.9276,-0.7294999999999998,-4.5801,32592.21,54307.103
603115.SH,20201215,16.2138,16.2138,15.8168,15.9276,16.1676,-0.2400000000000002,-1.4845,18644.58,32148.975
603115.SH,20201214,16.1215,16.223,15.8537,16.1676,16.0291,0.1385000000000005,0.8641,19498.95,33993.363
603115.SH,20201211,16.0661,16.1215,15.706,16.0291,16.0384,-0.009299999999999642,-0.058,20038.09,34426.612
603115.SH,20201210,15.946,16.0661,15.7614,16.0384,15.8537,0.18469999999999942,1.165,15362.0,26559.796
603115.SH,20201209,16.2046,16.3523,15.8075,15.8537,16.1953,-0.3415999999999997,-2.1093,23568.97,40848.942
603115.SH,20201208,16.1122,16.4908,16.1122,16.1953,16.0291,0.1661999999999999,1.0369,29511.82,52062.357
603115.SH,20201207,16.0661,16.1953,15.946,16.0291,16.2046,-0.17549999999999955,-1.083,25061.82,43501.058
603115.SH,20201204,15.9737,16.3246,15.9276,16.2046,15.9183,0.2862999999999989,1.7986,42441.0,74181.686
603115.SH,20201203,15.8906,16.103,15.8168,15.9183,16.1492,-0.2309000000000001,-1.4298,52459.8,90424.387
603115.SH,20201202,16.8971,16.8971,15.8814,16.1492,17.1925,-1.0432999999999986,-6.0683,107095.71,188928.369
603115.SH,20201201,17.8112,18.6514,17.0817,17.1925,18.3098,-1.1173000000000002,-6.1022,135765.51,263301.941
603115.SH,20201130,17.3495,18.6976,17.1556,18.3098,17.054,1.2558000000000007,7.3637,177160.17,347356.748
603115.SH,20201127,16.7955,17.5342,16.1769,17.054,16.7955,0.25849999999999795,1.5391,152952.57,280235.061
603115.SH,20201126,15.3643,16.7955,15.1981,16.7955,15.272,1.5235000000000003,9.9758,101960.79,180573.917
603115.SH,20201125,15.4659,15.5582,15.2443,15.272,15.5028,-0.23080000000000034,-1.4888,15624.0,26052.555
603115.SH,20201124,15.669,15.669,15.4013,15.5028,15.6783,-0.17549999999999955,-1.1194,21127.0,35458.026
603115.SH,20201123,15.5121,15.9645,15.429,15.6783,15.5305,0.14780000000000015,0.9517,39420.82,67067.292
603115.SH,20201120,15.3828,15.6044,15.2905,15.5305,15.4197,0.11079999999999934,0.7186,20439.0,34210.753
603115.SH,20201119,15.3459,15.5582,15.2351,15.4197,15.4197,0.0,0.0,17460.0,29051.503
603115.SH,20201118,15.3736,15.6229,15.2535,15.4197,15.3459,0.07380000000000031,0.4809,22179.0,37172.841
603115.SH,20201117,15.3551,15.4659,15.1427,15.3459,15.4936,-0.1477000000000004,-0.9533,20772.98,34374.575
603115.SH,20201116,15.1335,15.5767,15.0504,15.4936,15.1427,0.3509000000000011,2.3173,30392.0,50792.375
603115.SH,20201113,15.0504,15.2443,14.9673,15.1427,15.0873,0.055399999999998784,0.3672,11121.98,18221.617
603115.SH,20201112,15.2905,15.2905,15.0042,15.0873,15.2166,-0.12929999999999886,-0.8497,13424.0,21968.262
603115.SH,20201111,15.1704,15.6044,15.0966,15.2166,15.1612,0.05540000000000056,0.3654,19399.0,32151.825
603115.SH,20201110,15.2812,15.4382,15.0781,15.1612,15.272,-0.11080000000000112,-0.7255,15178.0,25066.411
603115.SH,20201109,14.8842,15.429,14.8842,15.272,14.8842,0.38780000000000037,2.6054,24204.0,39851.027
603115.SH,20201106,15.0873,15.0873,14.838,14.8842,15.0412,-0.15700000000000003,-1.0438,8051.0,13003.084
603115.SH,20201105,14.9765,15.0781,14.8103,15.0412,14.8934,0.14780000000000015,0.9924,13841.0,22442.355
603115.SH,20201104,15.0412,15.0412,14.7272,14.8934,14.8842,0.009199999999999875,0.0618,10368.36,16666.026
603115.SH,20201103,14.6164,14.9673,14.5056,14.8842,14.5056,0.3786000000000005,2.61,15895.99,25538.404
603115.SH,20201102,14.5426,14.7365,14.4502,14.5056,14.3764,0.1291999999999991,0.8987,10618.0,16750.737
603115.SH,20201030,14.7919,14.8565,14.3579,14.3764,14.7919,-0.41549999999999976,-2.809,14452.0,22824.335
603115.SH,20201029,14.7549,14.9119,14.7088,14.7919,14.9027,-0.11079999999999934,-0.7435,9640.58,15465.207
603115.SH,20201028,14.9488,14.9765,14.6995,14.9027,14.9488,-0.04610000000000092,-0.3084,10806.87,17387.18
603115.SH,20201027,15.0412,15.0412,14.8473,14.9488,15.0319,-0.08309999999999995,-0.5528,9702.0,15707.076
603115.SH,20201026,15.1427,15.1427,14.9027,15.0319,15.0596,-0.027699999999999392,-0.1839,10298.88,16752.481
603115.SH,20201023,15.3274,15.4751,15.0135,15.0596,15.3274,-0.26780000000000115,-1.7472,16476.94,27071.926
603115.SH,20201022,15.4382,15.4659,15.1981,15.3274,15.5305,-0.20309999999999917,-1.3077,15728.99,26079.857
603115.SH,20201021,15.2535,15.549,15.2351,15.5305,15.3182,0.21230000000000082,1.3859,21098.0,35255.863
603115.SH,20201020,15.1612,15.4105,15.1243,15.3182,15.3459,-0.027700000000001168,-0.1805,15109.16,24909.144
603115.SH,20201019,15.3089,15.4659,15.2997,15.3459,15.3551,-0.009199999999999875,-0.0599,10380.0,17273.837
603115.SH,20201016,15.5305,15.5398,15.2443,15.3551,15.5121,-0.15700000000000003,-1.0121,16141.0,26850.977
603115.SH,20201015,15.3182,15.6598,15.3182,15.5121,15.3736,0.1385000000000005,0.9009,20316.0,34116.715
603115.SH,20201014,15.6044,15.6321,15.3274,15.3736,15.6506,-0.277000000000001,-1.7699,22372.28,37316.473
603115.SH,20201013,15.6044,15.7706,15.4844,15.6506,15.5675,0.08309999999999995,0.5338,25530.0,43178.982
603115.SH,20201012,15.3736,15.6413,15.2628,15.5675,15.2443,0.32319999999999993,2.1201,30569.83,51303.316
603115.SH,20201009,15.0319,15.3366,14.9858,15.2443,14.8565,0.38780000000000037,2.6103,23622.56,38813.864
603115.SH,20200930,15.2351,15.2997,14.8473,14.8565,15.3459,-0.48939999999999984,-3.1891,37906.99,61671.639
603115.SH,20200929,15.2812,15.5028,15.0135,15.3459,15.2443,0.10159999999999947,0.6665,34224.26,56611.852
603115.SH,20200928,15.8999,16.1122,15.2351,15.2443,15.9737,-0.7293999999999983,-4.5663,61210.31,103169.085
603115.SH,20200925,16.1584,16.7863,15.8999,15.9737,17.6634,-1.6897000000000002,-9.5661,131713.99,232558.853
603115.SH,20200924,18.8084,18.8084,17.6634,17.6634,19.6209,-1.9574999999999996,-9.9766,124311.0,242919.83
603115.SH,20200923,19.5747,19.6209,18.0235,19.6209,17.8389,1.782,9.9894,264745.65,556238.533
603115.SH,20200922,16.0845,17.8389,16.0753,17.8389,16.2138,1.6250999999999998,10.0229,35008.0,67105.029
603115.SH,20200921,16.0107,16.2969,15.9276,16.2138,16.0661,0.1477000000000004,0.9193,9805.0,17154.535
603115.SH,20200918,16.0476,16.1215,15.9183,16.0661,16.0661,0.0,0.0,8040.0,13966.582
603115.SH,20200917,15.8814,16.1492,15.7798,16.0661,15.8814,0.18469999999999942,1.163,7640.0,13200.432
603115.SH,20200916,15.9276,16.0291,15.7798,15.8814,16.0291,-0.1477000000000004,-0.9214,5505.0,9473.241
603115.SH,20200915,15.9645,16.1122,15.7891,16.0291,15.9553,0.07380000000000031,0.4625,8448.0,14591.639
603115.SH,20200914,15.9276,16.0661,15.7983,15.9553,15.946,0.009299999999999642,0.0583,8742.52,15091.209
603115.SH,20200911,15.7337,15.946,15.5121,15.946,15.7337,0.21229999999999905,1.3493,7728.52,13212.218
603115.SH,20200910,16.2415,16.3985,15.6875,15.7337,16.2046,-0.47089999999999854,-2.906,13336.95,23164.963
603115.SH,20200909,16.5739,16.5739,16.1769,16.2046,16.657,-0.4524000000000008,-2.716,11002.0,19542.825
603115.SH,20200908,16.4816,16.6755,16.3892,16.657,16.5554,0.10160000000000124,0.6137,9340.0,16730.402
603115.SH,20200907,16.7401,16.8694,16.4446,16.5554,16.7124,-0.15700000000000003,-0.9394,11490.0,20753.831
603115.SH,20200904,16.6201,16.7493,16.4354,16.7124,16.6939,0.018499999999999517,0.1108,10486.3,18833.535
603115.SH,20200903,17.0171,17.0171,16.657,16.6939,17.0171,-0.32319999999999993,-1.8993,16527.0,30006.104
603115.SH,20200902,16.9894,17.1464,16.9155,17.0171,17.0171,0.0,0.0,13012.98,23977.509
603115.SH,20200901,17.0079,17.054,16.7863,17.0171,17.1187,-0.10160000000000124,-0.5935,14959.0,27417.431
603115.SH,20200831,17.1279,17.3126,16.9709,17.1187,17.1002,0.018499999999999517,0.1082,16584.0,30782.713
603115.SH,20200828,17.0448,17.1187,16.934,17.1002,17.1741,-0.0738999999999983,-0.4303,15149.88,27934.78
603115.SH,20200827,17.0817,17.4049,16.8694,17.1741,17.0817,0.09239999999999782,0.5409,25114.0,46478.096
603115.SH,20200826,17.6265,17.8112,17.0263,17.0817,17.5988,-0.5170999999999992,-2.9383,28207.0,53027.677
603115.SH,20200825,18.0235,18.1251,17.4511,17.5988,17.9312,-0.3323999999999998,-1.8538,42663.99,82065.128
603115.SH,20200824,17.368,18.2359,17.1741,17.9312,17.4418,0.48939999999999984,2.8059,45394.2,87840.41
603115.SH,20200821,17.0448,17.8112,16.9525,17.4418,16.934,0.5077999999999996,2.9987,40921.38,77599.435
603115.SH,20200820,17.091,17.1741,16.8786,16.934,17.2202,-0.28619999999999735,-1.662,17609.29,32386.684
603115.SH,20200819,17.7188,17.7188,17.2018,17.2202,17.7742,-0.554000000000002,-3.1169,27235.3,51406.751
603115.SH,20200818,17.2202,17.8481,17.2202,17.7742,17.3033,0.4709000000000003,2.7214,41454.01,79145.45
603115.SH,20200817,17.1741,17.3403,17.0263,17.3033,17.331,-0.027699999999999392,-0.1598,27254.48,50719.024
603115.SH,20200814,17.331,17.3772,16.9986,17.331,17.331,0.0,0.0,14112.0,26279.905
603115.SH,20200813,17.2756,17.4049,17.1741,17.331,17.2479,0.08309999999999818,0.4818,12916.43,24190.568
603115.SH,20200812,17.331,17.4511,16.9525,17.2479,17.4418,-0.1938999999999993,-1.1117,17073.0,31735.44
603115.SH,20200811,17.8204,17.9127,17.4049,17.4418,17.885,-0.4432000000000009,-2.4781,28879.42,55137.41
603115.SH,20200810,17.5434,18.042,17.2664,17.885,17.6819,0.20310000000000272,1.1486,46852.62,90624.568
603115.SH,20200807,17.3587,17.8019,16.7586,17.6819,17.4049,0.27699999999999747,1.5915,37665.87,70911.509
603115.SH,20200806,17.6727,17.6727,17.1741,17.4049,17.5619,-0.15700000000000003,-0.894,20796.38,39064.994
603115.SH,20200805,17.5988,17.6265,17.2664,17.5619,17.4418,0.12010000000000076,0.6886,17358.43,32829.342
603115.SH,20200804,17.8204,17.8666,17.3864,17.4418,17.8204,-0.3785999999999987,-2.1245,21435.86,40713.017
603115.SH,20200803,17.6911,17.8666,17.6173,17.8204,17.7188,0.10159999999999769,0.5734,26798.0,51528.648
603115.SH,20200731,17.2572,17.9589,17.1464,17.7188,17.3218,0.397000000000002,2.2919,36342.7,69761.561
603115.SH,20200730,16.9248,17.5065,16.8417,17.3218,16.9802,0.3415999999999997,2.0118,31184.86,58171.288
603115.SH,20200729,16.6755,17.0079,16.38,16.9802,16.6847,0.29550000000000054,1.7711,18853.12,34234.753
603115.SH,20200728,16.6108,16.8878,16.5093,16.6847,16.4908,0.1938999999999993,1.1758,14887.14,26907.409
603115.SH,20200727,16.6939,17.0725,16.4354,16.4908,16.7955,-0.3047000000000004,-1.8142,19830.0,35612.005
603115.SH,20200724,17.1279,17.885,16.7863,16.7955,17.2295,-0.43400000000000105,-2.5189,37378.95,70252.268
603115.SH,20200723,17.091,17.2664,16.6385,17.2295,17.2387,-0.009199999999999875,-0.0534,20102.06,36889.034
603115.SH,20200722,17.2202,17.5157,17.1002,17.2387,17.2295,0.009199999999999875,0.0534,17204.95,32323.18
603115.SH,20200721,17.3218,17.4141,17.0725,17.2295,17.3218,-0.09229999999999805,-0.5329,14761.0,27521.84
603115.SH,20200720,16.8509,17.3218,16.7678,17.3218,16.7493,0.572499999999998,3.4181,19185.0,35550.492
603115.SH,20200717,16.9248,16.9986,16.5277,16.7493,16.8417,-0.09239999999999782,-0.5486,18517.65,33617.339
603115.SH,20200716,17.645,17.7742,16.8324,16.8417,17.6542,-0.8125,-4.6023,28152.0,52794.612
603115.SH,20200715,18.1805,18.2821,17.5065,17.6542,18.1805,-0.5262999999999991,-2.8949,30571.37,59133.986
603115.SH,20200714,18.476,18.716,18.0051,18.1805,18.476,-0.29550000000000054,-1.5994,35534.86,70343.157
603115.SH,20200713,18.1159,18.5129,17.8943,18.476,18.1066,0.36939999999999884,2.0401,43814.43,86676.337
603115.SH,20200710,18.6237,18.6237,18.1066,18.1066,18.873,-0.7664000000000009,-4.0608,46585.56,92465.03
603115.SH,20200709,18.1195,18.9297,17.9681,18.8674,18.1195,0.7479000000000013,4.1276,55767.98,115208.849
603115.SH,20200708,17.8613,18.1284,17.701,18.1195,17.8613,0.25819999999999865,1.4456,39378.58,79177.378
603115.SH,20200707,18.1818,18.253,17.5942,17.8613,17.9592,-0.09789999999999921,-0.5451,50112.73,101379.763
603115.SH,20200706,17.4161,17.977,17.3805,17.9592,17.2024,0.7567999999999984,4.3994,44994.64,89259.85
603115.SH,20200703,17.2736,17.3003,17.0599,17.2024,17.3003,-0.09789999999999921,-0.5659,27184.64,52405.331
603115.SH,20200702,17.0154,17.4517,16.9798,17.3003,17.149,0.1512999999999991,0.8823,40430.07,78255.904
603115.SH,20200701,16.8997,17.3448,16.8997,17.149,16.8106,0.33840000000000003,2.013,41866.49,80647.735
603115.SH,20200630,16.8017,16.8907,16.6503,16.8106,16.7038,0.10679999999999978,0.6394,21918.0,41285.956
603115.SH,20200629,16.5257,16.7127,15.9113,16.7038,16.4812,0.2225999999999999,1.3506,20584.0,38317.316
603115.SH,20200624,16.2319,16.4812,16.1517,16.4812,16.3298,0.15140000000000242,0.9271,19290.42,35299.496
603115.SH,20200623,16.6503,16.6503,16.223,16.3298,16.6503,-0.32050000000000267,-1.9249,22495.73,41274.72
603115.SH,20200622,17.0154,17.1579,16.6236,16.6503,16.8818,-0.23149999999999693,-1.3713,25405.0,47925.669
603115.SH,20200619,16.7394,17.2291,16.7038,16.8818,16.8195,0.06229999999999691,0.3704,35709.3,68125.511
603115.SH,20200618,16.6058,16.9442,16.5969,16.8195,16.588,0.23150000000000048,1.3956,29534.68,55697.147
603115.SH,20200617,16.3832,16.6771,16.3298,16.588,16.401,0.18700000000000117,1.1402,23154.26,43049.956
603115.SH,20200616,16.2764,16.4723,16.1962,16.401,16.1161,0.2849000000000004,1.7678,12739.62,23358.964
603115.SH,20200615,16.2586,16.3832,16.1161,16.1161,16.3654,-0.24930000000000163,-1.5233,12926.26,23508.117
603115.SH,20200612,15.8579,16.5613,15.8579,16.3654,16.2408,0.12460000000000093,0.7672,16445.36,30052.516
603115.SH,20200611,16.312,16.4099,16.0894,16.2408,16.2764,-0.035599999999998744,-0.2187,15178.0,27715.346
603115.SH,20200610,16.5702,16.5791,16.223,16.2764,16.6058,-0.3293999999999997,-1.9836,14998.0,27514.309
603115.SH,20200609,16.8729,16.8907,16.5346,16.6058,16.8729,-0.2671000000000028,-1.583,16893.0,31623.231
603115.SH,20200608,16.6949,16.8997,16.5524,16.8729,16.6682,0.20470000000000255,1.2281,23426.0,44033.888
603115.SH,20200605,16.6325,16.7127,16.4723,16.6682,16.5257,0.1424999999999983,0.8623,18217.01,33993.493
603115.SH,20200604,16.6592,16.7394,16.4545,16.5257,16.6682,-0.1424999999999983,-0.8549,17447.07,32409.431
603115.SH,20200603,16.7394,16.8907,16.6503,16.6682,16.686,-0.017800000000001148,-0.1067,24168.0,45436.417
603115.SH,20200602,16.8373,16.8462,16.5702,16.686,16.8729,-0.1869000000000014,-1.1077,27004.06,50584.325
603115.SH,20200601,16.7839,17.0866,16.5702,16.8729,16.6771,0.19580000000000197,1.1741,44441.7,84103.645
603115.SH,20200529,16.2141,16.7127,16.2141,16.6771,16.4277,0.24939999999999785,1.5182,36280.0,67212.798
603115.SH,20200528,16.6682,16.6682,16.0894,16.4277,16.6325,-0.20479999999999876,-1.2313,35527.0,65244.207
603115.SH,20200527,17.2736,17.3538,16.3476,16.6325,16.8729,-0.24040000000000106,-1.4248,67170.75,126702.637
603115.SH,20200526,15.5195,16.8729,15.4038,16.8729,15.3415,1.5314000000000014,9.9821,46215.69,86367.926
603115.SH,20200525,15.7778,15.8846,15.2435,15.3415,15.6798,-0.33830000000000027,-2.1576,12252.0,21396.122
603115.SH,20200522,16.0271,16.0538,15.5552,15.6798,16.1339,-0.4541000000000004,-2.8146,16264.0,28802.093
603115.SH,20200521,16.0538,16.4277,16.0271,16.1339,16.036,0.09789999999999921,0.6105,27369.05,49858.418
603115.SH,20200520,15.938,16.0538,15.7243,16.036,15.8935,0.14250000000000185,0.8966,17864.5,31958.635
603115.SH,20200519,15.76,15.9647,15.6353,15.8935,15.7243,0.16920000000000002,1.076,15720.43,27928.999
603115.SH,20200518,16.036,16.036,15.662,15.7243,15.8312,-0.10690000000000133,-0.6752,16093.0,28699.4
603115.SH,20200515,16.0805,16.1695,15.7689,15.8312,16.0449,-0.21369999999999756,-1.3319,20366.22,36478.959
603115.SH,20200514,16.1606,16.3743,15.9736,16.0449,16.2408,-0.19590000000000174,-1.2062,19005.64,34427.636
603115.SH,20200513,16.4277,16.962,16.2051,16.2408,16.2141,0.026700000000001722,0.1647,35477.2,65829.656
603115.SH,20200512,16.2764,16.2764,15.8223,16.2141,16.312,-0.09790000000000276,-0.6002,26909.45,48642.134
603115.SH,20200511,15.7778,16.4723,15.7778,16.312,15.7421,0.5699000000000005,3.6202,35936.94,65169.387
603115.SH,20200508,15.6264,16.0716,15.5106,15.7421,15.4928,0.24929999999999986,1.6091,28450.06,50577.497
603115.SH,20200507,15.3593,15.662,15.3593,15.4928,15.4483,0.044500000000001094,0.2881,23908.91,41678.888
603115.SH,20200506,14.8161,15.4572,14.7716,15.4483,14.9408,0.5075000000000003,3.3967,20834.53,35598.509
603115.SH,20200430,14.5846,15.0476,14.4778,14.9408,14.4155,0.5252999999999997,3.644,17250.0,28745.223
603115.SH,20200429,14.4244,14.5668,14.2552,14.4155,14.2908,0.12469999999999892,0.8726,8768.0,14213.003
603115.SH,20200428,14.8517,14.8874,14.0326,14.2908,14.8874,-0.5965999999999987,-4.0074,18613.48,29957.043
603115.SH,20200427,14.8963,15.0031,14.8696,14.8874,14.9141,-0.026699999999999946,-0.179,7671.99,12854.979
603115.SH,20200424,15.0387,15.0654,14.8696,14.9141,15.1011,-0.18700000000000117,-1.2383,11302.0,18972.969
603115.SH,20200423,15.2524,15.288,15.0922,15.1011,15.2257,-0.12459999999999916,-0.8184,10575.99,18006.896
603115.SH,20200422,15.1367,15.2435,15.0209,15.2257,15.2257,0.0,0.0,12091.31,20539.706
603115.SH,20200421,15.4127,15.5284,15.0922,15.2257,15.5195,-0.29380000000000095,-1.8931,14722.65,25180.357
603115.SH,20200420,15.4038,15.5195,15.3148,15.5195,15.3504,0.16910000000000025,1.1016,8451.0,14632.112
603115.SH,20200417,15.3326,15.5106,15.2791,15.3504,15.3058,0.04460000000000086,0.2914,11273.0,19504.68
603115.SH,20200416,15.3682,15.3682,15.1723,15.3058,15.386,-0.0801999999999996,-0.5213,9998.0,17124.188
603115.SH,20200415,15.7154,15.7332,15.3593,15.386,15.5463,-0.16030000000000122,-1.0311,11226.0,19617.492
603115.SH,20200414,15.3504,15.5552,15.3148,15.5463,15.3058,0.24050000000000082,1.5713,7125.64,12385.734
603115.SH,20200413,15.1189,15.3593,15.0654,15.3058,15.4394,-0.1335999999999995,-0.8653,8909.0,15253.657
603115.SH,20200410,16.0182,16.0538,15.4394,15.4394,15.9736,-0.5342000000000002,-3.3443,15254.64,26862.174
603115.SH,20200409,15.8757,16.1606,15.8757,15.9736,15.8757,0.09789999999999921,0.6167,16324.65,29374.06
603115.SH,20200408,15.7421,15.9915,15.6353,15.8757,15.751,0.1247000000000007,0.7917,13766.0,24519.323
603115.SH,20200407,15.5552,15.7689,15.5017,15.751,15.3326,0.4184000000000001,2.7288,15755.65,27755.555
603115.SH,20200403,15.475,15.5195,15.2524,15.3326,15.475,-0.1424000000000003,-0.9202,11036.82,19059.86
603115.SH,20200402,15.1367,15.475,14.9764,15.475,15.1812,0.2937999999999992,1.9353,14378.47,24642.781
603115.SH,20200401,15.288,15.4038,15.11,15.1812,15.2346,-0.05339999999999989,-0.3505,12157.0,20827.816
603115.SH,20200331,15.5819,15.7867,15.2257,15.2346,15.4216,-0.1869999999999994,-1.2126,8928.29,15455.305
603115.SH,20200330,15.849,15.849,14.923,15.4216,16.0004,-0.5787999999999993,-3.6174,18008.5,31060.633
603115.SH,20200327,16.036,16.2497,15.9736,16.0004,15.7778,0.2225999999999999,1.4108,23163.65,41890.066
603115.SH,20200326,16.0271,16.0716,15.7154,15.7778,16.0538,-0.2759999999999998,-1.7192,14527.0,25928.371
603115.SH,20200325,16.2051,16.2764,15.9469,16.0538,15.8401,0.21369999999999933,1.3491,19217.65,34743.379
603115.SH,20200324,15.7778,16.0004,15.386,15.8401,15.5284,0.3117000000000001,2.0073,17640.65,31228.682
603115.SH,20200323,15.4394,16.0093,15.2791,15.5284,15.8401,-0.3117000000000001,-1.9678,20782.65,36539.137
603115.SH,20200320,15.6264,15.8935,15.4928,15.8401,15.4483,0.3917999999999999,2.5362,24077.65,42398.385
603115.SH,20200319,15.1901,15.5017,14.9141,15.4483,15.1901,0.25820000000000043,1.6998,17815.33,30395.629
603115.SH,20200318,15.5819,15.7689,15.1812,15.1901,15.3949,-0.20480000000000054,-1.3303,18609.0,32456.79
603115.SH,20200317,15.3593,15.7421,14.6915,15.3949,15.3058,0.08910000000000018,0.5821,24442.11,41705.559
603115.SH,20200316,16.2942,16.4366,15.0298,15.3058,16.125,-0.8192000000000004,-5.0803,26617.68,47277.552
603115.SH,20200313,15.7421,16.3476,15.5017,16.125,16.5524,-0.42739999999999867,-2.5821,27618.0,49200.803
603115.SH,20200312,16.7038,16.7394,16.4099,16.5524,16.9976,-0.4451999999999998,-2.6192,22330.44,41548.432
603115.SH,20200311,17.0955,17.6209,16.962,16.9976,17.149,-0.15140000000000242,-0.8829,30731.99,59726.563
603115.SH,20200310,16.3921,17.1579,16.0271,17.149,16.6682,0.4808000000000021,2.8845,39102.25,73229.421
603115.SH,20200309,17.4517,17.4517,16.6682,16.6682,17.701,-1.0328000000000017,-5.8347,39261.4,74989.987
603115.SH,20200306,17.6387,17.8969,17.4962,17.701,17.9859,-0.2849000000000004,-1.584,32943.0,65466.887
603115.SH,20200305,18.164,18.2085,17.8257,17.9859,17.8079,0.17800000000000082,0.9996,37914.51,76538.957
603115.SH,20200304,17.7188,17.9236,17.2825,17.8079,17.7544,0.05349999999999966,0.3013,34504.4,68395.182
603115.SH,20200303,17.8791,18.1818,17.4962,17.7544,17.4606,0.29380000000000095,1.6826,46340.3,93019.593
603115.SH,20200302,16.8729,17.6209,16.7839,17.4606,16.6414,0.8191999999999986,4.9227,49657.75,96000.145
603115.SH,20200228,17.701,17.701,16.6325,16.6414,18.4756,-1.8341999999999992,-9.9277,66977.0,129060.226
603115.SH,20200227,18.7161,19.0544,18.2085,18.4756,18.7606,-0.28500000000000014,-1.5191,58522.0,122102.215
603115.SH,20200226,19.6955,20.301,18.6181,18.7606,20.6215,-1.8609000000000009,-9.0241,114748.55,251767.468
603115.SH,20200225,19.4462,20.9064,19.2325,20.6215,19.1613,1.4602000000000004,7.6206,199382.19,451640.731
603115.SH,20200224,18.6893,19.1613,18.6893,19.1613,17.4161,1.7452000000000005,10.0206,59002.43,126036.849
603115.SH,20200221,17.2291,17.612,17.1935,17.4161,17.2647,0.15139999999999887,0.8769,40909.72,79983.269
603115.SH,20200220,17.1133,17.425,16.9442,17.2647,17.0243,0.24040000000000106,1.4121,38835.65,74999.511
603115.SH,20200219,16.9086,17.701,16.7394,17.0243,16.8551,0.16920000000000002,1.0039,55962.65,107814.821
603115.SH,20200218,16.4277,16.8997,16.3832,16.8551,16.4277,0.42739999999999867,2.6017,41927.38,78323.536
603115.SH,20200217,15.938,16.4723,15.938,16.4277,15.8401,0.5876000000000019,3.7096,33811.28,61949.701
603115.SH,20200214,15.8757,16.0716,15.751,15.8401,15.9024,-0.062300000000000466,-0.3918,22703.94,40575.231
603115.SH,20200213,16.1962,16.2853,15.849,15.9024,16.2853,-0.38289999999999935,-2.3512,33096.0,59470.376
603115.SH,20200212,16.036,16.5257,15.8579,16.2853,15.849,0.43629999999999924,2.7529,38834.78,70851.914
603115.SH,20200211,15.8312,16.0627,15.6353,15.849,15.7956,0.05339999999999989,0.3381,30352.51,54029.933
603115.SH,20200210,15.386,15.8045,15.2791,15.7956,15.5552,0.24040000000000106,1.5455,31879.37,55886.683
603115.SH,20200207,15.1901,15.6175,15.0476,15.5552,15.1456,0.4095999999999993,2.7044,35830.64,61755.981
603115.SH,20200206,14.8874,15.2613,14.7805,15.1456,14.8874,0.25820000000000043,1.7344,35961.39,60699.272
603115.SH,20200205,14.8072,15.3058,14.7805,14.8874,14.8072,0.0801999999999996,0.5416,32871.65,55510.092
603115.SH,20200204,14.1305,15.11,14.1305,14.8072,15.6976,-0.8903999999999996,-5.6722,40767.31,67401.977
603115.SH,20200203,15.6976,15.6976,15.6976,15.6976,17.4428,-1.7451999999999988,-10.0053,3495.0,6161.685
603115.SH,20200123,18.3065,18.4667,16.9175,17.4428,18.4044,-0.9616000000000007,-5.2248,34237.63,68388.837
603115.SH,20200122,18.6359,18.6804,17.8079,18.4044,18.627,-0.2225999999999999,-1.195,27365.0,56140.829
603115.SH,20200121,19.1167,19.366,18.6003,18.627,19.2058,-0.5788000000000011,-3.0137,30559.0,65179.84
603115.SH,20200120,18.8318,19.2325,18.6003,19.2058,18.8674,0.33840000000000003,1.7936,26162.73,55802.082
603115.SH,20200117,19.1345,19.188,18.8407,18.8674,19.09,-0.2225999999999999,-1.1661,23362.99,49818.525
603115.SH,20200116,19.2859,19.3393,18.9297,19.09,19.1613,-0.07130000000000081,-0.3721,28087.99,60215.819
603115.SH,20200115,19.2503,19.4017,18.9208,19.1613,19.3304,-0.16910000000000025,-0.8748,32495.97,69792.441
603115.SH,20200114,19.6599,19.6955,19.3304,19.3304,19.6332,-0.30279999999999774,-1.5423,41045.46,89855.0
603115.SH,20200113,19.2859,19.6688,19.1167,19.6332,19.4729,0.16029999999999944,0.8232,53199.93,116202.149
603115.SH,20200110,19.0455,19.927,18.7962,19.4729,18.8585,0.6143999999999998,3.2579,84373.78,185079.26
603115.SH,20200109,18.6982,19.0277,18.6982,18.8585,18.5291,0.3293999999999997,1.7777,28201.91,59705.618
603115.SH,20200108,19.001,19.188,18.5291,18.5291,19.277,-0.7479000000000013,-3.8798,53314.17,112861.825
603115.SH,20200107,19.09,19.4996,19.0366,19.277,19.1167,0.16029999999999944,0.8385,42762.23,92392.3
603115.SH,20200106,19.188,19.5352,18.8852,19.1167,19.2147,-0.09799999999999898,-0.51,49966.05,107649.194
603115.SH,20200103,18.8763,19.2948,18.725,19.2147,18.9297,0.28500000000000014,1.5056,53237.56,113955.281
603115.SH,20200102,18.44,18.9832,18.4311,18.9297,18.3866,0.543099999999999,2.9538,42983.98,90465.138
603115.SH,20191231,18.4222,18.627,18.2709,18.3866,18.5024,-0.11580000000000013,-0.6259,27410.54,56638.63
603115.SH,20191230,18.5914,18.6003,18.2085,18.5024,18.7339,-0.23149999999999693,-1.2357,37903.41,78465.838
603115.SH,20191227,18.3688,19.7489,18.2174,18.7339,18.3688,0.3650999999999982,1.9876,64015.21,134982.332
603115.SH,20191226,18.1373,18.3777,18.0839,18.3688,18.1373,0.23150000000000048,1.2764,29142.04,59699.169
603115.SH,20191225,18.1017,18.3599,17.9859,18.1373,18.0661,0.07120000000000104,0.3941,24764.04,50600.931
603115.SH,20191224,17.79,18.1195,17.79,18.0661,17.7544,0.3116999999999983,1.7556,22350.75,45012.158
603115.SH,20191223,18.7428,18.8318,17.6743,17.7544,18.7873,-1.032899999999998,-5.4979,44466.24,90704.336
603115.SH,20191220,18.9297,19.1167,18.7161,18.7873,19.0099,-0.2225999999999999,-1.171,32404.46,68751.866
603115.SH,20191219,19.2592,19.2592,18.8585,19.0099,19.3126,-0.3027000000000015,-1.5674,41098.05,87646.515
603115.SH,20191218,18.7873,19.4729,18.7428,19.3126,18.9119,0.4007000000000005,2.1188,62758.5,134797.344
603115.SH,20191217,19.0188,19.2948,18.725,18.9119,18.8318,0.08009999999999806,0.4253,54175.63,115468.124
603115.SH,20191216,18.4846,18.8585,18.3866,18.8318,18.3955,0.4363000000000028,2.3718,41459.18,87178.008
603115.SH,20191213,18.4846,18.6804,18.3154,18.3955,18.4044,-0.008900000000000574,-0.0484,29520.17,61144.324
603115.SH,20191212,18.253,18.903,18.1996,18.4044,18.3777,0.02669999999999817,0.1453,35017.23,72768.383
603115.SH,20191211,18.6982,18.9387,18.3777,18.3777,18.7873,-0.4095999999999975,-2.1802,37989.81,79354.741
603115.SH,20191210,18.262,18.8318,18.0839,18.7873,18.2441,0.5431999999999988,2.9774,50334.63,104571.686
603115.SH,20191209,18.2352,18.3777,18.0661,18.2441,18.3777,-0.13360000000000127,-0.727,30100.04,61450.42
603115.SH,20191206,18.2263,18.5202,18.1195,18.3777,18.1195,0.2582000000000022,1.425,37567.22,77421.543
603115.SH,20191205,17.8168,18.4133,17.8168,18.1195,17.7989,0.3205999999999989,1.8012,40420.5,82428.238
603115.SH,20191204,17.79,17.9592,17.6743,17.7989,17.9236,-0.1247000000000007,-0.6957,21883.44,43770.528
603115.SH,20191203,17.6298,17.9414,17.3538,17.9236,17.7455,0.1781000000000006,1.0036,30336.6,60089.272
603115.SH,20191202,18.0394,18.1996,17.6476,17.7455,17.9859,-0.24040000000000106,-1.3366,30857.3,61793.562
603115.SH,20191129,18.3154,18.4311,17.5496,17.9859,18.2352,-0.24929999999999808,-1.3671,37906.65,76079.907
603115.SH,20191128,19.0633,19.2681,18.1729,18.2352,19.0277,-0.7925000000000004,-4.165,41611.58,87372.611
603115.SH,20191127,18.7606,19.0455,18.4756,19.0277,19.0544,-0.026700000000001722,-0.1401,42870.76,90344.289
603115.SH,20191126,19.5708,19.5708,18.8763,19.0544,19.5797,-0.5252999999999979,-2.6829,53927.23,115889.608
603115.SH,20191125,18.6537,20.5057,18.6537,19.5797,18.6448,0.934899999999999,5.0143,88686.53,193430.486
603115.SH,20191122,19.4729,19.6421,18.4311,18.6448,19.4996,-0.8548000000000009,-4.3837,68368.27,145702.584
603115.SH,20191121,19.3393,19.5174,18.9297,19.4996,19.5797,-0.08009999999999806,-0.4091,68809.92,149007.653
603115.SH,20191120,20.0427,20.4434,19.5708,19.5797,19.5797,0.0,0.0,154079.65,345742.27
603115.SH,20191119,17.7455,19.5797,17.7277,19.5797,17.7989,1.7807999999999993,10.0051,56312.85,120898.63
603115.SH,20191118,17.4873,17.7989,17.1044,17.7989,17.6298,0.16910000000000025,0.9592,45669.13,89422.718
603115.SH,20191115,18.6448,18.6537,17.5764,17.6298,18.6537,-1.0239000000000011,-5.489,52522.02,107275.456
603115.SH,20191114,18.8585,18.8763,18.2798,18.6537,18.6537,0.0,0.0,45930.3,95815.053
603115.SH,20191113,18.7071,18.9921,18.44,18.6537,18.6982,-0.04449999999999932,-0.238,57614.97,120927.291
603115.SH,20191112,18.0661,18.7339,17.9414,18.6982,18.1551,0.543099999999999,2.9914,55017.95,114637.285
603115.SH,20191111,18.1551,18.6092,17.7188,18.1551,18.262,-0.10689999999999955,-0.5854,41961.21,85118.003
603115.SH,20191108,17.9681,18.5469,17.8702,18.262,17.9325,0.32949999999999946,1.8374,54871.16,112593.54
603115.SH,20191107,17.8435,18.1284,17.79,17.9325,18.0572,-0.1247000000000007,-0.6906,36334.59,73149.535
603115.SH,20191106,17.4962,18.164,17.4161,18.0572,17.5496,0.5076,2.8924,56895.78,114299.867
603115.SH,20191105,17.612,17.7811,17.3894,17.5496,17.6743,-0.12469999999999715,-0.7055,30762.9,60759.924
603115.SH,20191104,17.8079,17.8969,17.5764,17.6743,17.8346,-0.16029999999999944,-0.8988,28507.8,56775.643
603115.SH,20191101,17.7188,17.977,17.3805,17.8346,17.7633,0.07129999999999725,0.4014,30900.63,61681.075
603115.SH,20191031,17.6832,17.888,17.2825,17.7633,17.6654,0.09789999999999921,0.5542,40384.18,80062.369
603115.SH,20191030,18.0037,18.253,17.5229,17.6654,18.164,-0.4985999999999997,-2.745,37295.23,74920.127
603115.SH,20191029,19.2325,19.277,18.075,18.164,19.4017,-1.2377000000000002,-6.3793,65446.03,136676.949
603115.SH,20191028,19.1791,19.4551,19.0544,19.4017,19.1078,0.2939000000000007,1.5381,33370.61,72234.762
603115.SH,20191025,19.2236,19.3215,18.7962,19.1078,19.2147,-0.10689999999999955,-0.5563,37679.86,80899.511
603115.SH,20191024,19.8736,19.8736,19.1702,19.2147,19.829,-0.6143000000000001,-3.098,42715.01,93076.272
603115.SH,20191023,19.7222,19.9893,19.366,19.829,19.6955,0.1335000000000015,0.6778,47470.53,105284.879
603115.SH,20191022,19.7489,19.7756,19.1613,19.6955,19.7489,-0.05339999999999989,-0.2704,48554.07,106357.274
603115.SH,20191021,21.6187,21.6454,19.74,19.7489,21.9304,-2.1814999999999998,-9.9474,74576.63,168336.901
603115.SH,20191018,21.8591,22.1263,21.5297,21.9304,21.9304,0.0,0.0,51809.49,126590.47
603115.SH,20191017,20.6838,22.2954,20.4968,21.9304,20.8619,1.0685000000000002,5.1218,91755.27,224788.509
603115.SH,20191016,20.6927,21.0311,20.4256,20.8619,20.7105,0.15139999999999887,0.731,36085.39,84145.297
603115.SH,20191015,21.2982,21.3071,20.6838,20.7105,21.4674,-0.7569000000000017,-3.5258,39663.96,93139.258
603115.SH,20191014,21.2804,21.779,21.2804,21.4674,21.1824,0.28500000000000014,1.3455,40409.8,97905.512
603115.SH,20191011,21.3071,21.4585,20.9242,21.1824,21.316,-0.13359999999999772,-0.6268,38517.73,91873.609
603115.SH,20191010,21.04,21.4941,20.9509,21.316,21.129,0.1869999999999976,0.885,37146.51,88877.803
603115.SH,20191009,20.5503,21.129,20.3989,21.129,20.7461,0.3829000000000029,1.8456,32212.95,75488.815
603115.SH,20191008,21.0222,21.2448,20.5236,20.7461,20.8441,-0.09800000000000253,-0.4702,38600.85,90604.024
603115.SH,20190930,22.1352,22.3043,20.7551,20.8441,22.0995,-1.255399999999998,-5.6807,54668.29,131557.133
603115.SH,20190927,21.9927,22.34,21.4139,22.0995,21.8859,0.21359999999999957,0.976,45723.15,113148.088
603115.SH,20190926,22.803,22.9988,21.7345,21.8859,22.7139,-0.8279999999999994,-3.6453,71015.73,177742.227
603115.SH,20190925,23.7379,24.0406,22.5536,22.7139,24.0673,-1.3534000000000006,-5.6234,86063.52,225109.791
603115.SH,20190924,23.7557,24.2098,23.3817,24.0673,23.7379,0.3293999999999997,1.3877,78932.96,211272.55
603115.SH,20190923,24.5748,24.7529,23.3283,23.7379,24.9577,-1.2197999999999993,-4.8875,115939.1,310267.344
603115.SH,20190920,26.5248,27.1125,24.931,24.9577,26.7741,-1.8164000000000016,-6.7842,180007.03,523747.321
603115.SH,20190919,26.4447,27.1125,26.0885,26.7741,26.7118,0.062300000000000466,0.2332,137379.49,410871.615
603115.SH,20190918,25.8125,26.783,24.6372,26.7118,25.7145,0.9972999999999992,3.8784,177109.68,515140.426
603115.SH,20190917,25.7947,26.6762,25.4652,25.7145,25.9995,-0.28500000000000014,-1.0962,109386.11,318445.787
603115.SH,20190916,25.6789,26.0529,25.4029,25.9995,25.4652,0.5343000000000018,2.0982,103315.57,298733.081
603115.SH,20190912,25.581,26.2666,25.2872,25.4652,25.6344,-0.16920000000000002,-0.6601,101428.87,293432.774
603115.SH,20190911,26.6316,27.157,25.5988,25.6344,26.7118,-1.0774000000000008,-4.0334,138957.01,407985.305
603115.SH,20190910,26.0529,27.1392,25.6878,26.7118,26.3022,0.4096000000000011,1.5573,175672.34,520695.531
603115.SH,20190909,25.5097,27.6912,24.9844,26.3022,25.2872,1.0150000000000006,4.0139,224159.88,664088.885
603115.SH,20190906,24.0406,26.1152,23.7824,25.2872,24.4502,0.8369999999999997,3.4233,214771.9,603875.268
603115.SH,20190905,24.3433,26.4892,24.2454,24.4502,24.4591,-0.008900000000000574,-0.0364,232936.74,656534.525
603115.SH,20190904,24.3077,25.0913,23.6221,24.4591,24.5837,-0.12460000000000093,-0.5068,175338.68,478867.581
603115.SH,20190903,23.8358,25.1892,23.4084,24.5837,23.9783,0.6053999999999995,2.5248,212757.56,579391.182
603115.SH,20190902,23.1502,24.2899,22.8119,23.9783,23.8981,0.08020000000000138,0.3356,228931.12,609556.06
603115.SH,20190830,21.7434,23.8981,21.7256,23.8981,21.7256,2.1724999999999994,9.9997,150087.76,386716.304
603115.SH,20190829,22.705,23.3906,21.7256,21.7256,22.8386,-1.1129999999999995,-4.8733,148614.29,374624.487
603115.SH,20190828,22.705,23.2749,22.4824,22.8386,22.7941,0.04449999999999932,0.1952,141895.65,365052.706
603115.SH,20190827,22.3489,22.9454,21.9571,22.7941,22.1441,0.6499999999999986,2.9353,151891.05,383189.571
603115.SH,20190826,21.9482,22.4112,21.5831,22.1441,22.8742,-0.7300999999999966,-3.1918,148240.78,366101.813
603115.SH,20190823,24.2543,24.6015,22.8564,22.8742,24.0406,-1.166400000000003,-4.8518,197935.24,521454.946
603115.SH,20190822,23.5153,24.9132,23.3728,24.0406,23.7468,0.29380000000000095,1.2372,266471.48,725117.743
603115.SH,20190821,22.6605,24.1207,22.4379,23.7468,23.5954,0.15139999999999887,0.6417,235651.47,619988.319
603115.SH,20190820,25.4385,25.4385,23.4886,23.5954,23.1235,0.47190000000000154,2.0408,344021.94,934357.65
603115.SH,20190819,23.1235,23.1235,23.1235,23.1235,21.0222,2.1012999999999984,9.9956,5041.32,13092.308
603115.SH,20190816,21.0222,21.0222,21.0222,21.0222,19.1078,1.9144000000000005,10.0189,4604.7,10871.697
603115.SH,20190815,19.1078,19.1078,19.1078,19.1078,17.3716,1.7362000000000002,9.9945,4812.96,10328.612
603115.SH,20190814,17.3716,17.3716,17.3716,17.3716,15.7956,1.5760000000000005,9.9775,954.9,1863.01
603115.SH,20190813,15.7956,15.7956,15.7956,15.7956,14.362,1.4336000000000002,9.9819,570.36,1011.819
603115.SH,20190812,14.362,14.362,14.362,14.362,13.0532,1.3087999999999997,10.0267,404.23,652.023
603115.SH,20190809,13.0532,13.0532,13.0532,13.0532,9.0642,3.9890000000000008,44.0083,694.65,1018.357
