ts_code,trade_date,open,high,low,close,pre_close,change,pct_chg,vol,amount
603603.SH,20230317,5.38,5.45,5.3,5.35,5.35,0.0,0.0,55060.0,29573.181
603603.SH,20230316,5.29,5.43,5.28,5.35,5.33,0.019999999999999574,0.3752,65344.0,34965.096
603603.SH,20230315,5.18,5.34,5.18,5.33,5.16,0.16999999999999993,3.2946,66234.45,34861.52
603603.SH,20230314,5.25,5.25,5.09,5.16,5.26,-0.09999999999999964,-1.9011,69831.0,36113.161
603603.SH,20230313,5.44,5.44,5.19,5.26,5.4,-0.14000000000000057,-2.5926,97640.0,51759.205
603603.SH,20230310,5.45,5.58,5.36,5.4,5.36,0.040000000000000036,0.7463,113814.0,61965.149
603603.SH,20230309,5.37,5.57,5.28,5.36,5.36,0.0,0.0,121264.66,65639.093
603603.SH,20230308,5.2,5.44,5.18,5.36,5.21,0.15000000000000036,2.8791,103478.0,55394.089
603603.SH,20230307,5.16,5.35,5.14,5.21,5.17,0.040000000000000036,0.7737,90835.42,47649.586
603603.SH,20230306,5.21,5.23,5.12,5.17,5.2,-0.03000000000000025,-0.5769,59639.21,30751.29
603603.SH,20230303,5.08,5.28,5.08,5.2,5.08,0.1200000000000001,2.3622,79840.0,41512.751
603603.SH,20230302,5.19,5.21,5.06,5.08,5.2,-0.1200000000000001,-2.3077,68084.0,35008.391
603603.SH,20230301,5.18,5.23,5.16,5.2,5.2,0.0,0.0,61895.0,32179.148
603603.SH,20230228,5.09,5.23,5.06,5.2,5.1,0.10000000000000053,1.9608,87977.0,45318.592
603603.SH,20230227,5.12,5.19,5.08,5.1,5.11,-0.010000000000000675,-0.1957,59852.0,30671.464
603603.SH,20230224,5.0,5.19,4.97,5.11,5.01,0.10000000000000053,1.996,93983.0,47820.3
603603.SH,20230223,4.96,5.04,4.94,5.01,4.95,0.05999999999999961,1.2121,47187.91,23585.038
603603.SH,20230222,4.85,5.04,4.83,4.95,4.88,0.07000000000000028,1.4344,63681.46,31614.624
603603.SH,20230221,4.87,4.91,4.84,4.88,4.86,0.019999999999999574,0.4115,42428.0,20655.966
603603.SH,20230220,4.98,5.04,4.8,4.86,4.98,-0.1200000000000001,-2.4096,83439.0,40704.678
603603.SH,20230217,4.94,5.0,4.93,4.98,4.93,0.05000000000000071,1.0142,50655.46,25155.793
603603.SH,20230216,4.99,5.06,4.87,4.93,5.0,-0.07000000000000028,-1.4,91455.0,45480.11
603603.SH,20230215,5.07,5.11,5.0,5.0,5.08,-0.08000000000000007,-1.5748,72909.0,36853.199
603603.SH,20230214,5.13,5.13,5.07,5.08,5.15,-0.07000000000000028,-1.3592,57070.0,29073.111
603603.SH,20230213,5.06,5.18,5.06,5.15,5.06,0.09000000000000075,1.7787,86602.25,44385.348
603603.SH,20230210,5.07,5.08,5.03,5.06,5.09,-0.03000000000000025,-0.5894,67792.24,34202.758
603603.SH,20230209,5.06,5.13,5.03,5.09,5.06,0.03000000000000025,0.5929,47429.0,24120.159
603603.SH,20230208,5.13,5.14,5.03,5.06,5.12,-0.0600000000000005,-1.1719,54972.66,27894.851
603603.SH,20230207,5.1,5.15,5.09,5.12,5.12,0.0,0.0,49662.0,25401.044
603603.SH,20230206,5.12,5.16,5.05,5.12,5.15,-0.03000000000000025,-0.5825,47171.9,24094.585
603603.SH,20230203,5.12,5.17,5.1,5.15,5.14,0.010000000000000675,0.1946,64107.66,32917.933
603603.SH,20230202,5.2,5.24,5.09,5.14,5.26,-0.1200000000000001,-2.2814,130745.33,67302.878
603603.SH,20230201,5.22,5.32,5.18,5.26,5.26,0.0,0.0,144959.33,76000.217
603603.SH,20230131,5.26,5.33,5.26,5.26,5.54,-0.28000000000000025,-5.0542,89918.0,47329.686
603603.SH,20230130,5.5,5.63,5.45,5.54,5.47,0.07000000000000028,1.2797,79806.0,44113.028
603603.SH,20230120,5.45,5.48,5.38,5.47,5.42,0.04999999999999982,0.9225,58696.59,31880.772
603603.SH,20230119,5.29,5.5,5.26,5.42,5.26,0.16000000000000014,3.0418,82100.33,44396.735
603603.SH,20230118,5.25,5.32,5.24,5.26,5.28,-0.020000000000000462,-0.3788,36833.0,19417.306
603603.SH,20230117,5.2,5.31,5.11,5.28,5.23,0.04999999999999982,0.956,60510.0,31539.832
603603.SH,20230116,5.34,5.42,5.23,5.23,5.33,-0.09999999999999964,-1.8762,86429.0,45942.645
603603.SH,20230113,5.08,5.33,5.02,5.33,5.08,0.25,4.9213,107338.27,56045.305
603603.SH,20230112,5.11,5.18,5.05,5.08,5.14,-0.05999999999999961,-1.1673,36812.0,18833.218
603603.SH,20230111,5.15,5.26,5.1,5.14,5.11,0.02999999999999936,0.5871,64241.0,33281.446
603603.SH,20230110,5.15,5.24,5.09,5.11,5.15,-0.040000000000000036,-0.7767,56469.0,29125.872
603603.SH,20230109,5.2,5.27,5.14,5.15,5.29,-0.13999999999999968,-2.6465,85616.0,44397.202
603603.SH,20230106,5.15,5.39,5.08,5.29,5.18,0.11000000000000032,2.1236,120135.03,62965.305
603603.SH,20230105,5.14,5.28,5.05,5.18,5.09,0.08999999999999986,1.7682,72666.44,37731.597
603603.SH,20230104,5.17,5.19,5.03,5.09,4.99,0.09999999999999964,2.004,128038.0,65616.474
603603.SH,20230103,4.77,4.99,4.75,4.99,4.75,0.2400000000000002,5.0526,65723.34,32405.952
603603.SH,20221230,4.63,4.84,4.63,4.75,4.64,0.11000000000000032,2.3707,69316.0,32911.246
603603.SH,20221229,4.63,4.8,4.53,4.64,4.68,-0.040000000000000036,-0.8547,77844.0,36237.029
603603.SH,20221228,4.8,4.83,4.63,4.68,4.85,-0.16999999999999993,-3.5052,78610.0,37006.827
603603.SH,20221227,4.82,4.87,4.72,4.85,4.92,-0.07000000000000028,-1.4228,113324.71,54338.182
603603.SH,20221226,4.89,4.92,4.79,4.92,4.69,0.22999999999999954,4.9041,96159.1,47145.393
603603.SH,20221223,4.82,4.94,4.65,4.69,4.89,-0.1999999999999993,-4.09,126853.0,59584.637
603603.SH,20221222,5.08,5.14,4.81,4.89,5.03,-0.14000000000000057,-2.7833,87136.1,43064.591
603603.SH,20221221,4.95,5.07,4.8,5.03,4.98,0.04999999999999982,1.004,96504.0,47948.148
603603.SH,20221220,5.15,5.2,4.98,4.98,5.24,-0.2599999999999998,-4.9618,109412.0,55039.97
603603.SH,20221219,5.3,5.48,5.22,5.24,5.24,0.0,0.0,100968.0,53779.968
603603.SH,20221216,5.25,5.29,5.11,5.24,5.27,-0.02999999999999936,-0.5693,103106.46,53729.39
603603.SH,20221215,5.29,5.33,5.18,5.27,5.31,-0.040000000000000036,-0.7533,94333.0,49434.541
603603.SH,20221214,5.36,5.51,5.25,5.31,5.38,-0.07000000000000028,-1.3011,149778.0,80705.517
603603.SH,20221213,5.5,5.59,5.38,5.38,5.66,-0.28000000000000025,-4.947,194346.0,106470.997
603603.SH,20221212,6.26,6.26,5.66,5.66,5.96,-0.2999999999999998,-5.0336,319938.0,189245.132
603603.SH,20221209,5.83,5.96,5.75,5.96,5.68,0.28000000000000025,4.9296,106717.0,62741.548
603603.SH,20221208,5.63,5.8,5.48,5.68,5.62,0.05999999999999961,1.0676,170636.99,96400.303
603603.SH,20221207,5.76,5.98,5.6,5.62,5.83,-0.20999999999999996,-3.6021,204414.66,116772.457
603603.SH,20221206,5.63,5.85,5.55,5.83,5.62,0.20999999999999996,3.7367,192721.0,110324.415
603603.SH,20221205,5.4,5.69,5.31,5.62,5.43,0.1900000000000004,3.4991,217083.0,119890.666
603603.SH,20221202,5.24,5.47,5.21,5.43,5.21,0.21999999999999975,4.2226,162036.0,86741.882
603603.SH,20221201,5.15,5.38,5.15,5.21,5.17,0.040000000000000036,0.7737,133383.63,69865.211
603603.SH,20221130,5.12,5.25,5.05,5.17,5.2,-0.03000000000000025,-0.5769,137787.0,70923.878
603603.SH,20221129,5.22,5.36,5.18,5.2,5.38,-0.17999999999999972,-3.3457,210186.0,110189.747
603603.SH,20221128,5.15,5.38,5.1,5.38,5.12,0.2599999999999998,5.0781,129212.99,68212.208
603603.SH,20221125,5.01,5.27,4.96,5.12,5.07,0.04999999999999982,0.9862,132877.0,67603.467
603603.SH,20221124,4.91,5.21,4.9,5.07,5.06,0.010000000000000675,0.1976,118256.99,59748.311
603603.SH,20221123,5.3,5.3,4.99,5.06,5.25,-0.1900000000000004,-3.619,200685.99,102142.964
603603.SH,20221122,5.55,5.66,5.25,5.25,5.44,-0.1900000000000004,-3.4926,184797.99,100721.029
603603.SH,20221121,5.19,5.44,5.15,5.44,5.18,0.2600000000000007,5.0193,121334.0,64662.439
603603.SH,20221118,5.12,5.26,5.11,5.18,5.2,-0.020000000000000462,-0.3846,91389.1,47483.551
603603.SH,20221117,5.31,5.51,5.14,5.2,5.35,-0.14999999999999947,-2.8037,149714.0,79144.707
603603.SH,20221116,5.18,5.45,5.1,5.35,5.2,0.14999999999999947,2.8846,162058.34,85255.08
603603.SH,20221115,5.14,5.29,5.05,5.2,5.14,0.0600000000000005,1.1673,126384.0,65511.452
603603.SH,20221114,5.28,5.34,5.09,5.14,5.36,-0.22000000000000064,-4.1045,194067.99,100409.389
603603.SH,20221111,5.42,5.56,5.26,5.36,5.42,-0.05999999999999961,-1.107,197654.0,106929.511
603603.SH,20221110,5.65,5.83,5.42,5.42,5.7,-0.28000000000000025,-4.9123,254588.27,142115.294
603603.SH,20221109,5.49,5.7,5.33,5.7,5.43,0.27000000000000046,4.9724,327806.66,182524.615
603603.SH,20221108,5.43,5.43,5.42,5.43,5.17,0.2599999999999998,5.029,163772.0,88927.622
603603.SH,20221107,4.98,5.21,4.89,5.17,4.98,0.1899999999999995,3.8153,126541.99,64135.587
603603.SH,20221104,4.78,5.04,4.77,4.98,4.81,0.17000000000000082,3.5343,120005.0,59304.229
603603.SH,20221103,4.58,4.84,4.57,4.81,4.69,0.11999999999999922,2.5586,116604.84,54901.628
603603.SH,20221102,4.5,4.78,4.42,4.69,4.61,0.08000000000000007,1.7354,147933.27,68540.595
603603.SH,20221101,4.37,4.61,4.37,4.61,4.39,0.22000000000000064,5.0114,106329.0,48817.432
603603.SH,20221031,4.17,4.54,4.17,4.39,4.39,0.0,0.0,136260.0,58796.89
603603.SH,20221028,4.58,4.66,4.39,4.39,4.62,-0.23000000000000043,-4.9784,120026.0,53585.587
603603.SH,20221027,4.69,4.72,4.53,4.62,4.77,-0.14999999999999947,-3.1447,165869.27,75599.247
603603.SH,20221026,4.71,4.83,4.7,4.77,4.7,0.0699999999999994,1.4894,91102.99,43408.949
603603.SH,20221025,4.8,4.82,4.69,4.7,4.94,-0.2400000000000002,-4.8583,139723.0,65766.947
603603.SH,20221024,5.14,5.15,4.94,4.94,5.2,-0.2599999999999998,-5.0,128246.27,64342.868
603603.SH,20221021,4.98,5.2,4.96,5.2,4.95,0.25,5.0505,163191.27,83222.512
603603.SH,20221020,5.14,5.21,4.95,4.95,5.21,-0.2599999999999998,-4.9904,139437.0,69626.393
603603.SH,20221019,5.23,5.45,5.14,5.21,5.2,0.009999999999999787,0.1923,130818.03,69356.36
603603.SH,20221018,5.15,5.27,5.15,5.2,5.21,-0.009999999999999787,-0.1919,118957.63,61857.028
603603.SH,20221017,4.95,5.21,4.9,5.21,4.96,0.25,5.0403,201375.09,102685.945
603603.SH,20221014,4.95,4.96,4.91,4.96,4.72,0.2400000000000002,5.0847,61083.06,30266.399
603603.SH,20221013,4.9,5.02,4.72,4.72,4.97,-0.25,-5.0302,204592.06,98612.917
603603.SH,20221012,4.76,5.0,4.76,4.97,5.01,-0.040000000000000036,-0.7984,236368.63,113741.182
603603.SH,20221011,5.01,5.07,5.01,5.01,5.27,-0.2599999999999998,-4.9336,60745.0,30443.864
603603.SH,20221010,5.45,5.5,5.27,5.27,5.55,-0.28000000000000025,-5.045,66756.0,35432.012
603603.SH,20220930,5.32,5.7,5.32,5.55,5.43,0.1200000000000001,2.2099,120362.0,66230.399
603603.SH,20220929,5.75,5.8,5.43,5.43,5.72,-0.29000000000000004,-5.0699,177346.0,98681.842
603603.SH,20220928,5.56,5.72,5.51,5.72,5.45,0.2699999999999996,4.9541,102399.0,58213.03
603603.SH,20220927,5.3,5.58,5.3,5.45,5.5,-0.04999999999999982,-0.9091,167771.0,91206.792
603603.SH,20220926,5.56,5.71,5.5,5.5,5.79,-0.29000000000000004,-5.0086,151500.0,83867.246
603603.SH,20220923,6.01,6.12,5.79,5.79,6.09,-0.2999999999999998,-4.9261,208557.0,122060.559
603603.SH,20220922,5.93,6.15,5.84,6.09,6.02,0.07000000000000028,1.1628,201106.0,121000.963
603603.SH,20220921,6.25,6.26,6.02,6.02,6.34,-0.3200000000000003,-5.0473,189693.0,115071.298
603603.SH,20220920,6.28,6.53,6.23,6.34,6.44,-0.10000000000000053,-1.5528,170574.0,108292.372
603603.SH,20220919,6.57,6.66,6.44,6.44,6.78,-0.33999999999999986,-5.0147,132638.0,85820.402
603603.SH,20220916,6.98,7.03,6.78,6.78,7.14,-0.35999999999999943,-5.042,141466.0,96624.48
603603.SH,20220915,6.87,7.21,6.85,7.14,6.87,0.2699999999999996,3.9301,293213.61,208346.258
603603.SH,20220914,6.66,7.12,6.65,6.87,6.8,0.07000000000000028,1.0294,273577.37,188516.101
603603.SH,20220913,6.68,6.8,6.38,6.8,6.48,0.3199999999999994,4.9383,231168.03,153420.576
603603.SH,20220909,6.2,6.48,6.2,6.48,6.17,0.3100000000000005,5.0243,124638.0,80156.393
603603.SH,20220908,6.12,6.33,6.06,6.17,6.2,-0.03000000000000025,-0.4839,119583.0,74036.174
603603.SH,20220907,6.15,6.34,6.11,6.2,6.25,-0.04999999999999982,-0.8,122088.34,75755.215
603603.SH,20220906,6.07,6.38,5.96,6.25,6.09,0.16000000000000014,2.6273,163314.0,100859.163
603603.SH,20220905,5.97,6.16,5.86,6.09,6.16,-0.07000000000000028,-1.1364,164653.0,98579.635
603603.SH,20220902,6.47,6.5,6.16,6.16,6.48,-0.3200000000000003,-4.9383,216896.0,135092.118
603603.SH,20220901,6.33,6.65,6.19,6.48,6.33,0.15000000000000036,2.3697,325958.0,213622.654
603603.SH,20220831,6.1,6.33,6.08,6.33,6.03,0.2999999999999998,4.9751,184812.34,116486.505
603603.SH,20220830,5.97,6.22,5.91,6.03,6.03,0.0,0.0,192947.0,117183.644
603603.SH,20220829,6.25,6.35,6.03,6.03,6.35,-0.3199999999999994,-5.0394,258279.34,156970.611
603603.SH,20220826,6.58,6.74,6.34,6.35,6.67,-0.3200000000000003,-4.7976,247569.0,160952.074
603603.SH,20220825,6.32,6.79,6.23,6.67,6.47,0.20000000000000018,3.0912,283797.0,186209.298
603603.SH,20220824,6.3,6.6,6.19,6.47,6.37,0.09999999999999964,1.5699,271962.45,174567.841
603603.SH,20220823,6.6,6.63,6.36,6.37,6.69,-0.3200000000000003,-4.7833,311748.45,200402.159
603603.SH,20220822,6.42,6.85,6.39,6.69,6.53,0.16000000000000014,2.4502,271099.0,179742.651
603603.SH,20220819,6.61,6.79,6.53,6.53,6.87,-0.33999999999999986,-4.9491,318234.82,209026.774
603603.SH,20220818,7.11,7.11,6.87,6.87,7.23,-0.3600000000000003,-4.9793,270925.61,187251.475
603603.SH,20220817,7.23,7.23,7.23,7.23,6.89,0.34000000000000075,4.9347,29599.0,21400.077
603603.SH,20220816,6.54,6.89,6.5,6.89,6.56,0.33000000000000007,5.0305,378595.01,257729.175
603603.SH,20220815,6.8,6.87,6.56,6.56,6.91,-0.35000000000000053,-5.0651,340779.31,225526.697
603603.SH,20220812,6.85,7.2,6.8,6.91,7.16,-0.25,-3.4916,332853.34,231091.538
603603.SH,20220811,7.27,7.36,7.16,7.16,7.54,-0.3799999999999999,-5.0398,77830.0,56015.077
603603.SH,20220810,8.2,8.34,7.54,7.54,7.94,-0.40000000000000036,-5.0378,326262.45,254222.655
603603.SH,20220809,7.75,7.94,7.6,7.94,7.56,0.3800000000000008,5.0265,116123.0,90970.637
603603.SH,20220808,6.97,7.56,6.87,7.56,7.2,0.35999999999999943,5.0,247532.15,179928.551
603603.SH,20220805,7.4,7.56,7.2,7.2,7.58,-0.3799999999999999,-5.0132,333931.81,241774.128
603603.SH,20220804,7.98,8.12,7.58,7.58,7.98,-0.40000000000000036,-5.0125,372075.22,285618.12
603603.SH,20220803,7.98,8.74,7.98,7.98,8.4,-0.41999999999999993,-5.0,444414.0,364210.863
603603.SH,20220802,8.41,8.53,8.4,8.4,8.84,-0.4399999999999995,-4.9774,171827.0,144462.748
603603.SH,20220801,8.84,9.77,8.84,8.84,9.3,-0.46000000000000085,-4.9462,405450.0,369827.033
603603.SH,20220722,9.3,9.3,9.2,9.3,8.86,0.4400000000000013,4.9661,59295.0,55121.638
603603.SH,20220721,8.37,8.86,8.37,8.86,8.44,0.41999999999999993,4.9763,92486.0,80455.119
603603.SH,20220720,8.79,9.15,8.35,8.44,8.79,-0.34999999999999964,-3.9818,351044.7,303767.425
603603.SH,20220719,8.69,8.79,8.5,8.79,8.37,0.41999999999999993,5.0179,97045.35,84521.787
603603.SH,20220718,8.37,8.37,7.97,8.37,7.97,0.39999999999999947,5.0188,170234.63,141435.529
603603.SH,20220715,7.97,7.97,7.97,7.97,7.59,0.3799999999999999,5.0066,26317.7,20975.207
603603.SH,20220714,7.59,7.59,7.42,7.59,7.23,0.35999999999999943,4.9793,98596.63,74816.954
603603.SH,20220708,7.0,7.23,6.96,7.23,6.89,0.34000000000000075,4.9347,166259.35,119298.894
603603.SH,20220707,6.55,6.89,6.23,6.89,6.56,0.33000000000000007,5.0305,311497.81,201990.336
603603.SH,20220706,6.83,7.15,6.56,6.56,6.9,-0.34000000000000075,-4.9275,231727.0,156920.498
603603.SH,20220705,7.1,7.15,6.47,6.9,6.81,0.09000000000000075,1.3216,355271.35,239487.104
603603.SH,20220704,6.56,6.81,6.5,6.81,6.49,0.3199999999999994,4.9307,129470.82,87049.34
603603.SH,20220701,6.34,6.49,6.33,6.49,6.18,0.3100000000000005,5.0162,219188.0,141635.22
603603.SH,20220630,6.16,6.18,6.0,6.18,5.89,0.29000000000000004,4.9236,168389.0,103831.321
603603.SH,20220629,5.45,5.89,5.43,5.89,5.61,0.27999999999999936,4.9911,278086.02,159019.061
603603.SH,20220628,5.5,5.69,5.43,5.61,5.42,0.1900000000000004,3.5055,363757.22,203992.667
603603.SH,20220627,5.1,5.42,5.05,5.42,5.16,0.2599999999999998,5.0388,164753.46,87240.125
603603.SH,20220624,5.1,5.3,4.87,5.16,5.12,0.040000000000000036,0.7813,304136.46,152959.697
603603.SH,20220623,5.2,5.3,5.12,5.12,5.39,-0.2699999999999996,-5.0093,159845.0,82369.649
603603.SH,20220622,5.95,5.95,5.39,5.39,5.67,-0.28000000000000025,-4.9383,327959.2,186275.644
603603.SH,20220621,5.51,5.67,5.41,5.67,5.4,0.2699999999999996,5.0,179271.66,100308.591
603603.SH,20220620,5.89,5.96,5.4,5.4,5.68,-0.27999999999999936,-4.9296,360466.46,205865.722
603603.SH,20220617,5.6,5.68,5.5,5.68,5.41,0.2699999999999996,4.9908,181054.0,102285.663
603603.SH,20220616,5.02,5.41,5.0,5.41,5.15,0.2599999999999998,5.0485,243003.0,127614.59
603603.SH,20220615,5.13,5.22,4.94,5.15,4.97,0.1800000000000006,3.6217,297980.91,153749.393
603603.SH,20220614,4.9,4.97,4.8,4.97,4.73,0.23999999999999932,5.074,221344.0,109211.297
603603.SH,20220613,4.61,4.73,4.54,4.73,4.5,0.23000000000000043,5.1111,69039.91,32324.493
603603.SH,20220610,4.43,4.77,4.43,4.5,4.64,-0.13999999999999968,-3.0172,188311.0,85698.716
603603.SH,20220609,4.9,4.92,4.62,4.64,4.78,-0.14000000000000057,-2.9289,265166.0,126898.084
603603.SH,20220608,4.61,4.78,4.46,4.78,4.55,0.23000000000000043,5.0549,250391.0,117804.197
603603.SH,20220607,4.6,4.94,4.5,4.55,4.71,-0.16000000000000014,-3.397,281344.0,132359.514
603603.SH,20220606,4.65,4.76,4.43,4.71,4.53,0.17999999999999972,3.9735,327270.46,152669.614
603603.SH,20220602,4.53,4.53,4.47,4.53,4.31,0.22000000000000064,5.1044,51650.46,23372.451
603603.SH,20220601,4.18,4.31,4.18,4.31,4.1,0.20999999999999996,5.122,178533.0,76469.389
603603.SH,20220531,3.84,4.1,3.75,4.1,3.9,0.19999999999999973,5.1282,200571.46,78998.206
603603.SH,20220530,4.07,4.27,3.9,3.9,4.11,-0.2100000000000004,-5.1095,265359.0,107070.429
603603.SH,20220527,3.91,4.11,3.81,4.11,3.91,0.20000000000000018,5.1151,333103.35,134739.443
603603.SH,20220526,3.91,3.91,3.91,3.91,3.72,0.18999999999999995,5.1075,7570.0,2959.87
603603.SH,20220525,3.54,3.72,3.5,3.72,3.54,0.18000000000000016,5.0847,134433.35,49086.745
603603.SH,20220524,3.58,3.7,3.48,3.54,3.53,0.010000000000000231,0.2833,319237.39,114022.427
603603.SH,20220523,3.45,3.53,3.33,3.53,3.36,0.16999999999999993,5.0595,226014.11,78301.904
603603.SH,20220520,3.22,3.36,3.22,3.36,3.2,0.1599999999999997,5.0,78898.0,26116.998
603603.SH,20220519,3.03,3.24,3.02,3.2,3.1,0.10000000000000009,3.2258,174915.0,54853.09
603603.SH,20220518,3.08,3.18,3.02,3.1,3.08,0.020000000000000018,0.6494,169695.0,52570.019
603603.SH,20220517,3.01,3.12,2.88,3.08,3.02,0.06000000000000005,1.9868,269956.43,81552.208
603603.SH,20220516,2.86,3.02,2.86,3.02,2.88,0.14000000000000012,4.8611,231663.0,69117.978
603603.SH,20220513,2.93,2.94,2.73,2.88,2.81,0.06999999999999984,2.4911,325930.81,92542.083
603603.SH,20220512,2.75,2.81,2.71,2.81,2.68,0.1299999999999999,4.8507,94222.78,26139.561
603603.SH,20220511,2.67,2.81,2.67,2.68,2.81,-0.1299999999999999,-4.6263,438169.12,117737.672
603603.SH,20220510,2.81,2.81,2.81,2.81,2.96,-0.1499999999999999,-5.0676,3431.0,964.111
603603.SH,20220509,2.96,2.96,2.96,2.96,3.12,-0.16000000000000014,-5.1282,2807.0,830.872
603603.SH,20220506,3.12,3.12,3.12,3.12,3.28,-0.1599999999999997,-4.878,1172.0,365.664
603603.SH,20220429,3.15,3.32,3.15,3.28,3.15,0.1299999999999999,4.127,86380.0,28205.326
603603.SH,20220428,3.23,3.31,3.08,3.15,3.23,-0.08000000000000007,-2.4768,72987.99,23219.283
603603.SH,20220427,3.12,3.23,2.99,3.23,3.15,0.08000000000000007,2.5397,131345.05,40737.627
603603.SH,20220426,3.44,3.46,3.11,3.15,3.44,-0.29000000000000004,-8.4302,131172.0,42634.282
603603.SH,20220425,3.63,3.79,3.44,3.44,3.82,-0.3799999999999999,-9.9476,119524.0,42347.683
603603.SH,20220422,3.79,3.93,3.72,3.82,3.8,0.020000000000000018,0.5263,100097.0,38329.0
603603.SH,20220421,3.93,3.99,3.75,3.8,3.94,-0.14000000000000012,-3.5533,111811.54,43276.121
603603.SH,20220420,3.91,4.15,3.91,3.94,3.97,-0.03000000000000025,-0.7557,121481.0,48735.07
603603.SH,20220419,3.86,4.11,3.86,3.97,4.03,-0.06000000000000005,-1.4888,154830.39,61502.713
603603.SH,20220418,3.7,4.08,3.7,4.03,4.11,-0.08000000000000007,-1.9465,234681.0,90534.728
603603.SH,20220415,4.59,4.59,4.1,4.11,4.42,-0.3099999999999996,-7.0136,285210.0,123390.037
603603.SH,20220414,4.41,4.42,4.28,4.42,4.02,0.40000000000000036,9.9502,86538.0,38226.039
603603.SH,20220413,4.24,4.24,4.01,4.02,4.27,-0.25,-5.8548,80999.0,33161.632
603603.SH,20220412,4.25,4.29,4.08,4.27,4.33,-0.0600000000000005,-1.3857,95647.0,39984.201
603603.SH,20220411,4.42,4.47,4.23,4.33,4.52,-0.1899999999999995,-4.2035,92368.0,40119.434
603603.SH,20220408,4.51,4.59,4.36,4.52,4.48,0.03999999999999915,0.8929,86194.0,38490.459
603603.SH,20220407,4.66,4.66,4.48,4.48,4.68,-0.1999999999999993,-4.2735,95270.0,43455.188
603603.SH,20220406,4.44,4.74,4.43,4.68,4.44,0.23999999999999932,5.4054,138727.0,64533.911
603603.SH,20220401,4.46,4.53,4.4,4.44,4.53,-0.08999999999999986,-1.9868,86169.0,38278.291
603603.SH,20220331,4.5,4.66,4.46,4.53,4.49,0.040000000000000036,0.8909,97555.0,44626.045
603603.SH,20220330,4.47,4.51,4.44,4.49,4.44,0.04999999999999982,1.1261,73475.0,32825.473
603603.SH,20220329,4.55,4.6,4.43,4.44,4.55,-0.10999999999999943,-2.4176,81585.54,36549.445
603603.SH,20220328,4.65,4.65,4.52,4.55,4.63,-0.08000000000000007,-1.7279,65213.0,29868.928
603603.SH,20220325,4.67,4.7,4.61,4.63,4.65,-0.020000000000000462,-0.4301,58673.0,27301.517
603603.SH,20220324,4.77,4.77,4.65,4.65,4.77,-0.11999999999999922,-2.5157,62428.0,29290.205
603603.SH,20220323,4.78,4.84,4.74,4.77,4.81,-0.040000000000000036,-0.8316,68917.0,32946.219
603603.SH,20220322,4.79,4.85,4.75,4.81,4.89,-0.08000000000000007,-1.636,130649.54,62608.049
603603.SH,20220321,4.66,5.12,4.66,4.89,4.76,0.1299999999999999,2.7311,238768.54,116145.129
603603.SH,20220318,4.56,4.86,4.52,4.76,4.56,0.20000000000000018,4.386,134353.0,63512.064
603603.SH,20220317,4.54,4.67,4.52,4.56,4.5,0.05999999999999961,1.3333,72912.76,33422.11
603603.SH,20220316,4.47,4.51,4.32,4.5,4.37,0.1299999999999999,2.9748,81320.0,36044.67
603603.SH,20220315,4.69,4.72,4.36,4.37,4.69,-0.3200000000000003,-6.823,89371.0,40478.197
603603.SH,20220314,4.88,4.89,4.68,4.69,4.92,-0.22999999999999954,-4.6748,79509.0,38043.123
603603.SH,20220311,4.85,4.92,4.7,4.92,4.87,0.04999999999999982,1.0267,78704.33,37697.916
603603.SH,20220310,4.88,5.02,4.84,4.87,4.83,0.040000000000000036,0.8282,98285.33,48265.976
603603.SH,20220309,4.85,4.94,4.58,4.83,4.87,-0.040000000000000036,-0.8214,103210.0,49571.407
603603.SH,20220308,5.07,5.1,4.81,4.87,5.08,-0.20999999999999996,-4.1339,97544.33,48192.992
603603.SH,20220307,5.1,5.18,5.03,5.08,5.08,0.0,0.0,77420.76,39500.264
603603.SH,20220304,5.23,5.24,5.07,5.08,5.24,-0.16000000000000014,-3.0534,100458.0,51473.67
603603.SH,20220303,5.31,5.34,5.19,5.24,5.24,0.0,0.0,106672.0,56168.939
603603.SH,20220302,5.21,5.33,5.14,5.24,5.21,0.03000000000000025,0.5758,101437.0,52976.454
603603.SH,20220301,5.19,5.23,5.13,5.21,5.17,0.040000000000000036,0.7737,94231.76,48763.684
603603.SH,20220228,5.21,5.24,4.99,5.17,5.19,-0.020000000000000462,-0.3854,112221.0,57457.421
603603.SH,20220225,5.19,5.26,5.09,5.19,5.19,0.0,0.0,116053.33,60050.205
603603.SH,20220224,5.36,5.44,5.08,5.19,5.4,-0.20999999999999996,-3.8889,193834.0,102092.864
603603.SH,20220223,5.39,5.45,5.3,5.4,5.36,0.040000000000000036,0.7463,165738.0,89000.907
603603.SH,20220222,5.49,5.59,5.34,5.36,5.6,-0.23999999999999932,-4.2857,223871.83,121763.614
603603.SH,20220221,5.51,5.72,5.43,5.6,5.81,-0.20999999999999996,-3.6145,337740.7,188938.554
603603.SH,20220218,6.0,6.15,5.56,5.81,5.59,0.21999999999999975,3.9356,531579.0,311968.651
603603.SH,20220217,5.12,5.59,5.12,5.59,5.08,0.5099999999999998,10.0394,90499.0,49661.068
603603.SH,20220216,4.95,5.11,4.95,5.08,4.96,0.1200000000000001,2.4194,77472.0,39145.489
603603.SH,20220215,5.05,5.05,4.91,4.96,5.03,-0.07000000000000028,-1.3917,54694.0,27172.608
603603.SH,20220214,5.01,5.12,4.97,5.03,5.05,-0.019999999999999574,-0.396,61333.0,30962.213
603603.SH,20220211,5.07,5.26,5.01,5.05,5.17,-0.1200000000000001,-2.3211,102957.0,52363.917
603603.SH,20220210,5.32,5.49,5.09,5.17,5.2,-0.03000000000000025,-0.5769,141458.0,74384.437
603603.SH,20220209,5.09,5.25,5.09,5.2,5.1,0.10000000000000053,1.9608,84186.76,43621.602
603603.SH,20220208,4.85,5.14,4.8,5.1,4.83,0.2699999999999996,5.5901,132886.0,66775.143
603603.SH,20220207,4.66,5.0,4.66,4.83,5.18,-0.34999999999999964,-6.7568,169971.0,81172.997
603603.SH,20220128,4.95,5.22,4.95,5.18,4.93,0.25,5.071,81683.0,41654.554
603603.SH,20220127,5.13,5.18,4.92,4.93,5.13,-0.20000000000000018,-3.8986,70502.76,35354.866
603603.SH,20220126,5.04,5.22,5.04,5.13,5.09,0.040000000000000036,0.7859,57128.0,29402.327
603603.SH,20220125,5.28,5.38,5.07,5.09,5.28,-0.1900000000000004,-3.5985,91204.0,47424.769
603603.SH,20220124,5.26,5.35,5.2,5.28,5.32,-0.040000000000000036,-0.7519,57702.0,30483.924
603603.SH,20220121,5.34,5.39,5.25,5.32,5.32,0.0,0.0,83594.0,44472.659
603603.SH,20220120,5.62,5.66,5.3,5.32,5.62,-0.2999999999999998,-5.3381,142570.0,77292.236
603603.SH,20220119,5.57,5.73,5.5,5.62,5.63,-0.009999999999999787,-0.1776,102863.0,57906.054
603603.SH,20220118,6.0,6.04,5.57,5.63,6.07,-0.4400000000000004,-7.2488,272295.0,155656.619
603603.SH,20220117,6.3,6.4,6.06,6.07,6.35,-0.27999999999999936,-4.4094,163696.0,101364.741
603603.SH,20220114,6.61,6.69,6.32,6.35,6.69,-0.34000000000000075,-5.0822,145161.0,93676.461
603603.SH,20220113,6.82,6.87,6.64,6.69,6.87,-0.17999999999999972,-2.6201,133388.0,89955.015
603603.SH,20220112,6.78,7.12,6.72,6.87,6.83,0.040000000000000036,0.5857,163908.0,113383.824
603603.SH,20220111,7.04,7.19,6.77,6.83,6.97,-0.13999999999999968,-2.0086,166788.0,115286.913
603603.SH,20220110,6.91,7.07,6.28,6.97,6.98,-0.010000000000000675,-0.1433,226074.0,151217.719
603603.SH,20220107,7.03,7.2,6.92,6.98,7.1,-0.11999999999999922,-1.6901,190820.0,134264.054
603603.SH,20220106,6.76,7.46,6.67,7.1,6.78,0.3199999999999994,4.7198,311342.0,223522.406
603603.SH,20220105,7.02,7.16,6.72,6.78,7.01,-0.22999999999999954,-3.281,106488.0,73208.505
603603.SH,20220104,6.7,7.07,6.65,7.01,6.72,0.29000000000000004,4.3155,110040.0,76024.89
603603.SH,20211231,6.65,6.81,6.65,6.72,6.68,0.040000000000000036,0.5988,51169.0,34518.293
603603.SH,20211230,6.72,6.81,6.66,6.68,6.75,-0.07000000000000028,-1.037,53770.0,36090.486
603603.SH,20211229,6.8,6.87,6.65,6.75,6.82,-0.07000000000000028,-1.0264,53859.0,36434.65
603603.SH,20211228,6.72,6.86,6.57,6.82,6.75,0.07000000000000028,1.037,75122.0,50397.955
603603.SH,20211227,6.64,6.8,6.56,6.75,6.66,0.08999999999999986,1.3514,59513.0,39930.578
603603.SH,20211224,6.81,6.97,6.64,6.66,6.86,-0.20000000000000018,-2.9155,91596.0,61801.255
603603.SH,20211223,7.1,7.1,6.85,6.86,7.09,-0.22999999999999954,-3.244,103132.0,71538.709
603603.SH,20211222,7.28,7.34,7.06,7.09,7.32,-0.23000000000000043,-3.1421,107060.0,76347.936
603603.SH,20211221,7.1,7.48,7.05,7.32,7.09,0.23000000000000043,3.244,136441.0,99536.054
603603.SH,20211220,7.2,7.29,7.04,7.09,7.22,-0.1299999999999999,-1.8006,85735.0,61429.803
603603.SH,20211217,7.13,7.32,7.04,7.22,7.15,0.0699999999999994,0.979,130360.0,93629.583
603603.SH,20211216,7.08,7.44,7.06,7.15,7.06,0.09000000000000075,1.2748,143063.76,103149.227
603603.SH,20211215,6.71,7.18,6.7,7.06,6.76,0.2999999999999998,4.4379,153889.0,107226.961
603603.SH,20211214,6.68,6.85,6.54,6.76,6.71,0.04999999999999982,0.7452,82839.0,55380.711
603603.SH,20211213,6.84,6.9,6.69,6.71,6.85,-0.13999999999999968,-2.0438,61115.0,41194.414
603603.SH,20211210,6.87,6.95,6.75,6.85,6.87,-0.020000000000000462,-0.2911,68361.0,46728.646
603603.SH,20211209,6.8,6.88,6.72,6.87,6.8,0.07000000000000028,1.0294,70597.0,48197.894
603603.SH,20211208,6.69,6.99,6.65,6.8,6.75,0.04999999999999982,0.7407,71077.0,48690.577
603603.SH,20211207,6.84,6.86,6.56,6.75,6.84,-0.08999999999999986,-1.3158,85963.0,57575.931
603603.SH,20211206,6.68,6.87,6.48,6.84,6.68,0.16000000000000014,2.3952,142810.0,94929.505
603603.SH,20211203,6.65,6.85,6.64,6.68,6.7,-0.020000000000000462,-0.2985,97403.0,65480.652
603603.SH,20211202,7.04,7.25,6.65,6.7,6.98,-0.28000000000000025,-4.0115,162566.0,112810.131
603603.SH,20211201,6.92,7.03,6.86,6.98,6.95,0.03000000000000025,0.4317,102225.0,71025.015
603603.SH,20211130,7.3,7.4,6.95,6.95,7.28,-0.33000000000000007,-4.533,191983.49,136112.791
603603.SH,20211129,7.0,7.45,6.9,7.28,7.22,0.0600000000000005,0.831,162004.0,117253.524
603603.SH,20211126,7.13,7.59,7.02,7.22,7.26,-0.040000000000000036,-0.551,226987.0,167316.433
603603.SH,20211125,7.01,7.48,7.01,7.26,6.98,0.27999999999999936,4.0115,231530.0,167964.089
603603.SH,20211124,6.96,7.12,6.79,6.98,6.94,0.040000000000000036,0.5764,115332.0,79827.97
603603.SH,20211123,7.05,7.08,6.9,6.94,7.1,-0.15999999999999925,-2.2535,106450.0,74103.098
603603.SH,20211122,6.99,7.25,6.78,7.1,6.99,0.10999999999999943,1.5737,180621.0,126635.745
603603.SH,20211119,6.92,7.25,6.85,6.99,7.03,-0.040000000000000036,-0.569,139125.0,97900.849
603603.SH,20211118,7.3,7.35,6.94,7.03,7.41,-0.3799999999999999,-5.1282,220143.0,156071.035
603603.SH,20211117,7.36,7.56,7.13,7.41,7.21,0.20000000000000018,2.7739,255123.0,186976.978
603603.SH,20211116,7.45,8.0,7.15,7.21,7.4,-0.1900000000000004,-2.5676,381202.95,286951.032
603603.SH,20211115,6.61,7.4,6.6,7.4,6.73,0.6699999999999999,9.9554,235313.46,165468.046
603603.SH,20211112,7.32,7.6,6.57,6.73,6.95,-0.21999999999999975,-3.1655,400503.49,281328.756
603603.SH,20211111,6.48,6.95,6.47,6.95,6.32,0.6299999999999999,9.9684,100075.0,68533.73
603603.SH,20211110,6.3,6.35,6.12,6.32,6.26,0.0600000000000005,0.9585,173251.95,108142.05
603603.SH,20211109,6.22,6.38,6.09,6.26,6.19,0.0699999999999994,1.1309,280754.56,175065.355
603603.SH,20211108,5.63,6.19,5.63,6.19,5.63,0.5600000000000005,9.9467,105395.0,64211.228
603603.SH,20211105,5.84,5.85,5.62,5.63,5.87,-0.2400000000000002,-4.0886,83685.0,47646.871
603603.SH,20211104,5.89,5.92,5.73,5.87,5.85,0.020000000000000462,0.3419,76061.0,44166.817
603603.SH,20211103,5.73,5.93,5.57,5.85,5.73,0.11999999999999922,2.0942,119653.0,68889.893
603603.SH,20211102,5.84,5.84,5.57,5.73,5.84,-0.10999999999999943,-1.8836,112883.0,64361.116
603603.SH,20211101,6.12,6.12,5.6,5.84,6.13,-0.29000000000000004,-4.7308,144067.0,83501.484
603603.SH,20211029,6.2,6.25,5.99,6.13,6.12,0.009999999999999787,0.1634,120219.96,73589.479
603603.SH,20211028,6.26,6.27,6.02,6.12,6.33,-0.20999999999999996,-3.3175,110003.56,67382.684
603603.SH,20211027,6.2,6.44,6.1,6.33,6.29,0.040000000000000036,0.6359,192685.0,120700.292
603603.SH,20211026,6.1,6.36,5.96,6.29,6.11,0.17999999999999972,2.946,244665.49,151815.712
603603.SH,20211025,5.5,6.11,5.4,6.11,5.55,0.5600000000000005,10.0901,166199.11,98130.516
603603.SH,20211022,5.73,5.79,5.55,5.55,5.73,-0.1800000000000006,-3.1414,75390.0,42301.279
603603.SH,20211021,6.01,6.01,5.73,5.73,5.97,-0.23999999999999932,-4.0201,83660.0,48838.541
603603.SH,20211020,5.77,6.3,5.69,5.97,5.78,0.1899999999999995,3.2872,115085.0,68892.341
603603.SH,20211019,5.88,6.03,5.74,5.78,5.89,-0.10999999999999943,-1.8676,88305.0,51624.137
603603.SH,20211018,5.54,5.97,5.5,5.89,5.49,0.39999999999999947,7.286,115794.0,66748.414
603603.SH,20211015,5.64,5.65,5.48,5.49,5.64,-0.14999999999999947,-2.6596,61690.0,34214.763
603603.SH,20211014,5.76,5.76,5.46,5.64,5.69,-0.05000000000000071,-0.8787,85941.0,48090.879
603603.SH,20211013,5.85,5.96,5.55,5.69,5.91,-0.21999999999999975,-3.7225,84595.0,48291.42
603603.SH,20211012,6.05,6.08,5.73,5.91,5.99,-0.08000000000000007,-1.3356,100944.0,59209.609
603603.SH,20211011,6.16,6.16,5.71,5.99,6.32,-0.33000000000000007,-5.2215,158337.0,93786.304
603603.SH,20211008,6.28,6.41,6.15,6.32,6.18,0.14000000000000057,2.2654,190203.0,119239.996
603603.SH,20210930,6.34,6.34,6.03,6.18,6.31,-0.1299999999999999,-2.0602,268112.0,165856.307
603603.SH,20210929,5.66,6.31,5.66,6.31,5.74,0.5699999999999994,9.9303,192863.12,118643.573
603603.SH,20210928,5.47,5.82,5.46,5.74,5.52,0.22000000000000064,3.9855,103065.0,58454.966
603603.SH,20210927,5.8,5.8,5.4,5.52,5.8,-0.28000000000000025,-4.8276,116903.0,64821.285
603603.SH,20210924,6.07,6.07,5.8,5.8,6.16,-0.3600000000000003,-5.8442,118270.83,69608.873
603603.SH,20210923,5.83,6.18,5.74,6.16,5.85,0.3100000000000005,5.2991,184980.49,110837.44
603603.SH,20210922,6.0,6.1,5.75,5.85,6.22,-0.3700000000000001,-5.9486,157213.12,92299.172
603603.SH,20210917,6.06,6.36,5.91,6.22,6.05,0.16999999999999993,2.8099,271358.24,166269.486
603603.SH,20210916,5.86,6.07,5.75,6.05,5.84,0.20999999999999996,3.5959,223988.71,132291.54
603603.SH,20210915,5.77,5.98,5.66,5.84,5.88,-0.040000000000000036,-0.6803,176316.89,102469.826
603603.SH,20210914,5.82,6.17,5.6,5.88,5.73,0.14999999999999947,2.6178,356592.44,208388.085
603603.SH,20210913,5.28,5.73,5.25,5.73,5.21,0.5200000000000005,9.9808,189981.97,107919.149
603603.SH,20210910,5.39,5.39,5.2,5.21,5.4,-0.1900000000000004,-3.5185,86872.57,45832.748
603603.SH,20210909,5.31,5.62,5.3,5.4,5.2,0.20000000000000018,3.8462,155325.55,84099.986
603603.SH,20210908,5.1,5.2,5.07,5.2,5.09,0.11000000000000032,2.1611,84688.0,43584.881
603603.SH,20210907,5.09,5.11,5.04,5.09,5.08,0.009999999999999787,0.1969,51853.0,26283.271
603603.SH,20210906,5.05,5.22,5.02,5.08,5.04,0.040000000000000036,0.7937,56810.8,28856.402
603603.SH,20210903,5.16,5.16,5.01,5.04,5.17,-0.1299999999999999,-2.5145,91692.8,46467.847
603603.SH,20210902,5.13,5.29,5.04,5.17,5.22,-0.04999999999999982,-0.9579,128487.79,66192.482
603603.SH,20210901,5.12,5.35,5.1,5.22,4.93,0.29000000000000004,5.8824,220954.3,114830.701
603603.SH,20210831,4.53,4.93,4.53,4.93,4.48,0.4499999999999993,10.0446,84330.0,40691.567
603603.SH,20210830,4.56,4.62,4.43,4.48,4.64,-0.15999999999999925,-3.4483,76118.0,34317.919
603603.SH,20210827,5.14,5.14,4.63,4.64,5.14,-0.5,-9.7276,157191.0,74879.088
603603.SH,20210826,5.12,5.17,5.06,5.14,5.12,0.019999999999999574,0.3906,48507.0,24800.893
603603.SH,20210825,5.17,5.17,5.07,5.12,5.13,-0.009999999999999787,-0.1949,31580.0,16182.236
603603.SH,20210824,5.15,5.2,5.1,5.13,5.15,-0.020000000000000462,-0.3883,33326.0,17142.908
603603.SH,20210823,5.12,5.21,5.08,5.15,5.1,0.05000000000000071,0.9804,32520.0,16780.59
603603.SH,20210820,5.05,5.15,5.01,5.1,5.09,0.009999999999999787,0.1965,34352.0,17458.199
603603.SH,20210819,5.15,5.19,5.05,5.09,5.15,-0.0600000000000005,-1.165,41702.0,21290.004
603603.SH,20210818,5.25,5.27,5.11,5.15,5.25,-0.09999999999999964,-1.9048,43525.0,22477.795
603603.SH,20210817,5.21,5.35,5.2,5.25,5.25,0.0,0.0,73331.0,38688.753
603603.SH,20210816,5.16,5.25,5.15,5.25,5.16,0.08999999999999986,1.7442,43804.0,22807.351
603603.SH,20210813,5.12,5.19,5.11,5.16,5.12,0.040000000000000036,0.7813,30454.8,15680.696
603603.SH,20210812,5.19,5.19,5.12,5.12,5.19,-0.07000000000000028,-1.3487,35719.8,18390.879
603603.SH,20210811,5.18,5.22,5.14,5.19,5.18,0.010000000000000675,0.1931,29123.0,15107.69
603603.SH,20210810,5.11,5.23,5.09,5.18,5.11,0.0699999999999994,1.3699,35390.0,18298.727
603603.SH,20210809,5.09,5.19,5.08,5.11,5.1,0.010000000000000675,0.1961,31588.0,16173.212
603603.SH,20210806,5.17,5.17,5.02,5.1,5.11,-0.010000000000000675,-0.1957,28921.0,14678.963
603603.SH,20210805,5.19,5.21,5.08,5.11,5.18,-0.0699999999999994,-1.3514,37573.0,19306.79
603603.SH,20210804,5.22,5.27,5.16,5.18,5.26,-0.08000000000000007,-1.5209,37725.0,19594.991
603603.SH,20210803,5.24,5.32,5.2,5.26,5.24,0.019999999999999574,0.3817,35003.0,18442.237
603603.SH,20210802,5.32,5.33,5.13,5.24,5.18,0.0600000000000005,1.1583,42630.0,22348.936
603603.SH,20210730,5.14,5.22,5.09,5.18,5.12,0.05999999999999961,1.1719,36118.0,18666.554
603603.SH,20210729,5.03,5.15,5.03,5.12,5.02,0.10000000000000053,1.992,31194.5,15966.011
603603.SH,20210728,5.27,5.27,5.0,5.02,5.31,-0.29000000000000004,-5.4614,61366.0,31180.093
603603.SH,20210727,5.54,5.57,5.3,5.31,5.52,-0.20999999999999996,-3.8043,58570.0,31583.703
603603.SH,20210726,5.62,5.72,5.35,5.52,5.65,-0.13000000000000078,-2.3009,80886.0,44576.052
603603.SH,20210723,5.8,5.81,5.63,5.65,5.82,-0.16999999999999993,-2.921,84868.0,48353.092
603603.SH,20210722,5.58,5.95,5.5,5.82,5.57,0.25,4.4883,141763.0,81948.731
603603.SH,20210721,5.33,5.63,5.33,5.57,5.32,0.25,4.6992,78480.0,43465.401
603603.SH,20210720,5.36,5.41,5.28,5.32,5.36,-0.040000000000000036,-0.7463,36346.0,19396.429
603603.SH,20210719,5.44,5.44,5.31,5.36,5.49,-0.1299999999999999,-2.3679,51547.0,27679.526
603603.SH,20210716,5.58,5.63,5.49,5.49,5.5,-0.009999999999999787,-0.1818,47654.0,26486.98
603603.SH,20210715,5.55,5.63,5.47,5.5,5.56,-0.05999999999999961,-1.0791,58803.0,32524.817
603603.SH,20210714,5.78,5.78,5.55,5.56,5.74,-0.1800000000000006,-3.1359,85182.0,47876.323
603603.SH,20210713,5.85,5.89,5.68,5.74,5.76,-0.019999999999999574,-0.3472,121025.0,69803.584
603603.SH,20210712,5.75,5.85,5.56,5.76,5.65,0.10999999999999943,1.9469,121343.0,68777.343
603603.SH,20210709,5.37,5.65,5.27,5.65,5.43,0.22000000000000064,4.0516,103334.0,57048.435
603603.SH,20210708,5.47,5.61,5.4,5.43,5.47,-0.040000000000000036,-0.7313,64861.82,35631.265
603603.SH,20210707,5.32,5.55,5.27,5.47,5.33,0.13999999999999968,2.6266,63732.0,34528.242
603603.SH,20210706,5.31,5.39,5.23,5.33,5.34,-0.009999999999999787,-0.1873,38072.82,20161.299
603603.SH,20210705,5.12,5.39,5.11,5.34,5.15,0.1899999999999995,3.6893,55008.0,29156.604
603603.SH,20210702,5.12,5.22,5.1,5.15,5.11,0.040000000000000036,0.7828,39886.0,20576.124
603603.SH,20210701,5.24,5.25,5.11,5.11,5.22,-0.10999999999999943,-2.1073,38997.0,20215.05
603603.SH,20210630,5.28,5.31,5.21,5.22,5.29,-0.07000000000000028,-1.3233,34405.0,18068.832
603603.SH,20210629,5.35,5.44,5.27,5.29,5.39,-0.09999999999999964,-1.8553,41205.0,21986.38
603603.SH,20210628,5.3,5.42,5.3,5.39,5.34,0.04999999999999982,0.9363,38206.0,20516.578
603603.SH,20210625,5.38,5.43,5.3,5.34,5.39,-0.04999999999999982,-0.9276,50993.0,27269.721
603603.SH,20210624,5.53,5.55,5.35,5.39,5.51,-0.1200000000000001,-2.1779,52569.0,28494.2
603603.SH,20210623,5.48,5.61,5.43,5.51,5.51,0.0,0.0,59149.0,32744.828
603603.SH,20210622,5.61,5.61,5.46,5.51,5.61,-0.10000000000000053,-1.7825,75551.0,41725.262
603603.SH,20210621,5.55,5.68,5.52,5.61,5.52,0.09000000000000075,1.6304,48207.0,27037.714
603603.SH,20210618,5.45,5.55,5.36,5.52,5.5,0.019999999999999574,0.3636,56961.0,31151.868
603603.SH,20210617,5.46,5.56,5.41,5.5,5.48,0.019999999999999574,0.365,57928.0,31865.369
603603.SH,20210616,5.6,5.64,5.46,5.48,5.6,-0.11999999999999922,-2.1429,76223.0,42180.559
603603.SH,20210615,6.09,6.12,5.57,5.6,6.09,-0.4900000000000002,-8.046,131807.82,76273.271
603603.SH,20210611,5.94,6.2,5.9,6.09,5.99,0.09999999999999964,1.6694,121178.95,73868.454
603603.SH,20210610,6.1,6.2,5.95,5.99,6.14,-0.14999999999999947,-2.443,125508.61,75705.925
603603.SH,20210609,6.29,6.35,6.1,6.14,6.39,-0.25,-3.9124,190648.65,117630.599
603603.SH,20210608,7.33,7.33,6.3,6.39,6.66,-0.27000000000000046,-4.0541,365677.53,248216.252
603603.SH,20210607,6.66,6.66,6.66,6.66,6.05,0.6100000000000003,10.0826,32651.0,21745.566
603603.SH,20210531,5.89,6.16,5.86,6.05,5.79,0.2599999999999998,4.4905,169133.0,101531.543
603603.SH,20210528,5.82,5.95,5.73,5.79,5.82,-0.03000000000000025,-0.5155,107746.0,62746.667
603603.SH,20210527,5.79,5.96,5.74,5.82,5.8,0.020000000000000462,0.3448,117068.92,68587.243
603603.SH,20210526,5.62,5.84,5.58,5.8,5.63,0.16999999999999993,3.0195,105859.0,60607.631
603603.SH,20210525,5.65,5.72,5.55,5.63,5.73,-0.10000000000000053,-1.7452,97615.0,54828.383
603603.SH,20210524,5.83,5.99,5.72,5.73,5.76,-0.02999999999999936,-0.5208,115210.0,67257.989
603603.SH,20210521,5.82,5.84,5.69,5.76,5.88,-0.1200000000000001,-2.0408,109355.0,62934.477
603603.SH,20210520,5.67,5.94,5.61,5.88,5.78,0.09999999999999964,1.7301,160723.03,93223.337
603603.SH,20210519,5.7,5.93,5.65,5.78,5.87,-0.08999999999999986,-1.5332,150004.0,86774.481
603603.SH,20210518,5.77,5.98,5.58,5.87,5.65,0.21999999999999975,3.8938,186995.0,108216.684
603603.SH,20210517,5.81,5.87,5.58,5.65,5.86,-0.20999999999999996,-3.5836,254192.9,145092.115
603603.SH,20210514,5.34,5.86,5.34,5.86,5.33,0.5300000000000002,9.9437,245051.65,141754.248
603603.SH,20210513,5.37,5.55,5.26,5.33,5.43,-0.09999999999999964,-1.8416,84133.9,45474.064
603603.SH,20210512,5.51,5.56,5.38,5.43,5.58,-0.15000000000000036,-2.6882,94578.0,51263.381
603603.SH,20210511,5.27,5.71,5.25,5.58,5.27,0.3100000000000005,5.8824,159857.9,88121.234
603603.SH,20210510,5.18,5.28,5.1,5.27,5.19,0.07999999999999918,1.5414,69786.0,36441.661
603603.SH,20210507,5.2,5.27,5.11,5.19,5.2,-0.009999999999999787,-0.1923,62559.0,32487.356
603603.SH,20210506,5.15,5.24,5.1,5.2,5.17,0.03000000000000025,0.5803,55403.0,28785.296
603603.SH,20210430,5.25,5.28,5.08,5.17,5.23,-0.0600000000000005,-1.1472,63851.0,32896.595
603603.SH,20210429,5.25,5.38,5.15,5.23,5.27,-0.03999999999999915,-0.759,61579.0,32501.606
603603.SH,20210428,5.3,5.37,5.19,5.27,5.25,0.019999999999999574,0.381,60933.0,32066.637
603603.SH,20210427,5.3,5.38,5.15,5.25,5.35,-0.09999999999999964,-1.8692,82808.0,43204.207
603603.SH,20210426,5.47,5.54,5.33,5.35,5.47,-0.1200000000000001,-2.1938,71322.0,38567.274
603603.SH,20210423,5.7,5.72,5.44,5.47,5.66,-0.1900000000000004,-3.3569,88013.92,48556.768
603603.SH,20210422,5.68,5.78,5.61,5.66,5.66,0.0,0.0,69337.0,39368.174
603603.SH,20210421,5.79,5.83,5.62,5.66,5.84,-0.17999999999999972,-3.0822,114126.0,64977.355
603603.SH,20210420,5.91,6.06,5.84,5.84,5.95,-0.11000000000000032,-1.8487,116698.0,69199.378
603603.SH,20210419,5.81,6.05,5.78,5.95,5.83,0.1200000000000001,2.0583,111539.67,66332.548
603603.SH,20210416,5.78,5.88,5.7,5.83,5.78,0.04999999999999982,0.8651,81569.0,47274.52
603603.SH,20210415,6.2,6.21,5.75,5.78,6.16,-0.3799999999999999,-6.1688,165578.9,97522.677
603603.SH,20210414,5.99,6.25,5.82,6.16,6.07,0.08999999999999986,1.4827,180426.0,109767.361
603603.SH,20210413,5.8,6.33,5.6,6.07,5.9,0.16999999999999993,2.8814,222952.27,132994.366
603603.SH,20210412,5.82,6.15,5.82,5.9,5.8,0.10000000000000053,1.7241,139740.02,83028.087
603603.SH,20210409,6.0,6.09,5.7,5.8,5.95,-0.15000000000000036,-2.521,160932.49,94911.187
603603.SH,20210408,6.32,6.33,5.91,5.95,6.39,-0.4399999999999995,-6.8858,235483.0,142394.736
603603.SH,20210407,6.24,6.55,6.14,6.39,6.31,0.08000000000000007,1.2678,241650.22,153959.538
603603.SH,20210406,6.24,6.35,6.09,6.31,6.28,0.02999999999999936,0.4777,208571.0,130492.221
603603.SH,20210402,6.47,6.57,6.2,6.28,6.75,-0.46999999999999975,-6.963,332904.75,211090.571
603603.SH,20210401,7.09,7.35,6.65,6.75,6.82,-0.07000000000000028,-1.0264,505801.22,351698.847
603603.SH,20210331,6.02,6.82,5.92,6.82,6.2,0.6200000000000001,10.0,372455.22,244220.432
603603.SH,20210330,6.62,6.69,6.15,6.2,6.83,-0.6299999999999999,-9.224,372883.59,235293.633
603603.SH,20210329,6.62,7.2,6.62,6.83,7.35,-0.5199999999999996,-7.0748,468113.0,320386.165
603603.SH,20210326,6.98,7.89,6.98,7.35,7.63,-0.28000000000000025,-3.6697,662190.68,487772.177
603603.SH,20210325,7.63,7.63,6.94,7.63,6.94,0.6899999999999995,9.9424,571809.22,432963.275
603603.SH,20210324,6.15,6.94,5.91,6.94,6.31,0.6300000000000008,9.9842,367395.72,241179.022
603603.SH,20210323,5.7,6.31,5.5,6.31,5.74,0.5699999999999994,9.9303,416000.0,251755.055
603603.SH,20210322,5.45,5.83,5.45,5.74,5.54,0.20000000000000018,3.6101,202126.0,115128.267
603603.SH,20210319,5.6,5.72,5.48,5.54,5.62,-0.08000000000000007,-1.4235,150237.0,84056.955
603603.SH,20210318,5.5,5.73,5.48,5.62,5.73,-0.11000000000000032,-1.9197,185702.9,103795.177
603603.SH,20210317,6.05,6.05,5.59,5.73,5.96,-0.22999999999999954,-3.8591,346981.9,199403.406
603603.SH,20210316,5.46,5.96,5.46,5.96,5.42,0.54,9.9631,387115.9,225389.017
603603.SH,20210315,5.57,5.88,5.38,5.42,5.38,0.040000000000000036,0.7435,324642.9,180985.096
603603.SH,20210312,4.92,5.38,4.83,5.38,4.89,0.4900000000000002,10.0204,183915.9,95488.782
603603.SH,20210311,4.89,5.02,4.82,4.89,4.84,0.04999999999999982,1.0331,115045.0,56442.125
603603.SH,20210310,5.1,5.1,4.81,4.84,5.18,-0.33999999999999986,-6.5637,159462.0,78755.471
603603.SH,20210309,5.61,5.62,5.18,5.18,5.74,-0.5600000000000005,-9.7561,261392.0,141666.629
603603.SH,20210308,5.15,5.74,5.06,5.74,5.22,0.5200000000000005,9.9617,279437.9,151977.051
603603.SH,20210305,5.43,5.58,5.15,5.22,5.72,-0.5,-8.7413,301399.9,161097.48
603603.SH,20210304,5.56,6.09,5.45,5.72,5.82,-0.10000000000000053,-1.7182,399508.0,228051.392
603603.SH,20210303,5.72,5.99,5.25,5.82,5.64,0.1800000000000006,3.1915,513828.0,288527.291
603603.SH,20210302,5.64,5.64,5.4,5.64,5.13,0.5099999999999998,9.9415,206867.0,116434.407
603603.SH,20210301,5.13,5.13,5.13,5.13,4.66,0.46999999999999975,10.0858,20642.0,10589.346
603603.SH,20210226,4.24,4.66,4.15,4.66,4.24,0.41999999999999993,9.9057,72449.0,32580.021
603603.SH,20210225,4.33,4.34,4.22,4.24,4.23,0.009999999999999787,0.2364,24975.0,10622.668
603603.SH,20210224,4.18,4.29,4.18,4.23,4.22,0.010000000000000675,0.237,24542.0,10407.389
603603.SH,20210223,4.44,4.46,4.21,4.22,4.35,-0.1299999999999999,-2.9885,45135.0,19297.685
603603.SH,20210222,4.19,4.51,4.16,4.35,4.19,0.15999999999999925,3.8186,71057.0,31004.956
603603.SH,20210219,4.01,4.22,3.99,4.19,4.01,0.1800000000000006,4.4888,46490.66,19214.271
603603.SH,20210218,3.88,4.04,3.87,4.01,3.87,0.13999999999999968,3.6176,32421.0,12934.293
603603.SH,20210210,3.81,3.88,3.8,3.87,3.83,0.040000000000000036,1.0444,23296.0,8963.673
603603.SH,20210209,3.7,3.83,3.7,3.83,3.74,0.08999999999999986,2.4064,25405.0,9601.198
603603.SH,20210208,3.76,3.83,3.72,3.74,3.77,-0.029999999999999805,-0.7958,20548.0,7707.922
603603.SH,20210205,3.77,3.89,3.7,3.77,3.73,0.040000000000000036,1.0724,24830.0,9439.839
603603.SH,20210204,3.8,3.88,3.68,3.73,3.85,-0.1200000000000001,-3.1169,34300.0,12876.02
603603.SH,20210203,3.93,3.95,3.82,3.85,3.93,-0.08000000000000007,-2.0356,26187.55,10132.835
603603.SH,20210202,3.87,3.98,3.85,3.93,3.9,0.03000000000000025,0.7692,22507.89,8823.073
603603.SH,20210201,4.04,4.13,3.82,3.9,4.06,-0.1599999999999997,-3.9409,45222.89,17893.128
603603.SH,20210129,4.23,4.26,4.04,4.06,4.23,-0.17000000000000082,-4.0189,35288.0,14511.158
603603.SH,20210128,4.15,4.31,4.1,4.23,4.15,0.08000000000000007,1.9277,41165.0,17476.02
603603.SH,20210127,4.16,4.19,4.08,4.15,4.16,-0.009999999999999787,-0.2404,20608.0,8519.137
603603.SH,20210126,4.12,4.22,4.07,4.16,4.14,0.020000000000000462,0.4831,30158.36,12547.718
603603.SH,20210125,4.31,4.33,4.12,4.14,4.31,-0.16999999999999993,-3.9443,48051.61,20186.256
603603.SH,20210122,4.49,4.49,4.31,4.31,4.49,-0.1800000000000006,-4.0089,42004.89,18349.653
603603.SH,20210121,4.49,4.54,4.41,4.49,4.49,0.0,0.0,37571.0,16844.206
603603.SH,20210120,4.53,4.63,4.44,4.49,4.6,-0.10999999999999943,-2.3913,42997.79,19270.413
603603.SH,20210119,4.5,4.64,4.41,4.6,4.46,0.13999999999999968,3.139,54956.89,24948.122
603603.SH,20210118,4.42,4.52,4.42,4.46,4.42,0.040000000000000036,0.905,38327.47,17071.169
603603.SH,20210115,4.29,4.46,4.27,4.42,4.29,0.1299999999999999,3.0303,47228.28,20759.789
603603.SH,20210114,4.24,4.37,4.19,4.29,4.25,0.040000000000000036,0.9412,42243.82,18124.103
603603.SH,20210113,4.46,4.47,4.24,4.25,4.48,-0.23000000000000043,-5.1339,68466.74,29513.361
603603.SH,20210112,4.62,4.71,4.41,4.48,4.63,-0.14999999999999947,-3.2397,61268.66,27774.874
603603.SH,20210111,4.76,4.83,4.61,4.63,4.9,-0.27000000000000046,-5.5102,59035.0,27781.552
603603.SH,20210108,4.9,4.91,4.61,4.9,4.84,0.0600000000000005,1.2397,71482.0,33983.625
603603.SH,20210107,5.0,5.19,4.81,4.84,5.12,-0.28000000000000025,-5.4688,115364.0,57298.397
603603.SH,20210106,4.66,5.12,4.56,5.12,4.65,0.46999999999999975,10.1075,147013.46,72375.261
603603.SH,20210105,4.64,4.8,4.59,4.65,4.72,-0.0699999999999994,-1.4831,67423.0,31515.535
603603.SH,20210104,4.55,4.85,4.55,4.72,5.06,-0.33999999999999986,-6.7194,99597.0,47157.773
603603.SH,20201231,5.12,5.12,5.01,5.06,5.07,-0.010000000000000675,-0.1972,41464.0,20983.974
603603.SH,20201230,5.17,5.19,5.03,5.07,5.02,0.05000000000000071,0.996,31483.92,15981.966
603603.SH,20201229,5.21,5.21,4.98,5.02,5.14,-0.1200000000000001,-2.3346,44320.92,22383.191
603603.SH,20201228,5.02,5.24,4.91,5.14,5.03,0.10999999999999943,2.1869,66618.0,34275.921
603603.SH,20201225,4.88,5.05,4.82,5.03,4.88,0.15000000000000036,3.0738,56236.0,28013.055
603603.SH,20201224,5.2,5.23,4.87,4.88,5.2,-0.3200000000000003,-6.1538,98654.0,49212.74
603603.SH,20201223,5.34,5.41,5.19,5.2,5.36,-0.16000000000000014,-2.9851,63613.0,33397.987
603603.SH,20201222,5.26,5.52,5.24,5.36,5.29,0.07000000000000028,1.3233,82480.46,44590.673
603603.SH,20201221,5.31,5.37,5.16,5.29,5.31,-0.019999999999999574,-0.3766,69184.76,36427.219
603603.SH,20201218,5.55,5.55,5.3,5.31,5.57,-0.2600000000000007,-4.6679,105612.0,57215.196
603603.SH,20201217,6.0,6.01,5.45,5.57,6.06,-0.4899999999999993,-8.0858,175958.35,98281.823
603603.SH,20201216,6.1,6.32,6.03,6.06,6.17,-0.11000000000000032,-1.7828,73814.86,45362.278
603603.SH,20201215,6.29,6.29,6.08,6.17,6.34,-0.16999999999999993,-2.6814,98701.0,60684.63
603603.SH,20201214,6.34,6.46,6.17,6.34,6.44,-0.10000000000000053,-1.5528,132895.0,83536.958
603603.SH,20201211,6.58,6.63,6.27,6.44,6.52,-0.07999999999999918,-1.227,185845.0,119474.838
603603.SH,20201210,5.91,6.52,5.89,6.52,5.93,0.5899999999999999,9.9494,145244.86,93044.847
603603.SH,20201209,6.2,6.22,5.91,5.93,6.22,-0.29000000000000004,-4.6624,67188.0,40709.751
603603.SH,20201208,6.27,6.38,6.22,6.22,6.32,-0.10000000000000053,-1.5823,46524.0,29249.461
603603.SH,20201207,6.22,6.34,6.16,6.32,6.26,0.0600000000000005,0.9585,43196.46,26956.139
603603.SH,20201204,6.24,6.31,6.19,6.26,6.26,0.0,0.0,43039.0,26893.466
603603.SH,20201203,6.27,6.32,6.14,6.26,6.24,0.019999999999999574,0.3205,77270.9,47975.918
603603.SH,20201202,6.4,6.42,6.2,6.24,6.45,-0.20999999999999996,-3.2558,105119.0,66288.291
603603.SH,20201201,6.0,6.5,5.97,6.45,6.02,0.4300000000000006,7.1429,168424.79,106176.486
603603.SH,20201130,6.09,6.11,6.01,6.02,6.09,-0.07000000000000028,-1.1494,42049.9,25445.745
603603.SH,20201127,6.01,6.13,5.91,6.09,6.03,0.05999999999999961,0.995,55324.03,33284.554
603603.SH,20201126,6.13,6.26,5.96,6.03,6.21,-0.17999999999999972,-2.8986,99104.9,60264.735
603603.SH,20201125,6.55,6.76,6.17,6.21,6.62,-0.41000000000000014,-6.1934,142611.03,91425.129
603603.SH,20201124,6.38,6.64,6.22,6.62,6.38,0.2400000000000002,3.7618,176622.0,114130.488
603603.SH,20201123,6.19,6.42,6.19,6.38,6.26,0.1200000000000001,1.9169,83321.98,52544.906
603603.SH,20201120,6.3,6.31,6.11,6.26,6.36,-0.10000000000000053,-1.5723,91600.0,56785.308
603603.SH,20201119,6.0,6.42,5.95,6.36,6.03,0.33000000000000007,5.4726,164272.0,102359.646
603603.SH,20201118,5.76,6.1,5.73,6.03,5.76,0.27000000000000046,4.6875,75808.0,44993.651
603603.SH,20201117,5.75,5.88,5.71,5.76,5.8,-0.040000000000000036,-0.6897,26898.0,15538.404
603603.SH,20201116,5.71,5.81,5.65,5.8,5.71,0.08999999999999986,1.5762,29791.0,17093.114
603603.SH,20201113,5.73,5.74,5.62,5.71,5.73,-0.020000000000000462,-0.349,26791.0,15204.576
603603.SH,20201112,5.72,5.77,5.66,5.73,5.7,0.03000000000000025,0.5263,20778.0,11867.99
603603.SH,20201111,5.81,5.84,5.67,5.7,5.83,-0.1299999999999999,-2.2298,29059.0,16737.512
603603.SH,20201110,5.79,5.84,5.72,5.83,5.78,0.04999999999999982,0.8651,42630.0,24658.165
603603.SH,20201109,5.67,5.79,5.64,5.78,5.64,0.14000000000000057,2.4823,40816.0,23457.031
603603.SH,20201106,5.74,5.75,5.61,5.64,5.71,-0.07000000000000028,-1.2259,27768.0,15688.79
603603.SH,20201105,5.59,5.74,5.59,5.71,5.59,0.1200000000000001,2.1467,34323.0,19497.085
603603.SH,20201104,5.7,5.7,5.51,5.59,5.64,-0.04999999999999982,-0.8865,32124.0,17959.237
603603.SH,20201103,5.57,5.66,5.52,5.64,5.52,0.1200000000000001,2.1739,40029.53,22453.997
603603.SH,20201102,5.73,5.73,5.41,5.52,5.73,-0.21000000000000085,-3.6649,59831.3,33117.522
603603.SH,20201030,6.0,6.04,5.7,5.73,6.1,-0.3699999999999992,-6.0656,89281.23,52172.6
603603.SH,20201029,5.58,6.1,5.57,6.1,5.72,0.3799999999999999,6.6434,101884.0,59750.741
603603.SH,20201028,5.55,5.73,5.46,5.72,5.57,0.14999999999999947,2.693,48030.0,26856.398
603603.SH,20201027,5.58,5.66,5.53,5.57,5.62,-0.04999999999999982,-0.8897,25254.0,14093.236
603603.SH,20201026,5.64,5.69,5.53,5.62,5.62,0.0,0.0,27832.0,15610.48
603603.SH,20201023,5.73,5.79,5.6,5.62,5.73,-0.11000000000000032,-1.9197,38012.0,21556.878
603603.SH,20201022,5.87,5.9,5.69,5.73,5.87,-0.13999999999999968,-2.385,51089.0,29509.643
603603.SH,20201021,6.09,6.1,5.85,5.87,6.11,-0.2400000000000002,-3.928,54359.0,32229.754
603603.SH,20201020,6.09,6.18,5.97,6.11,6.1,0.010000000000000675,0.1639,52116.0,31529.0
603603.SH,20201019,6.11,6.26,6.07,6.1,6.08,0.019999999999999574,0.3289,31939.0,19699.828
603603.SH,20201016,6.15,6.2,6.07,6.08,6.13,-0.04999999999999982,-0.8157,25704.0,15717.3
603603.SH,20201015,6.24,6.26,6.12,6.13,6.26,-0.1299999999999999,-2.0767,26201.93,16174.007
603603.SH,20201014,6.3,6.36,6.23,6.26,6.32,-0.0600000000000005,-0.9494,29056.69,18299.978
603603.SH,20201013,6.36,6.39,6.29,6.32,6.36,-0.040000000000000036,-0.6289,30466.53,19276.202
603603.SH,20201012,6.12,6.38,6.12,6.36,6.12,0.2400000000000002,3.9216,52843.53,33330.612
603603.SH,20201009,5.88,6.16,5.88,6.12,5.89,0.23000000000000043,3.9049,53200.32,32302.807
603603.SH,20200930,5.95,5.96,5.77,5.89,5.96,-0.07000000000000028,-1.1745,28831.0,16921.171
603603.SH,20200929,5.84,5.99,5.82,5.96,5.85,0.11000000000000032,1.8803,29767.0,17658.021
603603.SH,20200928,5.91,5.98,5.82,5.85,5.92,-0.07000000000000028,-1.1824,24121.0,14197.365
603603.SH,20200925,6.0,6.02,5.85,5.92,5.95,-0.03000000000000025,-0.5042,27702.0,16406.907
603603.SH,20200924,6.18,6.18,5.93,5.95,6.23,-0.28000000000000025,-4.4944,49944.0,30075.629
603603.SH,20200923,6.21,6.28,6.16,6.23,6.21,0.020000000000000462,0.3221,24406.0,15143.067
603603.SH,20200922,6.24,6.33,6.17,6.21,6.26,-0.04999999999999982,-0.7987,45784.98,28561.385
603603.SH,20200921,6.37,6.43,6.26,6.26,6.35,-0.08999999999999986,-1.4173,39954.0,25271.869
603603.SH,20200918,6.28,6.36,6.2,6.35,6.3,0.04999999999999982,0.7937,34743.0,21877.351
603603.SH,20200917,6.27,6.37,6.19,6.3,6.27,0.03000000000000025,0.4785,45410.0,28520.629
603603.SH,20200916,6.38,6.4,6.21,6.27,6.39,-0.1200000000000001,-1.8779,33170.0,20802.869
603603.SH,20200915,6.51,6.6,6.3,6.39,6.49,-0.10000000000000053,-1.5408,40759.0,26135.835
603603.SH,20200914,6.26,6.59,6.24,6.49,6.28,0.20999999999999996,3.3439,56572.55,36384.28
603603.SH,20200911,6.12,6.29,6.11,6.28,6.5,-0.21999999999999975,-3.3846,66523.0,41277.737
603603.SH,20200910,7.01,7.02,6.45,6.5,6.96,-0.45999999999999996,-6.6092,67089.0,44971.513
603603.SH,20200909,7.05,7.15,6.93,6.96,7.05,-0.08999999999999986,-1.2766,62713.0,44099.632
603603.SH,20200908,6.88,7.07,6.76,7.05,6.89,0.16000000000000014,2.3222,67032.0,46666.996
603603.SH,20200907,6.94,7.06,6.84,6.89,6.9,-0.010000000000000675,-0.1449,47369.0,32804.461
603603.SH,20200904,6.81,6.92,6.71,6.9,6.85,0.05000000000000071,0.7299,46958.32,31870.539
603603.SH,20200903,7.05,7.1,6.82,6.85,7.03,-0.1800000000000006,-2.5605,57573.32,39918.518
603603.SH,20200902,6.9,7.06,6.9,7.03,6.92,0.11000000000000032,1.5896,61225.24,42804.703
603603.SH,20200901,7.13,7.14,6.9,6.92,7.11,-0.1900000000000004,-2.6723,69165.92,48274.237
603603.SH,20200831,7.07,7.16,7.02,7.11,7.1,0.010000000000000675,0.1408,55723.0,39619.82
603603.SH,20200828,7.35,7.35,7.08,7.1,7.39,-0.29000000000000004,-3.9242,88679.0,63415.113
603603.SH,20200827,7.76,7.79,7.35,7.39,7.7,-0.3100000000000005,-4.026,87071.0,64856.732
603603.SH,20200826,7.35,7.78,7.35,7.7,7.37,0.33000000000000007,4.4776,97822.92,74581.92
603603.SH,20200825,7.46,7.47,7.33,7.37,7.42,-0.04999999999999982,-0.6739,32152.92,23745.374
603603.SH,20200824,7.57,7.57,7.21,7.42,7.51,-0.08999999999999986,-1.1984,44500.03,32856.64
603603.SH,20200821,7.65,7.79,7.48,7.51,7.66,-0.15000000000000036,-1.9582,44073.37,33519.711
603603.SH,20200820,7.65,7.7,7.56,7.66,7.74,-0.08000000000000007,-1.0336,40389.45,30828.116
603603.SH,20200819,7.82,7.87,7.66,7.74,7.81,-0.0699999999999994,-0.8963,54851.95,42486.747
603603.SH,20200818,7.88,7.93,7.74,7.81,7.89,-0.08000000000000007,-1.0139,61494.0,48041.97
603603.SH,20200817,7.85,7.92,7.76,7.89,7.85,0.040000000000000036,0.5096,61868.0,48634.976
603603.SH,20200814,7.87,7.87,7.65,7.85,7.91,-0.0600000000000005,-0.7585,56990.0,44336.261
603603.SH,20200813,7.71,7.95,7.62,7.91,7.71,0.20000000000000018,2.594,72124.03,56260.437
603603.SH,20200812,7.53,7.73,7.43,7.71,7.58,0.1299999999999999,1.715,64549.14,49070.145
603603.SH,20200811,7.87,7.9,7.53,7.58,7.86,-0.28000000000000025,-3.5623,63270.03,48882.882
603603.SH,20200810,7.77,7.88,7.7,7.86,7.78,0.08000000000000007,1.0283,54709.03,42696.775
603603.SH,20200807,8.11,8.12,7.63,7.78,8.19,-0.40999999999999925,-5.0061,105016.0,82444.706
603603.SH,20200806,8.14,8.23,7.99,8.19,8.06,0.129999999999999,1.6129,89241.24,72637.498
603603.SH,20200805,8.28,8.28,7.9,8.06,8.19,-0.129999999999999,-1.5873,97522.92,78225.522
603603.SH,20200804,8.48,8.5,8.15,8.19,8.51,-0.3200000000000003,-3.7603,133189.21,110126.697
603603.SH,20200803,8.46,8.58,8.26,8.51,8.24,0.2699999999999996,3.2767,115840.03,98027.519
603603.SH,20200731,8.17,8.4,8.1,8.24,8.26,-0.019999999999999574,-0.2421,92102.45,75872.067
603603.SH,20200730,8.67,8.67,8.15,8.26,8.53,-0.2699999999999996,-3.1653,109320.0,91602.918
603603.SH,20200729,8.39,8.68,8.21,8.53,8.52,0.009999999999999787,0.1174,150744.2,127232.377
603603.SH,20200728,8.04,8.54,7.78,8.52,8.01,0.5099999999999998,6.367,170061.41,137695.535
603603.SH,20200727,8.21,8.38,7.7,8.01,8.55,-0.5400000000000009,-6.3158,166029.86,132972.657
603603.SH,20200724,9.3,9.3,8.55,8.55,9.5,-0.9499999999999993,-10.0,233968.79,207308.031
603603.SH,20200723,8.93,10.49,8.79,9.5,9.75,-0.25,-2.5641,401165.3,379808.752
603603.SH,20200721,8.7,9.77,8.53,9.75,8.88,0.8699999999999992,9.7973,418741.97,383906.951
603603.SH,20200720,8.72,9.23,8.45,8.88,8.6,0.28000000000000114,3.2558,388339.21,340262.787
603603.SH,20200717,7.66,8.6,7.63,8.6,7.82,0.7799999999999994,9.9744,351154.63,294460.067
603603.SH,20200716,7.77,8.31,7.74,7.82,7.7,0.1200000000000001,1.5584,189574.86,152203.264
603603.SH,20200715,8.15,8.21,7.7,7.7,8.07,-0.3700000000000001,-4.5849,110663.38,87219.911
603603.SH,20200714,8.25,8.42,7.94,8.07,8.25,-0.17999999999999972,-2.1818,118080.07,96147.14
603603.SH,20200713,7.8,8.48,7.76,8.25,7.81,0.4400000000000004,5.6338,156732.07,127983.706
603603.SH,20200710,8.1,8.11,7.8,7.81,8.1,-0.29000000000000004,-3.5802,154863.62,122915.561
603603.SH,20200709,7.55,8.29,7.51,8.1,7.54,0.5599999999999996,7.4271,260311.46,208125.181
603603.SH,20200708,7.45,7.6,7.3,7.54,7.47,0.07000000000000028,0.9371,138705.8,103155.667
603603.SH,20200707,7.33,7.79,7.18,7.47,7.27,0.20000000000000018,2.751,160764.42,119753.902
603603.SH,20200706,6.99,7.28,6.95,7.27,7.03,0.23999999999999932,3.4139,132233.01,94422.151
603603.SH,20200703,6.92,7.17,6.91,7.03,6.9,0.1299999999999999,1.8841,80437.08,56336.874
603603.SH,20200702,6.78,6.9,6.75,6.9,6.8,0.10000000000000053,1.4706,51738.31,35478.013
603603.SH,20200701,6.97,6.97,6.71,6.8,6.9,-0.10000000000000053,-1.4493,61974.29,42237.125
603603.SH,20200630,6.83,6.94,6.78,6.9,6.83,0.07000000000000028,1.0249,44648.57,30687.452
603603.SH,20200629,6.8,6.98,6.77,6.83,6.84,-0.009999999999999787,-0.1462,43301.0,29702.19
603603.SH,20200624,7.14,7.17,6.84,6.84,7.1,-0.2599999999999998,-3.662,66387.0,46019.757
603603.SH,20200623,7.3,7.33,7.06,7.1,7.33,-0.23000000000000043,-3.1378,70475.0,50450.551
603603.SH,20200622,7.18,7.42,7.06,7.33,7.28,0.04999999999999982,0.6868,94537.56,68406.996
603603.SH,20200619,7.42,7.8,7.25,7.28,7.58,-0.2999999999999998,-3.9578,147733.56,109989.144
603603.SH,20200618,7.23,7.9,7.11,7.58,7.28,0.2999999999999998,4.1209,168868.34,127376.755
603603.SH,20200617,7.12,7.32,7.0,7.28,7.13,0.15000000000000036,2.1038,146486.71,105445.959
603603.SH,20200616,6.87,7.45,6.86,7.13,6.92,0.20999999999999996,3.0347,149476.77,106773.119
603603.SH,20200615,6.88,7.21,6.87,6.92,6.6,0.3200000000000003,4.8485,165054.33,115726.873
603603.SH,20200612,6.44,6.7,6.39,6.6,6.85,-0.25,-3.6496,58712.0,38757.155
603603.SH,20200611,6.78,7.04,6.73,6.85,6.77,0.08000000000000007,1.1817,72430.28,50012.751
603603.SH,20200610,6.77,6.79,6.68,6.77,6.82,-0.05000000000000071,-0.7331,34544.46,23259.389
603603.SH,20200609,6.66,6.84,6.66,6.82,6.71,0.11000000000000032,1.6393,46121.21,31155.183
603603.SH,20200608,6.83,6.87,6.7,6.71,6.9,-0.1900000000000004,-2.7536,59071.9,39916.614
603603.SH,20200605,7.16,7.23,6.88,6.9,7.07,-0.16999999999999993,-2.4045,72588.0,50758.864
603603.SH,20200604,6.92,7.07,6.76,7.07,6.92,0.15000000000000036,2.1676,91425.1,63041.935
603603.SH,20200603,7.03,7.09,6.88,6.92,7.06,-0.13999999999999968,-1.983,89988.37,62672.372
603603.SH,20200602,6.98,7.15,6.94,7.06,7.03,0.02999999999999936,0.4267,132301.77,93139.721
603603.SH,20200601,6.69,7.23,6.63,7.03,6.72,0.3100000000000005,4.6131,171599.18,118186.233
603603.SH,20200529,6.64,6.78,6.52,6.72,6.65,0.0699999999999994,1.0526,90626.18,60616.667
603603.SH,20200528,6.82,6.83,6.52,6.65,6.95,-0.2999999999999998,-4.3165,128454.33,85301.846
603603.SH,20200527,6.81,7.15,6.68,6.95,6.81,0.14000000000000057,2.0558,223757.47,153851.003
603603.SH,20200526,6.18,6.81,6.11,6.81,6.19,0.6199999999999992,10.0162,87122.44,57982.536
603603.SH,20200525,6.56,6.74,6.17,6.19,6.45,-0.2599999999999998,-4.031,88680.29,56855.823
603603.SH,20200522,6.69,6.72,6.45,6.45,6.75,-0.2999999999999998,-4.4444,146434.03,96106.967
603603.SH,20200521,6.15,6.75,6.13,6.75,6.14,0.6100000000000003,9.9349,144536.96,96401.217
603603.SH,20200520,6.12,6.16,6.04,6.14,6.12,0.019999999999999574,0.3268,29292.88,17875.57
603603.SH,20200519,6.23,6.23,6.11,6.12,6.14,-0.019999999999999574,-0.3257,32184.08,19796.344
603603.SH,20200518,6.21,6.32,6.07,6.14,6.31,-0.16999999999999993,-2.6941,49060.92,30246.117
603603.SH,20200515,6.53,6.54,6.26,6.31,6.53,-0.22000000000000064,-3.3691,66638.65,42363.547
603603.SH,20200514,6.45,6.56,6.33,6.53,6.48,0.04999999999999982,0.7716,73541.5,47605.483
603603.SH,20200513,6.57,6.62,6.39,6.48,6.58,-0.09999999999999964,-1.5198,76884.8,49763.738
603603.SH,20200512,6.81,6.9,6.53,6.58,6.85,-0.2699999999999996,-3.9416,106090.4,70664.239
603603.SH,20200511,6.79,7.17,6.61,6.85,6.81,0.040000000000000036,0.5874,200620.01,137595.929
603603.SH,20200508,6.17,6.81,6.12,6.81,6.19,0.6199999999999992,10.0162,141619.83,93944.069
603603.SH,20200507,6.61,6.61,6.12,6.19,6.62,-0.4299999999999997,-6.4955,155448.66,97750.26
603603.SH,20200506,6.62,6.62,6.62,6.62,6.02,0.6000000000000005,9.9668,61844.56,40941.099
603603.SH,20200430,5.5,6.02,5.45,6.02,5.47,0.5499999999999998,10.0548,73712.3,42739.767
603603.SH,20200429,5.45,5.63,5.41,5.47,5.61,-0.14000000000000057,-2.4955,49736.33,27440.461
603603.SH,20200428,5.61,5.88,5.61,5.61,6.23,-0.6200000000000001,-9.9518,70679.82,39903.675
603603.SH,20200423,6.32,6.36,6.22,6.23,6.32,-0.08999999999999986,-1.4241,26609.4,16723.393
603603.SH,20200422,6.29,6.38,6.2,6.32,6.3,0.020000000000000462,0.3175,28798.0,18034.455
603603.SH,20200421,6.4,6.58,6.26,6.3,6.4,-0.10000000000000053,-1.5625,39356.92,25216.677
603603.SH,20200420,6.28,6.43,6.15,6.4,6.38,0.020000000000000462,0.3135,47144.24,29616.775
603603.SH,20200417,6.44,6.49,6.36,6.38,6.44,-0.0600000000000005,-0.9317,44225.12,28369.733
603603.SH,20200416,6.61,6.61,6.4,6.44,6.64,-0.1999999999999993,-3.012,55018.99,35442.372
603603.SH,20200415,6.79,6.83,6.6,6.64,6.8,-0.16000000000000014,-2.3529,54707.74,36590.763
603603.SH,20200414,6.87,7.09,6.7,6.8,6.82,-0.020000000000000462,-0.2933,57264.25,39171.046
603603.SH,20200413,6.95,6.95,6.81,6.82,6.97,-0.14999999999999947,-2.1521,19067.2,13071.954
603603.SH,20200410,7.1,7.19,6.92,6.97,7.15,-0.1800000000000006,-2.5175,27425.0,19254.124
603603.SH,20200409,7.04,7.17,7.02,7.15,7.07,0.08000000000000007,1.1315,30751.64,21887.565
603603.SH,20200408,7.02,7.14,6.94,7.07,7.02,0.05000000000000071,0.7123,31489.64,22170.551
603603.SH,20200407,6.78,7.05,6.78,7.02,6.78,0.23999999999999932,3.5398,34358.0,23910.871
603603.SH,20200403,6.85,6.87,6.73,6.78,6.83,-0.04999999999999982,-0.7321,21035.0,14294.186
603603.SH,20200402,6.65,6.84,6.59,6.83,6.71,0.1200000000000001,1.7884,25567.26,17131.958
603603.SH,20200401,6.69,6.84,6.63,6.71,6.74,-0.03000000000000025,-0.4451,14678.0,9915.352
603603.SH,20200331,7.0,7.0,6.72,6.74,6.76,-0.019999999999999574,-0.2959,17610.0,11978.501
603603.SH,20200330,6.88,6.94,6.65,6.76,6.94,-0.1800000000000006,-2.5937,28564.0,19196.089
603603.SH,20200327,7.07,7.14,6.94,6.94,7.0,-0.05999999999999961,-0.8571,21550.0,15144.07
603603.SH,20200326,7.04,7.14,7.0,7.0,7.09,-0.08999999999999986,-1.2694,22906.0,16153.388
603603.SH,20200325,6.96,7.21,6.92,7.09,6.84,0.25,3.655,35436.58,24931.356
603603.SH,20200324,6.88,6.94,6.68,6.84,6.76,0.08000000000000007,1.1834,25712.26,17550.221
603603.SH,20200323,6.98,6.98,6.72,6.76,7.1,-0.33999999999999986,-4.7887,29078.26,19936.354
603603.SH,20200320,7.09,7.16,6.98,7.1,7.04,0.05999999999999961,0.8523,28549.26,20179.913
603603.SH,20200319,7.05,7.1,6.84,7.04,7.07,-0.03000000000000025,-0.4243,35346.0,24633.1
603603.SH,20200318,7.45,7.53,7.05,7.07,7.36,-0.29000000000000004,-3.9402,46921.58,34040.986
603603.SH,20200317,7.65,7.8,7.2,7.36,7.64,-0.27999999999999936,-3.6649,50013.58,36989.614
603603.SH,20200316,7.89,8.15,7.57,7.64,7.84,-0.20000000000000018,-2.551,47185.0,37169.429
603603.SH,20200313,7.48,7.93,7.43,7.84,8.04,-0.1999999999999993,-2.4876,66897.17,51135.039
603603.SH,20200312,8.23,8.47,8.0,8.04,8.32,-0.28000000000000114,-3.3654,61453.72,50336.411
603603.SH,20200311,8.18,8.46,8.18,8.32,8.13,0.1899999999999995,2.337,66877.72,55878.732
603603.SH,20200310,7.87,8.14,7.7,8.13,8.14,-0.009999999999999787,-0.1229,65242.55,51849.668
603603.SH,20200309,8.32,8.44,8.14,8.14,8.39,-0.25,-2.9797,54854.0,45379.568
603603.SH,20200306,8.31,8.5,8.18,8.39,8.38,0.009999999999999787,0.1193,76982.27,64234.959
603603.SH,20200305,8.3,8.49,8.24,8.38,8.26,0.120000000000001,1.4528,93961.65,78798.978
603603.SH,20200304,8.1,8.74,8.1,8.26,8.04,0.22000000000000064,2.7363,124262.85,103977.431
603603.SH,20200303,8.03,8.15,7.94,8.04,7.95,0.08999999999999897,1.1321,65299.1,52554.345
603603.SH,20200302,7.49,7.98,7.42,7.95,7.49,0.45999999999999996,6.1415,60420.37,47387.657
603603.SH,20200228,7.78,7.83,7.45,7.49,7.99,-0.5,-6.2578,62312.98,47675.982
603603.SH,20200227,7.93,8.15,7.85,7.99,7.9,0.08999999999999986,1.1392,59221.13,47473.627
603603.SH,20200226,7.75,8.18,7.73,7.9,7.87,0.03000000000000025,0.3812,66255.29,53057.509
603603.SH,20200225,7.93,7.93,7.56,7.87,8.07,-0.20000000000000018,-2.4783,70465.54,54690.626
603603.SH,20200224,8.03,8.13,7.95,8.07,7.98,0.08999999999999986,1.1278,58509.46,47022.133
603603.SH,20200221,7.92,8.06,7.92,7.98,7.98,0.0,0.0,44609.0,35654.486
603603.SH,20200220,7.97,7.98,7.82,7.98,7.9,0.08000000000000007,1.0127,41386.1,32765.246
603603.SH,20200219,8.02,8.1,7.89,7.9,8.03,-0.129999999999999,-1.6189,48391.0,38695.975
603603.SH,20200218,7.85,8.08,7.82,8.03,7.85,0.17999999999999972,2.293,59294.93,47087.493
603603.SH,20200217,7.48,7.86,7.48,7.85,7.48,0.3699999999999992,4.9465,56371.0,43517.483
603603.SH,20200214,7.53,7.6,7.42,7.48,7.6,-0.11999999999999922,-1.5789,32474.0,24350.424
603603.SH,20200213,7.65,7.68,7.39,7.6,7.67,-0.07000000000000028,-0.9126,45809.49,34567.994
603603.SH,20200212,7.59,7.69,7.52,7.67,7.57,0.09999999999999964,1.321,36961.0,28179.765
603603.SH,20200211,7.96,7.96,7.55,7.57,7.91,-0.33999999999999986,-4.2984,65189.34,50000.456
603603.SH,20200210,8.3,8.3,7.81,7.91,8.04,-0.129999999999999,-1.6169,114618.34,91998.038
603603.SH,20200207,7.36,8.04,7.2,8.04,7.31,0.7299999999999995,9.9863,93731.49,71393.923
603603.SH,20200206,7.32,7.48,7.08,7.31,7.13,0.17999999999999972,2.5245,59659.17,43199.646
603603.SH,20200205,6.76,7.24,6.7,7.13,6.76,0.3700000000000001,5.4734,72353.67,51085.023
603603.SH,20200204,6.62,6.88,6.62,6.76,7.36,-0.6000000000000005,-8.1522,89852.4,60575.971
603603.SH,20200203,7.36,7.36,7.36,7.36,8.18,-0.8199999999999994,-10.0244,6825.0,5023.2
603603.SH,20200123,8.5,8.55,8.01,8.18,8.77,-0.5899999999999999,-6.7275,86594.0,72010.276
603603.SH,20200122,8.96,8.96,8.76,8.77,9.0,-0.23000000000000043,-2.5556,57127.99,50559.032
603603.SH,20200121,9.16,9.16,8.95,9.0,9.29,-0.28999999999999915,-3.1216,63790.09,57686.745
603603.SH,20200120,9.41,9.43,9.18,9.29,9.42,-0.13000000000000078,-1.38,77191.0,71427.624
603603.SH,20200117,9.68,9.69,9.36,9.42,9.71,-0.2900000000000009,-2.9866,101901.0,96869.729
603603.SH,20200116,9.85,10.11,9.55,9.71,10.23,-0.5199999999999996,-5.0831,171257.7,167639.252
603603.SH,20200115,10.31,10.92,10.2,10.23,9.93,0.3000000000000007,3.0211,297319.55,315332.649
603603.SH,20200114,9.07,9.93,9.07,9.93,9.03,0.9000000000000004,9.9668,80911.94,77711.751
603603.SH,20200113,9.0,9.07,8.78,9.03,9.09,-0.0600000000000005,-0.6601,52157.17,46503.263
603603.SH,20200110,9.26,9.3,9.06,9.09,9.24,-0.15000000000000036,-1.6234,48694.17,44465.61
603603.SH,20200109,9.24,9.34,9.21,9.24,9.19,0.05000000000000071,0.5441,41508.0,38405.571
603603.SH,20200108,9.25,9.45,9.17,9.19,9.29,-0.09999999999999964,-1.0764,63192.66,58797.57
603603.SH,20200107,9.2,9.48,9.2,9.29,9.19,0.09999999999999964,1.0881,55446.51,51575.267
603603.SH,20200106,9.1,9.29,9.08,9.19,9.33,-0.14000000000000057,-1.5005,57669.44,53014.647
603603.SH,20200103,9.18,9.44,9.12,9.33,9.17,0.16000000000000014,1.7448,75281.22,69913.135
603603.SH,20200102,9.16,9.28,9.08,9.17,9.18,-0.009999999999999787,-0.1089,70642.96,64750.597
603603.SH,20191231,8.8,9.25,8.72,9.18,8.84,0.33999999999999986,3.8462,77320.96,70130.798
603603.SH,20191230,8.76,8.84,8.51,8.84,8.82,0.019999999999999574,0.2268,44218.85,38367.183
603603.SH,20191227,8.9,8.95,8.78,8.82,8.86,-0.03999999999999915,-0.4515,41219.0,36555.603
603603.SH,20191226,8.75,8.95,8.75,8.86,8.78,0.08000000000000007,0.9112,31779.01,28126.224
603603.SH,20191225,8.89,8.89,8.75,8.78,8.87,-0.08999999999999986,-1.0147,35613.0,31328.732
603603.SH,20191224,8.81,8.9,8.76,8.87,8.78,0.08999999999999986,1.0251,31670.0,27950.317
603603.SH,20191223,9.14,9.14,8.78,8.78,9.12,-0.33999999999999986,-3.7281,47070.0,41998.235
603603.SH,20191220,9.34,9.48,9.1,9.12,9.34,-0.22000000000000064,-2.3555,58996.85,54786.018
603603.SH,20191219,9.24,9.38,9.13,9.34,9.23,0.10999999999999943,1.1918,56731.74,52645.335
603603.SH,20191218,9.15,9.35,9.04,9.23,9.1,0.13000000000000078,1.4286,83607.1,77005.295
603603.SH,20191217,8.89,9.15,8.87,9.1,8.89,0.20999999999999908,2.3622,76581.0,69129.463
603603.SH,20191216,8.75,8.95,8.64,8.89,8.8,0.08999999999999986,1.0227,52966.96,46645.776
603603.SH,20191213,8.86,8.96,8.71,8.8,8.76,0.040000000000000924,0.4566,49787.0,43706.15
603603.SH,20191212,8.73,9.09,8.7,8.76,9.09,-0.33000000000000007,-3.6304,71040.2,63150.084
603603.SH,20191211,8.68,9.35,8.63,9.09,8.68,0.41000000000000014,4.7235,107277.95,96249.924
603603.SH,20191210,8.72,8.76,8.55,8.68,8.76,-0.08000000000000007,-0.9132,54241.0,46791.736
603603.SH,20191209,8.89,8.95,8.75,8.76,8.89,-0.13000000000000078,-1.4623,40982.15,36054.724
603603.SH,20191206,8.93,8.95,8.8,8.89,8.87,0.02000000000000135,0.2255,29854.0,26476.701
603603.SH,20191205,8.83,8.91,8.76,8.87,8.8,0.06999999999999851,0.7955,31214.15,27576.014
603603.SH,20191204,8.83,8.9,8.74,8.8,8.83,-0.02999999999999936,-0.3398,24302.0,21426.179
603603.SH,20191203,8.78,8.84,8.64,8.83,8.82,0.009999999999999787,0.1134,31674.78,27625.723
603603.SH,20191202,8.96,9.0,8.73,8.82,9.02,-0.1999999999999993,-2.2173,49793.19,44057.846
603603.SH,20191129,9.38,9.48,8.9,9.02,9.37,-0.34999999999999964,-3.7353,56481.0,51297.976
603603.SH,20191128,9.17,9.87,9.17,9.37,9.22,0.14999999999999858,1.6269,71978.0,68447.754
603603.SH,20191127,9.59,9.6,9.15,9.22,9.69,-0.46999999999999886,-4.8504,71408.63,66719.33
603603.SH,20191126,9.26,9.76,9.13,9.69,9.31,0.379999999999999,4.0816,94815.71,90298.832
603603.SH,20191125,8.92,9.48,8.81,9.31,8.91,0.40000000000000036,4.4893,80483.79,74022.581
603603.SH,20191122,8.95,9.09,8.76,8.91,8.9,0.009999999999999787,0.1124,40211.67,35891.571
603603.SH,20191121,8.77,9.04,8.6,8.9,9.0,-0.09999999999999964,-1.1111,45745.07,40626.089
603603.SH,20191120,8.93,9.29,8.86,9.0,8.93,0.07000000000000028,0.7839,66589.0,60419.543
603603.SH,20191119,8.87,8.95,8.77,8.93,8.87,0.0600000000000005,0.6764,40843.65,36286.878
603603.SH,20191118,8.63,8.94,8.47,8.87,8.69,0.17999999999999972,2.0713,43818.05,38310.659
603603.SH,20191115,8.9,8.98,8.69,8.69,8.99,-0.3000000000000007,-3.337,44282.93,38997.571
603603.SH,20191114,8.92,9.1,8.78,8.99,8.86,0.13000000000000078,1.4673,41783.07,37485.71
603603.SH,20191113,9.2,9.2,8.85,8.86,8.93,-0.07000000000000028,-0.7839,54484.07,49072.075
603603.SH,20191112,8.89,9.15,8.74,8.93,8.87,0.0600000000000005,0.6764,66277.53,59125.02
603603.SH,20191111,9.3,9.3,8.74,8.87,9.31,-0.4400000000000013,-4.7261,70429.12,62852.249
603603.SH,20191108,9.55,9.55,9.28,9.31,9.55,-0.2400000000000002,-2.5131,65097.0,61051.549
603603.SH,20191107,9.62,9.63,9.46,9.55,9.63,-0.08000000000000007,-0.8307,46566.0,44452.671
603603.SH,20191106,10.06,10.1,9.49,9.63,9.99,-0.35999999999999943,-3.6036,63453.0,61655.482
603603.SH,20191105,10.05,10.08,9.67,9.99,10.08,-0.08999999999999986,-0.8929,68869.17,67964.777
603603.SH,20191104,10.26,10.33,10.02,10.08,10.27,-0.1899999999999995,-1.85,52375.0,53220.066
603603.SH,20191101,10.25,10.47,10.15,10.27,10.27,0.0,0.0,46629.99,48068.439
603603.SH,20191031,10.92,10.95,10.21,10.27,10.88,-0.6100000000000012,-5.6066,82779.99,86994.911
603603.SH,20191030,11.0,11.1,10.5,10.88,11.53,-0.6499999999999986,-5.6375,78002.73,85155.408
603603.SH,20191029,11.78,11.86,11.53,11.53,11.89,-0.3600000000000012,-3.0278,58390.0,68108.557
603603.SH,20191028,11.5,11.92,11.5,11.89,11.73,0.16000000000000014,1.364,76364.7,89754.369
603603.SH,20191025,11.85,11.86,11.52,11.73,12.1,-0.3699999999999992,-3.0579,102575.63,120022.215
603603.SH,20191024,12.37,12.47,12.0,12.1,12.57,-0.47000000000000064,-3.7391,114953.71,139821.459
603603.SH,20191023,12.08,12.6,11.82,12.57,12.4,0.16999999999999993,1.371,151732.01,186346.621
603603.SH,20191022,12.69,12.92,12.09,12.4,13.35,-0.9499999999999993,-7.1161,213091.75,266092.511
603603.SH,20191021,13.6,13.95,13.35,13.35,14.83,-1.4800000000000004,-9.9798,49782.0,67278.174
603603.SH,20191018,13.92,14.83,13.92,14.83,13.48,1.3499999999999996,10.0148,187509.41,273017.293
603603.SH,20191017,12.25,13.48,12.02,13.48,12.25,1.2300000000000004,10.0408,171187.44,216725.666
603603.SH,20191016,11.18,12.25,11.15,12.25,11.14,1.1099999999999994,9.9641,87558.81,106620.21
603603.SH,20191015,11.46,11.48,11.11,11.14,11.47,-0.33000000000000007,-2.8771,18784.0,21118.426
603603.SH,20191014,11.25,11.52,11.25,11.47,11.37,0.10000000000000142,0.8795,20562.84,23537.605
603603.SH,20191011,11.4,11.69,11.36,11.37,11.48,-0.11000000000000121,-0.9582,20070.0,23118.786
603603.SH,20191010,11.31,11.59,11.31,11.48,11.31,0.16999999999999993,1.5031,19570.69,22413.119
603603.SH,20191009,11.14,11.41,11.1,11.31,11.32,-0.009999999999999787,-0.0883,13039.0,14713.952
603603.SH,20191008,11.21,11.46,10.81,11.32,11.41,-0.08999999999999986,-0.7888,33042.34,36779.633
603603.SH,20190930,11.67,11.67,11.0,11.41,11.69,-0.27999999999999936,-2.3952,17307.63,19868.227
603603.SH,20190927,11.61,11.73,11.5,11.69,11.56,0.129999999999999,1.1246,15567.69,18144.247
603603.SH,20190926,12.0,12.21,11.55,11.56,11.98,-0.41999999999999993,-3.5058,27068.63,31917.373
603603.SH,20190925,12.3,12.4,11.96,11.98,12.45,-0.46999999999999886,-3.7751,31760.63,38563.595
603603.SH,20190924,12.48,12.6,12.26,12.45,12.47,-0.02000000000000135,-0.1604,27488.0,34328.613
603603.SH,20190923,12.89,12.92,12.3,12.47,12.9,-0.4299999999999997,-3.3333,35124.0,43992.181
603603.SH,20190920,12.95,13.15,12.84,12.9,13.04,-0.1399999999999988,-1.0736,31219.0,40488.054
603603.SH,20190919,13.37,13.37,12.83,13.04,13.37,-0.33000000000000007,-2.4682,52693.0,68502.528
603603.SH,20190918,13.54,13.57,13.26,13.37,13.79,-0.41999999999999993,-3.0457,68382.0,91573.705
603603.SH,20190917,13.0,14.25,12.71,13.79,13.09,0.6999999999999993,5.3476,107209.0,142637.4
603603.SH,20190916,13.2,13.4,12.95,13.09,13.27,-0.17999999999999972,-1.3564,74247.0,97327.26
603603.SH,20190912,12.63,13.4,12.54,13.27,12.61,0.6600000000000001,5.2339,108346.0,141620.253
603603.SH,20190911,12.31,12.86,12.18,12.61,12.21,0.3999999999999986,3.276,88972.0,111861.083
603603.SH,20190910,12.39,12.4,12.15,12.21,12.32,-0.10999999999999943,-0.8929,27765.0,34054.305
603603.SH,20190909,12.32,12.55,12.19,12.32,12.27,0.05000000000000071,0.4075,27034.0,33218.496
603603.SH,20190906,12.22,12.37,12.08,12.27,12.2,0.07000000000000028,0.5738,35534.0,43396.022
603603.SH,20190905,12.37,12.47,12.14,12.2,12.35,-0.15000000000000036,-1.2146,38075.0,46897.876
603603.SH,20190904,12.25,12.68,12.2,12.35,12.43,-0.08000000000000007,-0.6436,48112.99,59630.607
603603.SH,20190903,12.0,12.72,11.8,12.43,11.99,0.4399999999999995,3.6697,90120.0,111467.911
603603.SH,20190902,11.5,11.99,11.38,11.99,11.5,0.4900000000000002,4.2609,41045.0,48119.928
603603.SH,20190830,11.9,11.93,11.47,11.5,11.96,-0.46000000000000085,-3.8462,45269.0,52796.379
603603.SH,20190829,11.67,12.09,11.48,11.96,11.5,0.46000000000000085,4.0,57190.0,67396.912
603603.SH,20190828,11.3,11.72,11.3,11.5,11.4,0.09999999999999964,0.8772,38198.18,43982.438
603603.SH,20190827,10.89,11.5,10.89,11.4,10.85,0.5500000000000007,5.0691,49907.35,56334.987
603603.SH,20190826,10.9,10.93,10.75,10.85,11.04,-0.1899999999999995,-1.721,20354.0,22072.913
603603.SH,20190823,11.17,11.19,11.01,11.04,11.19,-0.15000000000000036,-1.3405,21138.99,23412.5
603603.SH,20190822,11.32,11.34,11.06,11.19,11.3,-0.11000000000000121,-0.9735,25971.17,28978.617
603603.SH,20190821,11.44,11.44,11.16,11.3,11.47,-0.16999999999999993,-1.4821,32832.28,37011.321
603603.SH,20190820,11.3,11.47,11.21,11.47,11.28,0.19000000000000128,1.6844,38558.0,43770.127
603603.SH,20190819,11.0,11.3,10.91,11.28,11.1,0.17999999999999972,1.6216,49101.0,54380.959
603603.SH,20190816,11.28,11.33,11.04,11.1,11.25,-0.15000000000000036,-1.3333,22662.0,25380.439
603603.SH,20190815,11.18,11.29,10.92,11.25,11.41,-0.16000000000000014,-1.4023,21108.0,23427.179
603603.SH,20190814,11.3,11.5,11.22,11.41,11.16,0.25,2.2401,22088.0,25154.992
603603.SH,20190813,11.4,11.4,11.02,11.16,11.45,-0.28999999999999915,-2.5328,21286.1,23837.219
603603.SH,20190812,11.31,11.49,11.24,11.45,11.19,0.2599999999999998,2.3235,16118.0,18344.261
603603.SH,20190809,11.53,11.59,11.13,11.19,11.41,-0.22000000000000064,-1.9281,18600.0,21007.87
603603.SH,20190808,11.71,11.73,11.4,11.41,11.47,-0.0600000000000005,-0.5231,13860.0,15936.571
603603.SH,20190807,11.66,11.79,11.46,11.47,11.46,0.009999999999999787,0.0873,18002.0,20937.723
603603.SH,20190806,11.95,12.0,11.13,11.46,12.07,-0.6099999999999994,-5.0539,26956.17,30950.8
603603.SH,20190805,12.25,12.41,12.05,12.07,12.48,-0.41000000000000014,-3.2853,17559.0,21447.289
603603.SH,20190802,12.45,12.53,12.2,12.48,12.65,-0.16999999999999993,-1.3439,13197.18,16320.607
603603.SH,20190801,12.72,12.87,12.54,12.65,12.74,-0.08999999999999986,-0.7064,9985.18,12690.105
603603.SH,20190731,12.69,12.89,12.55,12.74,12.79,-0.049999999999998934,-0.3909,15198.0,19343.202
603603.SH,20190730,12.3,12.82,12.27,12.79,12.26,0.5299999999999994,4.323,25841.1,32645.428
603603.SH,20190729,12.32,12.35,12.19,12.26,12.31,-0.05000000000000071,-0.4062,8294.0,10180.373
603603.SH,20190726,12.42,12.42,12.2,12.31,12.4,-0.08999999999999986,-0.7258,11900.84,14625.396
603603.SH,20190725,12.6,12.6,12.32,12.4,12.46,-0.0600000000000005,-0.4815,13848.09,17144.093
603603.SH,20190724,12.39,12.57,12.32,12.46,12.36,0.10000000000000142,0.8091,12758.46,15897.336
603603.SH,20190723,12.31,12.4,12.2,12.36,12.24,0.11999999999999922,0.9804,13493.63,16625.75
603603.SH,20190722,13.1,13.28,11.88,12.24,13.2,-0.9599999999999991,-7.2727,28716.09,35756.458
603603.SH,20190719,13.55,13.59,13.18,13.2,13.43,-0.23000000000000043,-1.7126,29772.0,39699.072
603603.SH,20190718,13.81,14.3,13.4,13.43,14.66,-1.2300000000000004,-8.3902,47375.0,64387.046
603603.SH,20190717,15.0,15.7,14.52,14.66,14.92,-0.2599999999999998,-1.7426,57084.01,86395.802
603603.SH,20190702,14.7177,15.0951,14.4893,14.9163,14.8766,0.039699999999999847,0.2669,41670.0,62205.472
603603.SH,20190701,14.6283,14.9858,14.5985,14.8766,14.3403,0.5363000000000007,3.7398,38197.0,57197.832
603603.SH,20190628,14.5985,14.7177,14.1914,14.3403,14.6283,-0.28800000000000026,-1.9688,24034.84,34847.634
603603.SH,20190627,14.956,14.9858,14.5191,14.6283,14.7872,-0.15890000000000093,-1.0746,32424.1,47961.212
603603.SH,20190626,14.9064,15.393,14.4396,14.7872,14.7376,0.049599999999999866,0.3366,37844.0,56762.546
603603.SH,20190625,14.8071,14.8766,14.4595,14.7376,14.8964,-0.15879999999999939,-1.066,28036.0,41322.941
603603.SH,20190624,15.393,15.6512,14.8071,14.8964,15.2937,-0.39729999999999954,-2.5978,36549.66,55293.934
603603.SH,20190621,14.8766,15.5817,14.7673,15.2937,14.7177,0.5759999999999987,3.9137,56362.63,86431.263
603603.SH,20190620,14.0027,15.105,13.9034,14.7177,14.0325,0.6852,4.883,52950.66,77919.572
603603.SH,20190619,13.7047,14.1318,13.6849,14.0325,13.4863,0.5462000000000007,4.05,26682.84,37396.152
603603.SH,20190618,13.6253,13.7544,13.4366,13.4863,13.4962,-0.00990000000000002,-0.0734,8816.84,12052.25
603603.SH,20190617,13.6352,13.7544,13.4068,13.4962,13.7643,-0.26810000000000045,-1.9478,11261.0,15374.221
603603.SH,20190614,14.2013,14.2013,13.5558,13.7643,14.0622,-0.2979000000000003,-2.1184,14697.84,20452.163
603603.SH,20190613,14.0821,14.1218,13.6451,14.0622,14.0722,-0.009999999999999787,-0.0711,16526.63,23143.078
603603.SH,20190612,14.102,14.3602,13.8934,14.0722,14.1119,-0.039699999999999847,-0.2813,19107.37,27107.17
603603.SH,20190611,13.9232,14.1516,13.6551,14.1119,13.814,0.2979000000000003,2.1565,24124.63,33977.275
603603.SH,20190610,13.1287,14.0325,13.1287,13.814,13.1585,0.6555,4.9816,29670.38,41104.099
603603.SH,20190606,14.0225,14.0225,13.1585,13.1585,14.0722,-0.9137000000000004,-6.4929,22041.0,29891.132
603603.SH,20190605,13.9629,14.3304,13.7345,14.0722,13.814,0.25820000000000043,1.8691,21895.0,30947.248
603603.SH,20190604,14.1616,14.1814,13.4068,13.814,14.2211,-0.4070999999999998,-2.8626,27254.16,38236.417
603603.SH,20190603,13.804,14.7971,13.6451,14.2211,13.8239,0.3971999999999998,2.8733,36819.53,52817.208
603603.SH,20190531,13.8736,14.0424,13.6352,13.8239,13.8835,-0.05959999999999965,-0.4293,11983.0,16730.34
603603.SH,20190530,14.1318,14.1318,13.7047,13.8835,14.1417,-0.25820000000000043,-1.8258,17887.82,24933.85
603603.SH,20190529,13.7345,14.3105,13.6352,14.1417,13.7544,0.38729999999999976,2.8158,25930.75,36828.686
603603.SH,20190528,13.7047,13.9729,13.5061,13.7544,13.6551,0.09930000000000128,0.7272,15555.0,21613.978
603603.SH,20190527,13.4962,13.7445,13.1685,13.6551,13.238,0.4170999999999996,3.1508,15114.0,20628.163
603603.SH,20190524,13.377,13.5359,13.1089,13.238,13.3274,-0.08940000000000126,-0.6708,10231.0,13658.424
603603.SH,20190523,13.5756,13.6948,13.3075,13.3274,13.665,-0.33759999999999835,-2.4705,11670.0,15843.286
603603.SH,20190522,13.9034,14.0225,13.6054,13.665,13.9034,-0.2384000000000004,-1.7147,11179.0,15537.44
603603.SH,20190521,13.7147,13.9034,13.4565,13.9034,13.6154,0.28800000000000026,2.1153,15509.38,21474.777
603603.SH,20190520,13.6551,13.6551,13.238,13.6154,13.4267,0.18869999999999898,1.4054,14415.0,19571.155
603603.SH,20190517,14.3701,14.4396,13.228,13.4267,14.3403,-0.9135999999999989,-6.3709,28607.0,39882.682
603603.SH,20190516,14.38,14.4793,14.2609,14.3403,14.3701,-0.029800000000001603,-0.2074,13911.0,20102.398
603603.SH,20190515,14.3006,14.4496,14.2609,14.3701,14.2211,0.1490000000000009,1.0477,12761.27,18467.371
603603.SH,20190514,14.4893,14.5588,14.1914,14.2211,14.4893,-0.2682000000000002,-1.851,14192.24,20420.384
603603.SH,20190513,14.1119,14.8369,14.1119,14.4893,14.4793,0.009999999999999787,0.0691,18463.0,27046.223
603603.SH,20190510,14.2609,14.5787,13.8835,14.4793,14.0821,0.3971999999999998,2.8206,21732.66,31437.54
603603.SH,20190509,14.4893,14.4893,13.9729,14.0821,14.2013,-0.1191999999999993,-0.8394,17491.0,25018.816
603603.SH,20190508,14.2013,14.4793,13.7941,14.2013,14.2708,-0.06949999999999967,-0.487,21727.0,31162.216
603603.SH,20190507,13.7643,14.5687,13.7643,14.2708,13.7643,0.5064999999999991,3.6798,24595.0,35208.89
603603.SH,20190506,15.1745,15.1745,13.7246,13.7643,15.244,-1.4796999999999993,-9.7068,29512.08,42238.324
603603.SH,20190430,15.0951,15.5718,14.956,15.244,15.0951,0.14889999999999937,0.9864,16727.99,25848.295
603603.SH,20190429,16.4655,16.6145,14.8964,15.0951,16.4953,-1.4002,-8.4885,40838.0,62602.088
603603.SH,20190426,17.2203,17.3891,16.4953,16.4953,17.2501,-0.7547999999999995,-4.3756,29553.99,49977.476
603603.SH,20190425,17.9155,18.3127,17.0813,17.2501,17.9155,-0.6654000000000018,-3.7141,44667.18,80050.815
603603.SH,20190424,16.9422,18.0545,16.9422,17.9155,16.9522,0.9633000000000003,5.6824,60886.1,108492.793
603603.SH,20190423,17.4686,17.7268,16.8231,16.9522,17.5977,-0.6454999999999984,-3.6681,29856.46,51470.626
603603.SH,20190422,17.8757,17.9353,17.5282,17.5977,17.7864,-0.18870000000000076,-1.0609,20333.46,36307.791
603603.SH,20190419,17.6771,17.7864,17.3792,17.7864,17.7864,0.0,0.0,21355.0,37860.727
603603.SH,20190418,18.2531,18.2531,17.7168,17.7864,18.1042,-0.3177999999999983,-1.7554,23603.0,42600.224
603603.SH,20190417,17.9055,18.263,17.9055,18.1042,17.8956,0.208599999999997,1.1656,37299.04,68059.176
603603.SH,20190416,17.4686,17.975,17.1806,17.8956,17.548,0.34760000000000346,1.9809,28009.04,49516.434
603603.SH,20190415,18.0644,18.2333,17.5381,17.548,17.8261,-0.278100000000002,-1.5601,26694.0,48272.07
603603.SH,20190412,17.6771,17.9552,17.6771,17.8261,17.7963,0.029800000000001603,0.1675,20689.0,37090.178
603603.SH,20190411,18.4716,18.6206,17.697,17.7963,18.4617,-0.6654000000000018,-3.6042,33197.08,60300.252
603603.SH,20190410,18.4815,18.6801,18.1935,18.4617,18.5808,-0.11909999999999954,-0.641,32369.08,60064.931
603603.SH,20190409,18.2928,18.7397,18.1935,18.5808,18.3028,0.2779999999999987,1.5189,28830.1,53693.608
603603.SH,20190408,18.561,18.7397,17.9453,18.3028,18.6106,-0.3078000000000003,-1.6539,36613.56,67555.343
603603.SH,20190404,18.8788,18.9582,18.5213,18.6106,18.6702,-0.05959999999999965,-0.3192,38834.25,73150.733
603603.SH,20190403,18.1538,18.6702,17.9552,18.6702,18.2233,0.44690000000000296,2.4524,45632.58,84834.587
603603.SH,20190402,18.3524,18.6305,18.1737,18.2233,18.4021,-0.1788000000000025,-0.9716,36791.25,68010.794
603603.SH,20190401,18.0545,18.6504,18.0545,18.4021,17.8757,0.5264000000000024,2.9448,43820.19,80920.227
603603.SH,20190329,17.5381,17.9055,16.9323,17.8757,17.5778,0.2978999999999985,1.6948,40863.87,72192.213
603603.SH,20190328,17.6473,17.8757,17.2402,17.5778,17.6473,-0.06950000000000145,-0.3938,26273.25,46571.315
603603.SH,20190327,18.4219,18.6404,17.0316,17.6473,18.3624,-0.7150999999999996,-3.8944,44061.0,78788.343
603603.SH,20190326,18.4716,18.7497,18.2134,18.3624,18.3028,0.05959999999999965,0.3256,35073.0,65269.71
603603.SH,20190325,18.8688,18.9582,18.1737,18.3028,19.703,-1.4001999999999981,-7.1065,62044.0,116393.021
603603.SH,20190322,19.6832,19.8321,19.2661,19.703,19.6236,0.07939999999999969,0.4046,41400.0,81691.306
603603.SH,20190321,19.5839,19.8619,19.425,19.6236,19.5839,0.039699999999999847,0.2027,51088.0,101336.627
603603.SH,20190320,19.7527,19.7527,19.0675,19.5839,19.852,-0.26810000000000045,-1.3505,51331.9,100125.302
603603.SH,20190319,20.0109,20.2492,19.5938,19.852,19.8719,-0.019899999999999807,-0.1001,37021.2,74018.666
603603.SH,20190318,19.425,19.9612,19.425,19.8719,19.3654,0.5064999999999991,2.6155,38236.0,76166.454
603603.SH,20190315,19.3654,19.8123,19.1668,19.3654,19.4448,-0.07939999999999969,-0.4083,37720.0,74057.914
603603.SH,20190314,20.8054,20.8054,19.1668,19.4448,20.8054,-1.360599999999998,-6.5396,56924.0,113788.093
603603.SH,20190313,20.4975,21.3516,19.9414,20.8054,20.4975,0.30790000000000006,1.5021,96847.9,202586.949
603603.SH,20190312,20.4379,21.0338,20.0804,20.4975,20.3585,0.13899999999999935,0.6828,66696.27,138069.462
603603.SH,20190311,19.8619,20.4479,19.7726,20.3585,19.8619,0.4966000000000008,2.5003,53068.3,107927.926
603603.SH,20190308,20.4081,20.7359,19.713,19.8619,21.0834,-1.2215000000000025,-5.7937,78547.39,160030.221
603603.SH,20190307,21.3516,21.3516,20.5074,21.0834,21.6396,-0.5562000000000005,-2.5703,98877.28,209132.81
603603.SH,20190306,20.7061,21.6694,20.5174,21.6396,20.7061,0.9335000000000022,4.5083,100499.47,214386.096
603603.SH,20190305,20.5372,20.7359,20.2691,20.7061,20.7855,-0.07939999999999969,-0.382,65983.2,136109.272
603603.SH,20190304,20.2294,21.4509,19.9811,20.7855,20.8252,-0.039699999999999847,-0.1906,102849.53,215977.802
603603.SH,20190301,20.7557,21.4807,20.5571,20.8252,20.6167,0.20849999999999724,1.0113,62589.99,132125.282
603603.SH,20190228,21.0139,21.2225,20.3783,20.6167,21.0338,-0.4170999999999978,-1.983,84298.28,175992.953
603603.SH,20190227,19.2959,21.1728,19.0377,21.0338,19.276,1.7577999999999996,9.1191,131669.38,267994.4
603603.SH,20190226,19.852,19.9116,18.9384,19.276,19.8421,-0.5660999999999987,-2.853,84721.9,165244.284
603603.SH,20190225,18.8788,20.6564,18.8788,19.8421,18.8688,0.9732999999999983,5.1583,107751.51,212936.089
603603.SH,20190222,18.0545,18.8688,17.8956,18.8688,18.0843,0.7845000000000013,4.338,61904.98,115487.789
603603.SH,20190221,18.561,18.561,18.0446,18.0843,18.4716,-0.38729999999999976,-2.0967,52490.99,96797.077
603603.SH,20190220,18.4418,18.5213,17.6771,18.4716,18.6901,-0.21850000000000236,-1.1691,50080.99,91637.019
603603.SH,20190219,19.1469,19.1469,18.4319,18.6901,19.1171,-0.4269999999999996,-2.2336,61839.51,116581.415
603603.SH,20190218,18.6007,19.1966,18.3822,19.1171,18.6007,0.5164000000000009,2.7762,68632.98,130195.992
603603.SH,20190215,18.4319,18.7397,18.3921,18.6007,18.6007,0.0,0.0,47706.0,89171.725
603603.SH,20190214,19.2462,19.3157,18.412,18.6007,19.3753,-0.7745999999999995,-3.9979,85331.9,161470.758
603603.SH,20190213,18.9284,19.3753,18.6305,19.3753,18.9284,0.4468999999999994,2.361,82284.0,157192.809
603603.SH,20190212,18.7894,19.1668,18.5908,18.9284,19.0972,-0.16880000000000095,-0.8839,71925.9,136409.356
603603.SH,20190211,18.0446,19.2363,17.975,19.0972,18.1737,0.9235000000000007,5.0815,92687.09,175392.656
603603.SH,20190201,17.5083,18.273,17.3792,18.1737,17.7367,0.43700000000000117,2.4638,86488.21,155608.375
603603.SH,20190131,16.684,18.3723,16.5748,17.7367,16.7833,0.9533999999999985,5.6806,111445.21,199733.293
603603.SH,20190130,17.4388,17.7168,16.6344,16.7833,17.8658,-1.0824999999999996,-6.0591,80120.98,139063.102
603603.SH,20190129,16.8826,18.4716,16.6443,17.8658,16.8529,1.0128999999999984,6.0102,124737.78,221893.335
603603.SH,20190128,17.5083,18.273,16.7933,16.8529,17.26,-0.4070999999999998,-2.3586,129053.78,228234.696
603603.SH,20190125,15.7108,17.26,15.7108,17.26,15.6909,1.5691000000000024,10.0001,116146.54,197742.275
603603.SH,20190124,16.0186,16.0882,15.4824,15.6909,16.0186,-0.3277000000000001,-2.0457,32872.63,51909.141
603603.SH,20190123,16.0882,16.2471,15.9392,16.0186,16.257,-0.23840000000000217,-1.4664,19871.9,32209.162
603603.SH,20190122,16.0683,16.3265,15.8498,16.257,16.108,0.1490000000000009,0.925,27179.43,44067.035
603603.SH,20190121,15.9889,16.5351,15.9889,16.108,16.1577,-0.04969999999999786,-0.3076,26671.53,43662.188
603603.SH,20190118,16.0683,16.2769,15.8498,16.1577,15.9491,0.2085999999999988,1.3079,31463.79,50962.16
603603.SH,20190117,16.5748,16.5748,15.8598,15.9491,16.6344,-0.6852999999999998,-4.1198,43252.8,70338.99
603603.SH,20190116,17.0117,17.3991,16.6145,16.6344,17.1408,-0.5063999999999993,-2.9544,64645.89,110520.027
603603.SH,20190115,17.0415,17.27,16.5549,17.1408,17.0415,0.0992999999999995,0.5827,55880.17,95763.379
603603.SH,20190114,16.833,17.2997,16.3662,17.0415,16.8529,0.18859999999999744,1.1191,71836.47,122193.551
603603.SH,20190111,16.5053,16.982,16.0981,16.8529,16.5748,0.278100000000002,1.6778,75048.55,124833.615
603603.SH,20190110,15.4427,16.5847,15.2043,16.5748,15.4923,1.0824999999999996,6.9873,73825.79,118920.346
603603.SH,20190109,15.7207,16.0484,15.4724,15.4923,15.7009,-0.20860000000000056,-1.3286,40323.0,64109.462
603603.SH,20190108,16.2272,16.3364,15.542,15.7009,16.3563,-0.6554000000000002,-4.007,51586.0,82428.739
603603.SH,20190107,15.8895,16.6741,15.7307,16.3563,15.9988,0.3575000000000017,2.2345,69557.9,113448.35
603603.SH,20190104,15.542,16.2769,15.393,15.9988,15.9889,0.00990000000000002,0.0619,67819.34,108191.417
603603.SH,20190103,15.4724,16.3861,15.0355,15.9889,15.4824,0.5064999999999991,3.2715,59418.03,92517.675
603603.SH,20190102,15.1745,15.7505,14.9958,15.4824,14.6978,0.7845999999999993,5.3382,73402.03,113992.734
603603.SH,20181228,14.102,14.8865,14.102,14.6978,14.3006,0.39720000000000155,2.7775,37722.21,55286.448
603603.SH,20181227,15.2838,15.2838,14.1516,14.3006,14.9759,-0.6753,-4.5092,39537.0,58891.253
603603.SH,20181226,14.6978,15.1844,14.5588,14.9759,14.6978,0.27809999999999846,1.8921,38699.2,58164.208
603603.SH,20181225,15.1745,15.1745,13.9034,14.6978,15.3831,-0.6852999999999998,-4.4549,48425.41,70428.927
603603.SH,20181224,15.1745,15.4427,15.1447,15.3831,15.2838,0.09930000000000128,0.6497,31521.21,48575.027
603603.SH,20181221,15.5122,15.5122,14.9461,15.2838,15.5718,-0.28800000000000026,-1.8495,39838.21,61056.171
603603.SH,20181220,15.7009,16.0385,15.4129,15.5718,15.7009,-0.1291000000000011,-0.8222,49313.21,77830.785
603603.SH,20181219,15.9591,16.108,15.5618,15.7009,16.0186,-0.31769999999999854,-1.9833,56867.99,90458.496
603603.SH,20181218,16.8628,16.8628,15.9591,16.0186,17.3196,-1.301000000000002,-7.5117,88357.2,145734.526
603603.SH,20181217,16.3861,17.8261,15.7406,17.3196,16.2471,1.0725000000000016,6.6012,150939.62,251849.231
603603.SH,20181214,14.668,16.2471,14.5985,16.2471,14.7673,1.4797999999999991,10.0208,131658.21,209325.078
603603.SH,20181213,14.7475,14.9163,14.1516,14.7673,14.7078,0.059499999999999886,0.4045,48928.46,71766.655
603603.SH,20181212,15.2341,15.542,14.7078,14.7078,15.3533,-0.6455000000000002,-4.2043,52391.0,79473.862
603603.SH,20181211,15.2838,15.6413,15.1348,15.3533,15.5022,-0.14889999999999937,-0.9605,48430.0,74634.314
603603.SH,20181210,14.8766,15.6313,14.7177,15.5022,15.0454,0.45679999999999943,3.0361,79360.0,122105.046
603603.SH,20181207,14.2609,15.4427,14.0821,15.0454,14.241,0.8044000000000011,5.6485,77823.84,115409.944
603603.SH,20181206,13.9927,14.241,13.9629,14.241,14.2609,-0.019899999999999807,-0.1395,35036.21,49822.253
603603.SH,20181205,13.5955,14.2807,13.4565,14.2609,13.9331,0.32779999999999987,2.3527,43530.0,60791.982
603603.SH,20181204,13.6749,14.0424,13.5856,13.9331,13.6253,0.3078000000000003,2.259,34454.0,48114.345
603603.SH,20181203,13.7047,13.8537,13.516,13.6253,13.3671,0.25819999999999865,1.9316,28890.63,39833.682
603603.SH,20181130,13.2479,13.377,12.9599,13.3671,13.3075,0.05960000000000143,0.4479,28152.0,37476.195
603603.SH,20181129,14.1318,14.1914,13.2181,13.3075,14.0523,-0.7448000000000015,-5.3002,38824.0,53633.09
603603.SH,20181128,13.9828,14.1814,13.4068,14.0523,14.0126,0.039699999999999847,0.2833,33039.64,46169.44
603603.SH,20181127,14.2013,14.4992,13.9034,14.0126,14.1715,-0.15889999999999915,-1.1213,41981.0,60076.842
603603.SH,20181126,13.9431,14.2609,13.5856,14.1715,13.9729,0.19860000000000078,1.4213,37899.0,53533.623
603603.SH,20181123,14.7475,15.0256,13.5558,13.9729,14.8567,-0.8838000000000008,-5.9488,68470.0,98763.421
603603.SH,20181122,14.9461,15.244,14.6978,14.8567,15.3433,-0.48659999999999926,-3.1714,77421.91,116583.731
603603.SH,20181121,14.668,16.0782,14.668,15.3433,16.1775,-0.8341999999999992,-5.1565,109792.15,169266.852
603603.SH,20181120,16.1775,16.1775,16.1775,16.1775,17.975,-1.797500000000003,-10.0,23370.0,38069.73
603603.SH,20181119,16.1775,18.0744,16.0087,17.975,16.5649,1.4101,8.5126,96061.5,163979.365
603603.SH,20181116,15.9293,17.0018,15.7009,16.5649,16.3166,0.2483000000000004,1.5218,87967.01,143344.716
603603.SH,20181115,16.0882,17.1706,15.7009,16.3166,15.6413,0.6753000000000018,4.3174,120039.01,197915.383
603603.SH,20181114,14.0225,15.6413,14.0225,15.6413,14.2211,1.4201999999999995,9.9866,69619.83,103200.124
603603.SH,20181113,14.0622,14.7078,13.9034,14.2211,14.2013,0.01980000000000004,0.1394,77863.61,112719.134
603603.SH,20181112,13.2082,14.2013,13.0791,14.2013,12.9103,1.2910000000000004,9.9998,65039.41,90249.171
603603.SH,20181109,12.8507,12.9698,12.6322,12.9103,12.8805,0.029799999999999827,0.2314,12526.0,16192.271
603603.SH,20181108,13.0294,13.1486,12.8805,12.8805,12.9897,-0.10919999999999952,-0.8407,11226.0,14715.851
603603.SH,20181107,13.1883,13.2082,12.9103,12.9897,13.0096,-0.019900000000001583,-0.153,16180.0,21287.426
603603.SH,20181106,13.2876,13.2876,12.8209,13.0096,13.2876,-0.2779999999999987,-2.0922,18247.0,23891.502
603603.SH,20181105,13.1784,13.5657,12.9897,13.2876,13.1685,0.11909999999999954,0.9044,30079.0,40107.884
603603.SH,20181102,13.1188,13.2082,12.9301,13.1685,12.8606,0.30790000000000006,2.3941,26622.0,35148.542
603603.SH,20181101,12.8904,13.089,12.7216,12.8606,12.7414,0.1191999999999993,0.9355,21757.0,28240.158
603603.SH,20181031,12.6421,12.8507,12.6421,12.7414,12.6421,0.09930000000000128,0.7855,16384.0,21057.725
603603.SH,20181030,12.3641,12.662,12.1952,12.6421,12.3641,0.2779999999999987,2.2484,11604.0,14602.134
603603.SH,20181029,12.4932,12.7116,12.2945,12.3641,12.5627,-0.198599999999999,-1.5809,11582.0,14567.518
603603.SH,20181026,12.9103,13.0294,12.3641,12.5627,12.3343,0.22839999999999883,1.8517,21976.21,28292.779
603603.SH,20181025,12.2052,12.4236,11.9767,12.3343,12.6223,-0.2879999999999985,-2.2817,17963.0,22064.099
603603.SH,20181024,12.7414,12.8904,12.4932,12.6223,12.513,0.10929999999999929,0.8735,20075.0,25583.57
603603.SH,20181023,12.8705,13.1585,12.4634,12.513,12.94,-0.4269999999999996,-3.2998,29609.0,38238.95
603603.SH,20181022,12.0165,13.0394,11.9867,12.94,11.9767,0.9633000000000003,8.0431,36238.09,45761.57
603603.SH,20181019,11.51,12.0463,11.4504,11.9767,11.7384,0.23829999999999885,2.0301,13765.0,16370.544
603603.SH,20181018,11.9867,12.086,11.4206,11.7384,12.1555,-0.4170999999999996,-3.4314,17922.0,21077.315
603603.SH,20181017,12.4634,12.5329,11.8675,12.1555,12.2449,-0.08939999999999948,-0.7301,21485.09,26407.243
603603.SH,20181016,11.8377,12.7812,11.7185,12.2449,11.8377,0.40719999999999956,3.4399,28957.0,35479.71
603603.SH,20181015,12.086,12.1754,11.7185,11.8377,12.086,-0.2483000000000004,-2.0544,12845.0,15507.596
603603.SH,20181012,12.6123,12.6123,11.5299,12.086,12.7216,-0.6356000000000002,-4.9962,21271.0,25622.899
603603.SH,20181011,13.4167,13.6154,12.7216,12.7216,14.1318,-1.4101999999999997,-9.9789,21313.0,28003.521
603603.SH,20181010,13.7842,14.3502,13.7842,14.1318,13.8736,0.25820000000000043,1.8611,19468.0,27724.509
603603.SH,20181009,13.8934,14.092,13.6749,13.8736,13.8934,-0.01980000000000004,-0.1425,12484.0,17386.298
603603.SH,20181008,14.4893,14.4893,13.7047,13.8934,14.529,-0.6356000000000002,-4.3747,15942.0,22495.018
603603.SH,20180928,14.6184,14.7574,14.2807,14.529,14.7773,-0.2483000000000004,-1.6803,20879.0,30417.209
603603.SH,20180927,14.668,15.7704,14.4595,14.7773,14.6581,0.11920000000000108,0.8132,40877.0,61998.578
603603.SH,20180926,14.5985,14.6978,14.5489,14.6581,14.6283,0.029799999999999827,0.2037,12633.46,18634.339
603603.SH,20180925,14.6978,14.7475,14.4893,14.6283,14.678,-0.04970000000000141,-0.3386,15252.0,22470.341
603603.SH,20180921,14.4198,14.6978,14.3006,14.678,14.5191,0.15890000000000093,1.0944,21194.91,31076.947
603603.SH,20180920,14.4992,14.6382,14.3205,14.5191,14.6085,-0.08939999999999948,-0.612,19253.0,28101.276
603603.SH,20180919,14.668,14.7276,14.4297,14.6085,14.6283,-0.01980000000000004,-0.1354,23940.21,35179.109
603603.SH,20180918,14.5588,14.7475,14.3999,14.6283,14.5985,0.029799999999999827,0.2041,20713.0,30452.476
603603.SH,20180917,15.0653,15.0653,14.0027,14.5985,15.1348,-0.5363000000000007,-3.5435,31446.21,45800.646
603603.SH,20180914,15.7803,15.7902,14.956,15.1348,15.9889,-0.854099999999999,-5.3418,34454.0,53281.993
603603.SH,20180913,16.8826,16.9621,15.9094,15.9889,15.5916,0.39729999999999954,2.5482,41472.91,68128.833
603603.SH,20180905,16.2173,16.2173,15.5916,15.5916,16.1577,-0.5660999999999987,-3.5036,17747.0,28381.846
603603.SH,20180904,16.0385,16.2769,15.9491,16.1577,16.1775,-0.01980000000000004,-0.1224,13992.0,22667.476
603603.SH,20180903,16.684,16.684,15.8796,16.1775,16.8826,-0.7051000000000016,-4.1765,15196.21,24812.06
603603.SH,20180831,17.1806,17.3693,16.6145,16.8826,17.3792,-0.4966000000000008,-2.8574,15951.0,27127.716
603603.SH,20180830,17.5679,17.8459,17.1806,17.3792,17.5182,-0.13899999999999935,-0.7935,18836.0,33214.255
603603.SH,20180829,17.8757,17.9353,17.3792,17.5182,17.8857,-0.3674999999999997,-2.0547,20427.99,36088.551
603603.SH,20180828,18.124,18.124,17.8857,17.8857,18.1042,-0.2184999999999988,-1.2069,13471.0,24365.483
603603.SH,20180827,18.0843,18.124,17.7566,18.1042,18.0843,0.019899999999999807,0.11,16666.0,30278.403
603603.SH,20180824,18.1935,18.1935,17.8757,18.0843,18.1836,-0.0992999999999995,-0.5461,10048.0,18191.108
603603.SH,20180823,18.263,18.263,18.0048,18.1836,18.1836,0.0,0.0,8018.0,14647.66
603603.SH,20180822,18.3624,18.3624,18.0545,18.1836,18.1935,-0.009900000000001796,-0.0544,7893.0,14433.849
603603.SH,20180821,18.263,18.4517,18.0744,18.1935,18.2432,-0.04970000000000141,-0.2724,10441.0,19169.843
603603.SH,20180820,18.2134,18.4617,18.0545,18.2432,18.2829,-0.039699999999999847,-0.2171,6126.0,11234.853
603603.SH,20180817,18.273,18.4716,18.0247,18.2829,18.2829,0.0,0.0,12004.0,21997.565
603603.SH,20180816,17.9353,18.3425,17.8459,18.2829,18.2928,-0.009899999999998244,-0.0541,12692.0,23125.777
603603.SH,20180815,18.2928,18.4617,17.9453,18.2928,18.3822,-0.08940000000000126,-0.4863,13805.0,25216.592
603603.SH,20180814,18.6504,18.8986,18.3723,18.3822,18.3028,0.07939999999999969,0.4338,17408.0,32507.613
603603.SH,20180813,17.9254,18.3524,17.8261,18.3028,18.3822,-0.07939999999999969,-0.4319,14130.21,25680.454
603603.SH,20180810,18.3127,18.5709,18.0942,18.3822,18.4219,-0.039699999999999847,-0.2155,15728.21,29099.056
603603.SH,20180809,18.2035,18.7397,17.985,18.4219,18.3127,0.1092000000000013,0.5963,20084.21,37229.572
603603.SH,20180808,18.6305,18.6305,17.697,18.3127,18.6504,-0.33770000000000167,-1.8107,18425.63,33811.993
603603.SH,20180807,18.3624,18.8291,17.8459,18.6504,18.4915,0.1589000000000027,0.8593,15532.21,28804.597
603603.SH,20180806,18.3524,18.551,17.1607,18.4915,18.3524,0.1390999999999991,0.7579,22360.0,40142.0
603603.SH,20180803,19.0178,19.0178,18.273,18.3524,18.9384,-0.5860000000000021,-3.0942,15808.8,29570.556
603603.SH,20180802,20.0606,20.0606,18.4815,18.9384,20.279,-1.3405999999999985,-6.6108,31579.0,60653.365
603603.SH,20180801,21.2523,21.3019,20.14,20.279,21.2324,-0.9533999999999985,-4.4903,28670.21,59979.386
603603.SH,20180731,20.5074,21.2523,20.3188,21.2324,20.7855,0.4468999999999994,2.1501,27055.0,56781.738
603603.SH,20180730,20.9146,20.9146,20.5472,20.7855,21.2026,-0.41710000000000136,-1.9672,32453.0,67751.848
603603.SH,20180727,20.8352,22.1758,20.5472,21.2026,20.289,0.9135999999999989,4.5029,67351.89,144298.394
603603.SH,20180726,20.0804,20.4578,20.0109,20.289,19.9811,0.30790000000000006,1.541,31803.0,64735.499
603603.SH,20180725,20.7061,20.7061,19.8917,19.9811,20.2393,-0.25819999999999865,-1.2757,26550.0,53991.469
603603.SH,20180724,19.6931,20.3585,19.4746,20.2393,19.8222,0.41710000000000136,2.1042,31948.99,64387.174
603603.SH,20180723,19.564,19.8321,19.3753,19.8222,19.6931,0.12909999999999755,0.6556,15745.89,31135.421
603603.SH,20180720,19.5441,19.9414,19.0575,19.6931,19.7328,-0.039699999999999847,-0.2012,21259.99,41509.596
603603.SH,20180719,20.3585,20.6465,19.5938,19.7328,20.5074,-0.7745999999999995,-3.7772,26276.28,52854.591
603603.SH,20180718,19.8619,21.3516,19.6832,20.5074,19.8619,0.645500000000002,3.2499,44792.29,93206.514
603603.SH,20180717,19.7626,19.9414,19.564,19.8619,19.6037,0.25819999999999865,1.3171,14848.42,29536.309
603603.SH,20180716,19.8123,20.1897,19.4448,19.6037,19.703,-0.0992999999999995,-0.504,13826.42,27513.882
603603.SH,20180713,19.9708,20.1388,19.6151,19.704,19.7732,-0.0691999999999986,-0.35,18790.0,37712.199
603603.SH,20180712,19.4669,19.9609,19.4669,19.7732,19.121,0.6522000000000006,3.4109,23458.12,46997.943
603603.SH,20180711,19.6645,19.7534,18.8048,19.121,19.8325,-0.7115000000000009,-3.5875,18259.42,35640.124
603603.SH,20180710,20.0894,20.2475,19.6151,19.8325,19.7633,0.0691999999999986,0.3501,17041.31,34193.04
603603.SH,20180709,19.5163,20.208,19.2692,19.7633,19.0024,0.7608999999999995,4.0042,18284.9,36617.554
603603.SH,20180706,18.953,19.4076,18.6961,19.0024,18.8443,0.15810000000000102,0.839,16652.83,32162.848
603603.SH,20180705,19.9708,20.0104,18.8048,18.8443,20.0202,-1.1758999999999986,-5.8736,24462.0,47829.067
603603.SH,20180704,20.0104,20.8207,19.8621,20.0202,19.9115,0.10869999999999891,0.5459,30060.0,61802.427
603603.SH,20180703,19.7534,20.1191,19.3977,19.9115,19.5854,0.3261000000000003,1.665,19653.0,39402.717
603603.SH,20180702,20.1487,20.1487,19.2692,19.5854,20.2475,-0.6620999999999988,-3.27,21946.0,43889.601
603603.SH,20180629,19.4076,20.287,19.2692,20.2475,19.2099,1.0375999999999976,5.4014,25918.0,51805.586
603603.SH,20180628,19.4372,19.7633,19.1704,19.2099,19.4471,-0.23719999999999786,-1.2197,12336.0,24318.463
603603.SH,20180627,19.3878,19.625,19.1507,19.4471,19.3878,0.05930000000000035,0.3059,14666.21,28857.265
603603.SH,20180626,18.7751,19.5163,18.706,19.3878,19.1309,0.25689999999999813,1.3429,15556.0,30163.112
603603.SH,20180625,19.5756,19.7534,18.9728,19.1309,19.0024,0.12849999999999895,0.6762,18666.0,36746.542
603603.SH,20180622,18.4985,19.0321,18.1526,19.0024,18.5182,0.4842000000000013,2.6147,18815.0,35813.655
603603.SH,20180621,19.9115,20.3463,18.4095,18.5182,20.1685,-1.6503000000000014,-8.1826,21297.0,41742.472
603603.SH,20180620,20.3364,20.4649,19.3878,20.1685,20.3463,-0.17779999999999774,-0.8739,20015.0,40671.316
603603.SH,20180619,21.9768,21.9768,20.3463,20.3463,22.6092,-2.262900000000002,-10.0088,20416.0,43009.499
603603.SH,20180615,23.2515,23.4887,22.4314,22.6092,22.965,-0.35579999999999856,-1.5493,14515.88,33587.223
603603.SH,20180614,22.9847,23.6962,22.8365,22.965,22.8958,0.0691999999999986,0.3022,17796.88,41910.55
603603.SH,20180613,23.7555,23.7555,21.9472,22.8958,23.9235,-1.0276999999999994,-4.2958,22118.88,51534.068
603603.SH,20180612,23.3405,24.7041,23.133,23.9235,22.9156,1.0078999999999994,4.3983,34236.7,83100.559
603603.SH,20180611,22.3227,23.3207,22.3227,22.9156,22.5796,0.3360000000000021,1.4881,19535.45,45239.5
603603.SH,20180608,23.5875,23.627,22.3523,22.5796,23.6567,-1.0771000000000015,-4.553,25436.69,58550.821
603603.SH,20180607,24.1112,24.2891,23.6369,23.6567,24.0816,-0.42490000000000094,-1.7644,16115.7,38969.281
603603.SH,20180606,24.1903,24.4275,23.8148,24.0816,24.1409,-0.0592999999999968,-0.2456,16613.0,40421.422
603603.SH,20180605,23.8148,24.2298,23.8049,24.1409,23.8148,0.3260999999999967,1.3693,15684.14,38171.036
603603.SH,20180604,24.5065,24.5065,23.716,23.8148,23.8741,-0.0592999999999968,-0.2484,13457.77,32808.249
603603.SH,20180601,24.3188,24.7931,23.5183,23.8741,24.4275,-0.5533999999999999,-2.2655,19991.45,48851.559
603603.SH,20180531,24.0322,24.8919,24.0322,24.4275,24.299,0.12849999999999895,0.5288,22179.0,55006.002
603603.SH,20180530,26.2852,26.2852,24.299,24.299,26.9967,-2.697700000000001,-9.9927,35008.46,88218.095
603603.SH,20180529,27.8959,28.1528,26.9572,26.9967,27.7971,-0.8003999999999998,-2.8794,22568.21,62746.658
603603.SH,20180528,29.9315,29.9908,27.1746,27.7971,29.7537,-1.9565999999999981,-6.576,32667.46,93312.312
603603.SH,20180525,30.3367,30.3367,29.7141,29.7537,30.06,-0.30630000000000024,-1.019,21736.4,65697.866
603603.SH,20180524,30.0205,30.228,29.6944,30.06,29.6845,0.37549999999999883,1.265,37248.21,112959.076
603603.SH,20180523,30.2576,30.396,29.3979,29.6845,31.2162,-1.5317000000000007,-4.9067,53812.88,162151.416
603603.SH,20180522,31.3347,31.3347,30.396,31.2162,28.4888,2.7273999999999994,9.5736,102041.31,320476.93
603603.SH,20180521,28.4888,28.4888,28.4888,28.4888,25.8998,2.589000000000002,9.9962,6804.54,19617.489
603603.SH,20180131,27.9849,28.1627,25.7911,25.8998,28.2615,-2.3617000000000026,-8.3566,27727.17,74595.2
603603.SH,20180130,29.1805,29.4671,28.1627,28.2615,29.4967,-1.235199999999999,-4.1876,24766.35,71333.898
603603.SH,20180129,31.6213,31.6213,28.7556,29.4967,31.6411,-2.144400000000001,-6.7773,32242.11,98337.962
603603.SH,20180126,31.6213,32.2043,31.6213,31.6411,32.234,-0.5929000000000002,-1.8394,18245.31,58612.2
603603.SH,20180125,32.4711,32.7873,32.1154,32.234,32.4711,-0.2370999999999981,-0.7302,17453.52,57410.271
603603.SH,20180124,32.3525,32.5996,31.7201,32.4711,32.313,0.15809999999999746,0.4893,17327.52,56481.506
603603.SH,20180123,32.313,32.7577,32.2043,32.313,32.5304,-0.21739999999999782,-0.6683,10505.0,34373.609
603603.SH,20180122,32.2043,32.8862,32.2043,32.5304,32.1648,0.3656000000000006,1.1366,14237.0,46981.456
603603.SH,20180119,32.5601,32.8269,32.1154,32.1648,32.5601,-0.3952999999999989,-1.2141,15110.11,49465.906
603603.SH,20180118,33.0047,33.0047,32.4909,32.5601,33.1134,-0.5533000000000001,-1.6709,15552.11,51342.523
603603.SH,20180117,32.7083,33.4,32.0462,33.1134,32.6984,0.41499999999999915,1.2692,21871.0,72632.388
603603.SH,20180116,32.6095,33.064,32.4909,32.6984,32.7676,-0.06920000000000215,-0.2112,15135.96,50202.586
603603.SH,20180115,34.398,34.566,32.6095,32.7676,34.566,-1.7984000000000009,-5.2028,19371.0,65763.016
603603.SH,20180112,34.3388,35.0107,34.1016,34.566,34.566,0.0,0.0,15568.0,54336.643
603603.SH,20180111,34.1807,34.8724,33.9435,34.566,34.4771,0.08890000000000242,0.2579,14866.89,51677.661
603603.SH,20180110,35.1985,35.485,34.2004,34.4771,35.3368,-0.8596999999999966,-2.4329,20036.0,70464.977
603603.SH,20180109,35.5838,36.0186,35.1095,35.3368,35.7518,-0.41500000000000625,-1.1608,17647.31,63281.326
603603.SH,20180108,36.1175,36.5424,35.3664,35.7518,36.0088,-0.2569999999999979,-0.7137,17767.34,64241.584
603603.SH,20180105,35.8408,36.4534,35.5937,36.0088,36.0088,0.0,0.0,23494.31,85673.948
603603.SH,20180104,36.2657,36.8487,35.7716,36.0088,36.7993,-0.7905000000000015,-2.1481,42373.19,155063.494
603603.SH,20180103,35.1985,37.412,35.1985,36.7993,34.7143,2.085000000000001,6.0062,71632.87,264968.878
603603.SH,20180102,34.4771,34.823,34.4672,34.7143,34.4969,0.21740000000000492,0.6302,13475.1,47244.927
603603.SH,20171229,34.2498,34.6649,34.2498,34.4969,34.4672,0.029699999999998283,0.0862,13692.52,47772.654
603603.SH,20171228,34.5858,34.7736,34.1115,34.4672,35.3467,-0.8795000000000002,-2.4882,25714.42,89743.399
603603.SH,20171227,34.1411,37.2538,33.9929,35.3467,33.9534,1.3932999999999964,4.1036,42237.34,151506.444
603603.SH,20171226,33.4,34.2893,33.4,33.9534,33.5087,0.44470000000000454,1.3271,17048.67,58658.616
603603.SH,20171225,34.7439,34.8921,33.4,33.5087,34.8625,-1.3537999999999997,-3.8833,20169.66,69178.222
603603.SH,20171222,34.9119,35.1491,34.5957,34.8625,35.2083,-0.3458000000000041,-0.9822,16540.2,58263.39
603603.SH,20171221,34.5858,36.1175,34.5562,35.2083,34.6056,0.6026999999999987,1.7416,26645.83,95814.246
603603.SH,20171220,35.821,35.9297,34.487,34.6056,35.7716,-1.1659999999999968,-3.2596,19335.0,68595.426
603603.SH,20171219,35.7222,36.0483,35.4356,35.7716,35.8012,-0.02960000000000207,-0.0827,13341.24,48160.499
603603.SH,20171218,35.8704,36.2953,35.6036,35.8012,36.0582,-0.2569999999999979,-0.7127,14589.66,52943.708
603603.SH,20171215,35.3961,36.2459,35.3467,36.0582,35.7321,0.3260999999999967,0.9126,26368.03,95837.467
603603.SH,20171214,35.574,35.7716,35.0898,35.7321,35.6234,0.10870000000000601,0.3051,15421.62,55139.25
603603.SH,20171213,34.9811,36.1372,34.8921,35.6234,35.0404,0.5829999999999984,1.6638,19723.0,71311.956
603603.SH,20171212,36.1273,36.2064,35.0305,35.0404,35.8507,-0.8103000000000051,-2.2602,14694.0,52814.276
603603.SH,20171211,35.3269,35.989,35.1095,35.8507,35.4653,0.3854000000000042,1.0867,15115.1,54537.229
603603.SH,20171208,34.9909,36.068,34.9909,35.4653,34.9909,0.4743999999999957,1.3558,17434.12,62695.123
603603.SH,20171207,35.1886,35.7617,34.9811,34.9909,35.6728,-0.6818999999999988,-1.9115,13712.71,49000.642
603603.SH,20171206,35.7716,36.0384,34.4376,35.6728,35.9297,-0.2568999999999946,-0.715,18997.7,67988.15
603603.SH,20171205,36.6214,36.9475,35.6827,35.9297,36.3645,-0.43480000000000274,-1.1957,22099.0,81106.319
603603.SH,20171204,36.5621,37.1847,36.0779,36.3645,37.8764,-1.5118999999999971,-3.9917,20723.46,76646.942
603603.SH,20171201,38.2321,38.914,37.7084,37.8764,37.6985,0.17789999999999395,0.4719,22390.0,86544.615
603603.SH,20171130,37.5701,38.1432,37.1353,37.6985,37.9653,-0.2667999999999964,-0.7027,20435.0,77499.422
603603.SH,20171129,37.1451,38.9733,37.1056,37.9653,37.0364,0.9288999999999987,2.5081,34259.58,132428.271
603603.SH,20171128,36.9376,37.2637,36.2756,37.0364,37.0167,0.019700000000000273,0.0532,18163.25,67637.173
603603.SH,20171127,36.5621,37.5207,35.9692,37.0167,35.989,1.027700000000003,2.8556,27967.67,104375.181
603603.SH,20171124,35.574,36.8092,35.574,35.989,36.3941,-0.40510000000000446,-1.1131,12694.0,46585.324
603603.SH,20171123,37.5503,38.0444,36.3645,36.3941,37.3724,-0.9782999999999973,-2.6177,21432.0,80602.957
603603.SH,20171122,37.7973,38.3902,37.2637,37.3724,38.0049,-0.6325000000000003,-1.6643,15335.46,58392.659
603603.SH,20171121,37.827,38.8151,37.0562,38.0049,38.2519,-0.2469999999999999,-0.6457,19167.0,73680.206
603603.SH,20171120,38.1333,38.7855,35.6333,38.2519,38.1333,0.1186000000000007,0.311,23376.0,88339.043
603603.SH,20171117,40.3369,40.8014,37.0661,38.1333,40.3764,-2.2430999999999983,-5.5555,37639.67,147137.566
603603.SH,20171116,42.3725,42.3725,40.327,40.3764,42.6097,-2.2333,-5.2413,35267.92,147436.671
603603.SH,20171115,43.0544,44.0228,42.5702,42.6097,43.3607,-0.7510000000000048,-1.732,23440.46,102056.789
603603.SH,20171114,43.0643,44.2698,42.6591,43.3607,43.0544,0.30630000000000024,0.7114,36008.0,158988.446
603603.SH,20171113,43.084,43.4991,42.5504,43.0544,43.8449,-0.7905000000000015,-1.8029,30745.0,133403.498
603603.SH,20171110,45.1987,45.4359,43.7066,43.8449,43.8647,-0.019799999999996487,-0.0451,25251.0,113135.967
603603.SH,20171109,43.7362,44.3489,43.5781,43.8647,44.0425,-0.17779999999999774,-0.4037,20188.1,89826.897
603603.SH,20171108,43.4299,44.4675,43.1532,44.0425,43.3805,0.661999999999999,1.526,31711.62,140614.283
603603.SH,20171107,43.2026,43.4793,42.9062,43.3805,43.1433,0.2371999999999943,0.5498,21984.92,96054.147
603603.SH,20171106,42.501,43.4694,42.501,43.1433,42.8073,0.3360000000000056,0.7849,19182.0,83552.363
603603.SH,20171103,44.171,44.6651,42.6097,42.8073,44.3093,-1.5020000000000024,-3.3898,31501.0,138604.837
603603.SH,20171102,45.3568,45.4556,43.9635,44.3093,45.594,-1.2847000000000008,-2.8177,34714.0,156585.982
603603.SH,20171101,45.5841,45.9299,45.3568,45.594,45.5841,0.009900000000001796,0.0217,24223.46,111832.756
603603.SH,20171031,45.6137,46.1276,44.9912,45.5841,45.4457,0.1383999999999972,0.3045,28752.0,132600.472
603603.SH,20171030,46.4438,47.0762,44.4675,45.4457,46.6612,-1.2154999999999987,-2.6049,42520.0,194694.005
603603.SH,20171027,48.0249,48.4004,46.5228,46.6612,48.2324,-1.5711999999999975,-3.2576,36268.11,174384.913
603603.SH,20171026,47.9656,48.5683,47.4517,48.2324,48.0446,0.18779999999999575,0.3909,46596.1,226707.619
603603.SH,20171025,47.7778,48.6079,47.5308,48.0446,47.4122,0.6324000000000041,1.3338,48659.08,236996.927
603603.SH,20171024,46.5722,47.9952,46.2462,47.4122,47.175,0.2372000000000014,0.5028,41777.54,198765.856
603603.SH,20171023,46.345,48.4004,46.345,47.175,46.6513,0.5236999999999981,1.1226,48009.45,230774.193
603603.SH,20171020,46.4043,46.8786,45.9497,46.6513,46.2956,0.3556999999999988,0.7683,32195.8,151202.997
603603.SH,20171019,46.6414,47.0861,46.0782,46.2956,48.2917,-1.9960999999999984,-4.1334,60589.0,285466.059
603603.SH,20171018,48.7264,50.4953,47.9359,48.2917,48.3411,-0.049399999999998556,-0.1022,81699.39,407474.834
603603.SH,20171017,47.926,48.8747,47.2936,48.3411,49.3885,-1.0474000000000032,-2.1207,67871.21,329345.896
603603.SH,20171016,52.1751,52.2147,48.6375,49.3885,52.5605,-3.171999999999997,-6.035,139331.63,712116.48
603603.SH,20171013,47.4418,52.5605,46.8391,52.5605,47.7778,4.782699999999998,10.0103,163875.25,848577.146
603603.SH,20171012,47.9754,48.7067,47.2343,47.7778,48.6573,-0.8795000000000002,-1.8075,46914.16,226426.42
603603.SH,20171011,49.8036,50.2976,48.6178,48.6573,49.2304,-0.5731000000000037,-1.1641,45180.0,225226.642
603603.SH,20171010,48.8944,49.764,48.4399,49.2304,49.3095,-0.07909999999999684,-0.1604,47837.13,237412.805
603603.SH,20171009,48.8154,49.5565,47.7086,49.3095,48.3806,0.9288999999999987,1.92,71160.34,351465.816
603603.SH,20170929,46.9082,48.8944,46.4932,48.3806,46.4734,1.9072000000000031,4.1039,69646.26,338683.379
603603.SH,20170928,47.6296,47.9063,46.424,46.4734,47.5604,-1.0870000000000033,-2.2855,37511.79,179285.948
603603.SH,20170927,47.2244,47.6098,46.5228,47.5604,47.1256,0.43480000000000274,0.9226,37775.97,179971.609
603603.SH,20170926,46.1276,47.7284,44.7837,47.1256,46.4636,0.661999999999999,1.4248,61865.23,290999.696
603603.SH,20170925,46.6414,47.8173,46.2462,46.4636,46.0288,0.43480000000000274,0.9446,51812.89,246643.62
603603.SH,20170922,45.5544,46.2363,44.9418,46.0288,45.841,0.18779999999999575,0.4097,38817.84,178653.145
603603.SH,20170921,47.8865,48.0841,45.6533,45.841,47.7877,-1.9466999999999999,-4.0736,62365.82,294060.277
603603.SH,20170920,47.4814,48.3015,46.9972,47.7877,47.7185,0.06920000000000215,0.145,52545.03,253964.795
603603.SH,20170919,49.6059,49.6059,47.5901,47.7185,50.3964,-2.677900000000001,-5.3137,95576.41,468532.098
603603.SH,20170918,51.6811,52.2443,50.0111,50.3964,49.6652,0.7312000000000012,1.4723,81959.21,421817.27
603603.SH,20170915,49.8431,51.3846,48.6178,49.6652,49.3095,0.3556999999999988,0.7214,79896.49,403298.603
603603.SH,20170914,49.4182,50.3569,48.43,49.3095,50.6731,-1.3635999999999981,-2.691,92414.81,460674.003
603603.SH,20170913,48.262,52.3629,47.926,50.6731,47.5999,3.0732,6.4563,154226.43,790200.215
603603.SH,20170912,48.6178,50.1988,47.2047,47.5999,48.9636,-1.3637000000000015,-2.7851,110364.12,546656.322
603603.SH,20170911,49.1118,49.853,48.2324,48.9636,49.5071,-0.5435000000000016,-1.0978,107391.33,533141.493
603603.SH,20170908,48.1237,49.8826,47.1355,49.5071,48.766,0.741100000000003,1.5197,166896.64,816604.162
603603.SH,20170907,45.4457,49.6059,45.0999,48.766,45.0999,3.6661,8.1288,204717.15,997359.069
603603.SH,20170906,45.258,46.4043,44.5366,45.0999,45.5742,-0.4742999999999995,-1.0407,60126.8,276151.664
603603.SH,20170905,45.9497,46.3647,45.1691,45.5742,46.3944,-0.8201999999999998,-1.7679,58790.9,271937.514
603603.SH,20170904,44.4082,46.7699,44.0228,46.3944,45.4161,0.9782999999999973,2.1541,110274.11,508912.359
603603.SH,20170901,45.9695,47.4221,44.8726,45.4161,45.8509,-0.43480000000000274,-0.9483,121421.02,566042.651
603603.SH,20170831,43.6769,45.9398,43.3607,45.8509,43.8449,2.0060000000000002,4.5752,97458.51,441072.393
603603.SH,20170830,44.0722,44.7837,43.3607,43.8449,44.7936,-0.9486999999999952,-2.1179,77076.16,343238.64
603603.SH,20170829,45.426,47.3331,44.4971,44.7936,45.6533,-0.8597000000000037,-1.8831,116873.95,542671.411
603603.SH,20170828,44.0722,45.8904,43.3014,45.6533,43.9931,1.6602000000000032,3.7738,100180.85,452785.498
603603.SH,20170825,43.3113,44.1512,42.4911,43.9931,43.924,0.06909999999999883,0.1573,78694.64,344649.609
603603.SH,20170824,42.916,45.9398,42.916,43.924,43.4496,0.4744000000000028,1.0918,98552.69,444092.254
603603.SH,20170823,44.1809,45.4457,43.084,43.4496,44.6058,-1.1562000000000054,-2.592,100922.4,452557.441
603603.SH,20170822,45.4556,46.2462,44.171,44.6058,46.7007,-2.0948999999999955,-4.4858,109233.17,497524.406
603603.SH,20170821,45.3568,46.8885,44.0327,46.7007,45.3173,1.3833999999999946,3.0527,183746.51,843956.842
603603.SH,20170818,43.4793,45.3173,43.4793,45.3173,41.1966,4.1207000000000065,10.0025,178584.56,813142.022
603603.SH,20170817,39.6749,41.5622,39.576,41.1966,40.0998,1.0967999999999947,2.7352,82934.71,340676.424
603603.SH,20170816,38.6472,40.1195,38.5582,40.0998,38.9733,1.1265,2.8904,73787.43,294607.9
603603.SH,20170815,39.5365,39.7243,38.6373,38.9733,39.2302,-0.2569000000000017,-0.6549,42533.16,167681.18
603603.SH,20170814,38.0641,39.4772,38.0444,39.2302,37.7973,1.4329000000000036,3.791,58993.9,231888.634
603603.SH,20170811,37.2538,38.5385,36.8191,37.7973,37.5404,0.2569000000000017,0.6843,45324.8,173558.023
603603.SH,20170810,38.9436,39.4278,37.2637,37.5404,38.7064,-1.166000000000004,-3.0124,54280.63,209639.024
603603.SH,20170809,38.5286,39.5365,38.1926,38.7064,38.9831,-0.27669999999999817,-0.7098,43907.99,173008.855
603603.SH,20170808,39.7243,40.5049,38.6966,38.9831,38.657,0.32610000000000383,0.8436,50749.06,202785.639
603603.SH,20170807,37.9653,40.1887,37.7973,38.657,38.7855,-0.1285000000000025,-0.3313,50653.56,200136.979
603603.SH,20170804,40.1986,40.7816,38.6373,38.7855,40.7816,-1.9960999999999984,-4.8946,73669.51,296532.234
603603.SH,20170803,39.408,42.4911,39.1511,40.7816,39.4673,1.3142999999999958,3.3301,112256.76,469137.442
603603.SH,20170802,39.329,40.5049,38.2914,39.4673,39.6847,-0.21739999999999782,-0.5478,90578.42,361262.691
603603.SH,20170801,37.827,41.0089,37.827,39.6847,38.0641,1.620599999999996,4.2576,92711.01,370432.604
603603.SH,20170731,38.1926,38.8151,37.7282,38.0641,38.578,-0.5138999999999996,-1.3321,44616.4,172267.389
603603.SH,20170728,39.7243,40.1195,38.5483,38.578,39.5563,-0.9782999999999973,-2.4732,54490.82,216255.928
603603.SH,20170727,39.1412,40.5049,38.0444,39.5563,39.3784,0.17790000000000106,0.4518,75122.58,298315.359
603603.SH,20170726,38.8843,40.2678,38.8349,39.3784,39.665,-0.28659999999999997,-0.7226,59328.89,236611.797
603603.SH,20170725,40.8112,40.8112,38.7855,39.665,40.495,-0.8299999999999983,-2.0496,91910.08,368184.654
603603.SH,20170724,37.738,40.495,36.9574,40.495,36.8092,3.6858000000000004,10.0133,114283.81,448774.66
603603.SH,20170721,35.9198,37.8369,35.4751,36.8092,36.1767,0.6325000000000003,1.7484,70036.25,261029.526
603603.SH,20170720,35.6925,36.8388,35.6925,36.1767,36.4732,-0.29650000000000176,-0.8129,42734.61,156846.403
603603.SH,20170719,36.5621,37.7479,36.157,36.4732,35.6629,0.810299999999998,2.2721,60620.24,226161.349
603603.SH,20170718,33.815,36.068,33.815,35.6629,33.7953,1.867600000000003,5.5262,62881.82,224390.605
603603.SH,20170717,36.9969,36.9969,33.7953,33.7953,37.5503,-3.7550000000000026,-9.9999,61321.81,217485.787
603603.SH,20170714,38.6076,39.329,37.1056,37.5503,38.8547,-1.3044000000000011,-3.3571,47457.36,182561.417
603603.SH,20170713,39.9812,40.3172,38.7657,38.8547,40.5543,-1.6995999999999967,-4.1909,47221.19,187727.714
603603.SH,20170712,39.9417,40.6136,36.5621,40.5543,39.8824,0.6719000000000008,1.6847,90292.06,353873.598
603603.SH,20170711,40.4259,41.8488,39.6452,39.8824,40.7223,-0.8399000000000001,-2.0625,49807.6,204210.515
603603.SH,20170710,40.9496,42.2638,39.6749,40.7223,41.7599,-1.0376000000000047,-2.4847,69141.29,285800.63
603603.SH,20170707,40.4654,42.8765,40.2678,41.7599,40.7223,1.0376000000000047,2.548,86925.75,368935.222
603603.SH,20170706,41.5326,41.6512,40.6136,40.7223,41.8093,-1.0870000000000033,-2.5999,63694.62,264104.548
603603.SH,20170705,42.2836,42.2836,40.999,41.8093,42.2836,-0.4742999999999995,-1.1217,58823.46,246725.598
603603.SH,20170704,41.9378,42.6888,41.5919,42.2836,41.6117,0.6719000000000008,1.6147,56357.15,240340.507
603603.SH,20170703,41.5524,42.2935,40.9792,41.6117,41.4832,0.1285000000000025,0.3098,59209.11,249510.107
603603.SH,20170630,41.582,41.8686,40.5642,41.4832,42.5603,-1.0771000000000015,-2.5308,70456.08,294139.056
603603.SH,20170629,43.6292,45.286,42.4556,42.5641,43.6489,-1.0847999999999942,-2.4853,90387.07,403673.678
603603.SH,20170628,44.428,44.6647,42.998,43.6489,45.4241,-1.7752000000000052,-3.9081,95911.01,425808.996
603603.SH,20170627,42.8501,46.5483,42.7909,45.4241,42.426,2.998100000000001,7.0667,144482.33,663305.954
603603.SH,20170626,42.1992,43.0966,40.355,42.426,42.3077,0.11830000000000496,0.2796,91026.93,385830.978
603603.SH,20170623,43.1657,43.787,40.8284,42.3077,43.2742,-0.9665000000000035,-2.2334,91102.94,390419.944
603603.SH,20170622,45.9073,47.1203,41.8343,43.2742,45.3649,-2.0906999999999982,-4.6086,137598.37,618925.1
603603.SH,20170621,47.3373,48.8264,44.0927,45.3649,47.2091,-1.8442000000000007,-3.9065,124106.32,580418.488
603603.SH,20170620,45.5424,50.4734,45.5424,47.2091,50.6016,-3.3924999999999983,-6.7043,161408.61,779189.346
603603.SH,20170525,46.7456,51.6075,44.8718,50.6016,48.3432,2.2583999999999946,4.6716,204905.34,999078.184
603603.SH,20170524,43.3826,48.3432,43.2643,48.3432,43.9448,4.398400000000002,10.0089,209230.3,997698.458
603603.SH,20170523,46.4497,47.9684,43.3235,43.9448,47.998,-4.053199999999997,-8.4445,141037.45,647040.539
603603.SH,20170522,48.8067,52.1499,46.3609,47.998,49.6252,-1.627200000000002,-3.279,163879.06,822563.476
603603.SH,20170519,50.0986,50.789,47.8698,49.6252,53.1854,-3.560200000000002,-6.6939,178802.9,889943.081
603603.SH,20170518,47.4852,53.1854,47.4458,53.1854,48.3531,4.832300000000004,9.9938,264218.09,1388770.604
603603.SH,20170517,49.5069,50.789,47.5049,48.3531,51.4398,-3.0867000000000004,-6.0006,176490.6,877538.056
603603.SH,20170516,49.7436,52.7416,48.4221,51.4398,50.2465,1.1933000000000007,2.3749,220395.13,1137408.648
603603.SH,20170515,48.284,50.2465,46.5976,50.2465,45.6805,4.565999999999995,9.9955,251874.37,1241009.444
603603.SH,20170512,45.3649,45.6805,44.5168,45.6805,41.5286,4.151900000000005,9.9977,158031.6,729754.304
603603.SH,20170511,37.5838,41.5286,36.6864,41.5286,37.7515,3.7770999999999972,10.0052,189811.41,775275.494
603603.SH,20170510,37.4753,38.3925,36.5878,37.7515,35.6114,2.140099999999997,6.0096,141402.03,538351.6
603603.SH,20170509,32.3964,35.6114,32.3767,35.6114,32.3767,3.2347000000000037,9.9908,44733.6,158402.298
603603.SH,20170508,34.8718,35.3057,32.0513,32.3767,34.931,-2.554299999999998,-7.3124,53346.66,181500.858
603603.SH,20170505,37.3767,37.3767,34.7535,34.931,37.7909,-2.859900000000003,-7.5677,72763.8,267578.177
603603.SH,20170504,37.2781,39.8817,36.8836,37.7909,37.9586,-0.1676999999999964,-0.4418,87569.83,342149.643
603603.SH,20170503,38.9645,39.2998,37.1795,37.9586,39.5957,-1.6371000000000038,-4.1345,86949.23,337583.963
603603.SH,20170502,38.4122,40.0099,37.1795,39.5957,38.3629,1.2327999999999975,3.2135,101220.4,398180.068
603603.SH,20170428,38.6686,39.9211,37.9783,38.3629,39.3688,-1.005899999999997,-2.5551,83578.24,330188.64
603603.SH,20170427,38.1164,41.0256,37.1795,39.3688,39.0138,0.3549999999999969,0.9099,151508.78,601574.252
603603.SH,20170426,35.503,40.217,35.4043,39.0138,36.7554,2.2584000000000017,6.1444,137963.38,525916.648
603603.SH,20170425,35.4043,37.9191,34.3984,36.7554,34.9507,1.804700000000004,5.1636,124031.34,460540.036
603603.SH,20170424,33.6292,36.5878,33.6292,34.9507,33.6292,1.3215000000000003,3.9296,101760.83,363678.302
603603.SH,20170421,34.714,35.3846,33.1262,33.6292,35.503,-1.8738000000000028,-5.2779,82120.02,284726.539
603603.SH,20170420,37.8402,37.8402,34.6548,35.503,34.3984,1.1045999999999978,3.2112,121112.68,447108.913
603603.SH,20170419,32.2288,34.3984,31.5483,34.3984,31.2722,3.1262000000000008,9.9967,65960.96,221134.936
603603.SH,20170418,31.5582,34.1026,31.2229,31.2722,34.6351,-3.3629,-9.7095,78129.24,259753.496
603603.SH,20170417,34.6943,35.7002,34.6351,34.6351,38.4813,-3.846199999999996,-9.995,50592.24,178533.147
603603.SH,20170414,41.9724,42.4063,38.4615,38.4813,41.7456,-3.2643000000000058,-7.8195,104238.31,416729.272
603603.SH,20170413,39.2998,45.0099,39.2505,41.7456,42.0611,-0.3155000000000001,-0.7501,129113.13,562871.933
603603.SH,20170412,43.3925,44.2801,42.0611,42.0611,46.7357,-4.674599999999998,-10.0022,90239.96,387547.878
603603.SH,20170411,44.7732,49.2604,44.1815,46.7357,46.6568,0.07890000000000441,0.1691,207175.07,983757.005
603603.SH,20170410,48.6193,49.783,46.2327,46.6568,45.2564,1.4003999999999976,3.0944,243263.57,1189504.552
603603.SH,20170407,40.5917,45.2564,39.9408,45.2564,41.144,4.112400000000001,9.9951,126693.8,556669.559
603603.SH,20170406,42.0907,44.1815,40.789,41.144,40.6509,0.4930999999999983,1.213,125906.21,542462.657
603603.SH,20170405,39.2012,40.6509,37.1795,40.6509,36.9527,3.6982,10.0079,95389.48,383385.477
603603.SH,20170331,39.7436,40.8679,36.1736,36.9527,39.8225,-2.869799999999998,-7.2065,73653.23,290681.583
603603.SH,20170330,39.7929,40.9763,38.8166,39.8225,40.6903,-0.8678000000000026,-2.1327,56972.68,230281.409
603603.SH,20170329,40.4734,41.3807,37.9487,40.6903,40.503,0.18730000000000047,0.4624,83907.15,339428.307
603603.SH,20170328,42.8304,42.9191,40.4536,40.503,42.8698,-2.366799999999998,-5.5209,69526.64,293349.702
603603.SH,20170327,43.6193,44.3688,41.8245,42.8698,43.9448,-1.0750000000000028,-2.4463,61826.97,269009.88
603603.SH,20170324,43.8856,44.8718,43.4122,43.9448,44.2604,-0.31559999999999633,-0.7131,68276.71,305177.352
603603.SH,20170323,46.7357,46.9231,42.5838,44.2604,46.6568,-2.3964,-5.1362,125747.81,571998.421
603603.SH,20170322,46.3511,47.288,45.4635,46.6568,47.3866,-0.7298000000000044,-1.5401,125333.5,590168.599
603603.SH,20170321,45.6607,48.3235,44.8718,47.3866,45.503,1.8836000000000013,4.1395,182497.12,864880.803
603603.SH,20170320,46.8442,47.0513,44.7535,45.503,48.6391,-3.136099999999999,-6.4477,171363.68,796136.405
603603.SH,20170317,45.2071,50.0592,43.9842,48.6391,45.6903,2.9487999999999985,6.4539,253129.69,1191173.162
603603.SH,20170316,41.8935,45.6903,40.9172,45.6903,41.5385,4.1518000000000015,9.9951,198092.05,861616.686
603603.SH,20170315,37.0316,41.5385,36.0059,41.5385,37.7613,3.7772000000000006,10.0028,219632.5,869399.509
603603.SH,20170314,38.0178,39.3393,37.6726,37.7613,38.5799,-0.8186000000000035,-2.1218,149492.47,582399.034
603603.SH,20170313,37.4951,39.4181,37.288,38.5799,39.4576,-0.8776999999999973,-2.2244,179732.15,697175.311
603603.SH,20170310,39.4477,39.9901,38.215,39.4576,36.3609,3.0966999999999985,8.5166,275449.97,1091404.837
603603.SH,20170309,36.3609,36.3609,36.3609,36.3609,33.0572,3.303699999999999,9.9939,12307.44,45377.531
603603.SH,20170308,33.0572,33.0572,33.0572,33.0572,30.0493,3.007900000000003,10.0099,1341.67,4497.278
603603.SH,20170307,30.0493,30.0493,30.0493,30.0493,27.3176,2.7317,9.9998,968.95,2952.391
603603.SH,20170306,27.3176,27.3176,27.3176,27.3176,24.8323,2.4852999999999987,10.0083,1362.91,3775.261
603603.SH,20170303,24.8323,24.8323,24.8323,24.8323,22.574,2.2582999999999984,10.004,1366.46,3440.746
603603.SH,20170302,22.574,22.574,22.574,22.574,20.5227,2.0513000000000012,9.9953,580.73,1329.291
603603.SH,20170301,20.5227,20.5227,20.5227,20.5227,18.6588,1.863900000000001,9.9894,607.0,1263.167
603603.SH,20170228,18.6588,18.6588,18.6588,18.6588,16.9625,1.6963000000000008,10.0003,418.67,792.124
603603.SH,20170227,16.9625,16.9625,16.9625,16.9625,15.4241,1.5383999999999993,9.974,500.21,860.361
603603.SH,20170224,15.4241,15.4241,15.4241,15.4241,14.0237,1.4003999999999994,9.986,131.34,205.416
603603.SH,20170223,14.0237,14.0237,14.0237,14.0237,12.7515,1.2721999999999998,9.9769,105.0,149.31
603603.SH,20170222,12.7515,12.7515,12.7515,12.7515,11.5878,1.1637000000000004,10.0425,52.0,67.236
603603.SH,20170221,11.5878,11.5878,11.5878,11.5878,10.5325,1.055299999999999,10.0195,4.0,4.7
603603.SH,20170220,10.5325,10.5325,10.5325,10.5325,9.5759,0.9565999999999999,9.9897,38.0,40.584
603603.SH,20170217,7.9783,9.5759,7.9783,9.5759,6.6469,2.929000000000001,44.0657,73.0,70.721
