ts_code,trade_date,open,high,low,close,pre_close,change,pct_chg,vol,amount
688556.SH,20230317,68.28,69.2,66.66,66.72,67.47,-0.75,-1.1116,26372.84,177940.185
688556.SH,20230316,71.0,71.0,67.02,67.47,70.8,-3.3299999999999983,-4.7034,39862.05,272479.257
688556.SH,20230315,70.19,73.73,70.01,70.8,68.9,1.8999999999999915,2.7576,41436.07,298593.51
688556.SH,20230314,70.64,71.0,68.0,68.9,71.1,-2.1999999999999886,-3.0942,38649.49,266633.221
688556.SH,20230313,72.14,72.89,70.06,71.1,72.14,-1.0400000000000063,-1.4416,23580.95,167459.594
688556.SH,20230310,71.4,72.65,70.62,72.14,71.55,0.5900000000000034,0.8246,22825.75,163710.187
688556.SH,20230309,72.0,72.85,71.14,71.55,71.94,-0.39000000000000057,-0.5421,22425.49,161582.328
688556.SH,20230308,71.54,73.88,71.1,71.94,71.81,0.12999999999999545,0.181,28303.93,204520.245
688556.SH,20230307,74.13,74.19,71.68,71.81,73.34,-1.5300000000000011,-2.0862,22930.61,166219.077
688556.SH,20230306,70.11,74.38,70.11,73.34,70.1,3.240000000000009,4.622,37596.19,272206.01
688556.SH,20230303,71.2,71.67,70.01,70.1,71.12,-1.0200000000000102,-1.4342,21936.01,154983.64
688556.SH,20230302,71.78,72.8,70.78,71.12,72.15,-1.0300000000000011,-1.4276,20794.25,148675.903
688556.SH,20230301,73.7,74.0,71.81,72.15,73.9,-1.75,-2.3681,32715.37,237129.61
688556.SH,20230228,74.45,74.45,72.82,73.9,74.07,-0.1699999999999875,-0.2295,21832.37,160171.417
688556.SH,20230227,72.69,75.45,72.69,74.07,72.96,1.1099999999999994,1.5214,24625.9,183378.904
688556.SH,20230224,74.17,74.8,72.83,72.96,74.17,-1.210000000000008,-1.6314,21024.29,155210.056
688556.SH,20230223,72.55,74.7,72.55,74.17,72.9,1.269999999999996,1.7421,29747.6,219472.132
688556.SH,20230222,72.8,73.84,72.1,72.9,72.9,0.0,0.0,17788.43,130236.014
688556.SH,20230221,74.0,74.2,72.0,72.9,73.76,-0.8599999999999994,-1.1659,30947.07,226118.787
688556.SH,20230220,74.05,74.16,72.33,73.76,73.55,0.21000000000000796,0.2855,20429.61,149665.233
688556.SH,20230217,73.75,74.65,73.43,73.55,74.01,-0.46000000000000796,-0.6215,16416.62,121359.174
688556.SH,20230216,75.93,76.5,73.66,74.01,75.9,-1.8900000000000006,-2.4901,23697.12,177706.847
688556.SH,20230215,76.95,77.67,75.65,75.9,76.85,-0.9499999999999886,-1.2362,21992.53,167506.065
688556.SH,20230214,76.5,77.79,76.0,76.85,76.38,0.46999999999999886,0.6153,27339.67,210368.758
688556.SH,20230213,77.88,78.74,75.91,76.38,77.98,-1.6000000000000085,-2.0518,49595.04,382052.333
688556.SH,20230210,79.69,80.51,77.9,77.98,79.7,-1.7199999999999989,-2.1581,24177.67,191042.837
688556.SH,20230209,79.95,80.29,77.85,79.7,79.99,-0.28999999999999204,-0.3625,31385.9,248231.361
688556.SH,20230208,79.98,81.28,79.55,79.99,80.07,-0.0799999999999983,-0.0999,18933.13,151937.278
688556.SH,20230207,82.9,82.9,79.41,80.07,82.61,-2.5400000000000063,-3.0747,35160.62,283044.341
688556.SH,20230206,81.99,84.47,81.31,82.61,82.25,0.35999999999999943,0.4377,31757.58,264194.168
688556.SH,20230203,81.93,83.17,81.27,82.25,82.31,-0.060000000000002274,-0.0729,20531.56,168683.005
688556.SH,20230202,81.8,83.36,81.7,82.31,81.76,0.5499999999999972,0.6727,23984.97,197834.547
688556.SH,20230201,82.88,83.19,79.69,81.76,82.42,-0.6599999999999966,-0.8008,38129.98,309570.887
688556.SH,20230131,79.98,83.75,79.82,82.42,80.05,2.3700000000000045,2.9606,36903.21,303117.939
688556.SH,20230130,81.0,81.88,79.77,80.05,80.4,-0.3500000000000085,-0.4353,28014.15,226117.1
688556.SH,20230120,79.89,81.58,79.89,80.4,80.48,-0.0799999999999983,-0.0994,22363.67,180285.93
688556.SH,20230119,79.75,81.38,79.23,80.48,80.24,0.2400000000000091,0.2991,21095.18,169328.484
688556.SH,20230118,80.0,81.48,78.7,80.24,79.34,0.8999999999999915,1.1344,32173.93,259042.084
688556.SH,20230117,78.9,80.31,78.31,79.34,78.71,0.6300000000000097,0.8004,20772.07,165024.166
688556.SH,20230116,79.8,80.78,77.89,78.71,80.0,-1.2900000000000063,-1.6125,34379.5,271926.75
688556.SH,20230113,80.0,80.45,78.79,80.0,79.95,0.04999999999999716,0.0625,23111.79,184047.296
688556.SH,20230112,80.99,81.98,79.6,79.95,80.75,-0.7999999999999972,-0.9907,27378.55,220510.817
688556.SH,20230111,83.46,83.46,80.39,80.75,83.15,-2.4000000000000057,-2.8863,34261.88,278973.163
688556.SH,20230110,81.09,84.88,80.1,83.15,80.29,2.8599999999999994,3.5621,50738.38,422620.826
688556.SH,20230109,82.02,82.76,80.09,80.29,82.08,-1.789999999999992,-2.1808,40730.17,331183.943
688556.SH,20230106,78.75,84.68,78.04,82.08,78.78,3.299999999999997,4.1889,60734.59,501174.199
688556.SH,20230105,77.15,79.52,76.58,78.78,78.57,0.21000000000000796,0.2673,44783.69,350605.898
688556.SH,20230104,78.69,78.99,76.41,78.57,77.48,1.0899999999999892,1.4068,48687.32,379414.085
688556.SH,20230103,75.26,78.78,74.0,77.48,75.02,2.460000000000008,3.2791,56456.68,431498.135
688556.SH,20221230,76.6,77.2,74.0,75.02,76.29,-1.2700000000000102,-1.6647,51328.1,386279.116
688556.SH,20221229,76.98,78.12,75.42,76.29,76.69,-0.3999999999999915,-0.5216,45120.78,345532.657
688556.SH,20221228,78.13,79.46,76.03,76.69,79.0,-2.3100000000000023,-2.9241,69606.11,539091.955
688556.SH,20221227,81.0,81.5,77.5,79.0,74.0,5.0,6.7568,117730.39,930471.36
688556.SH,20221226,66.5,74.38,65.77,74.0,66.5,7.5,11.2782,75076.45,531143.631
688556.SH,20221223,70.4,70.59,66.0,66.5,70.49,-3.989999999999995,-5.6604,48026.73,323962.736
688556.SH,20221222,71.12,72.03,69.51,70.49,71.31,-0.8200000000000074,-1.1499,24240.46,170779.219
688556.SH,20221221,74.38,74.4,70.7,71.31,73.68,-2.3700000000000045,-3.2166,25252.66,181564.774
688556.SH,20221220,74.2,75.39,73.36,73.68,73.3,0.38000000000000966,0.5184,22778.16,168979.576
688556.SH,20221219,72.08,74.38,71.1,73.3,70.88,2.4200000000000017,3.4142,49493.49,361964.093
688556.SH,20221216,74.77,75.5,70.8,70.88,75.25,-4.3700000000000045,-5.8073,47279.68,341711.168
688556.SH,20221215,74.49,75.9,73.79,75.25,75.02,0.23000000000000398,0.3066,14512.41,108763.069
688556.SH,20221214,74.81,76.65,74.81,75.02,74.96,0.060000000000002274,0.08,19429.34,147153.097
688556.SH,20221213,76.52,77.48,74.58,74.96,76.98,-2.0200000000000102,-2.6241,31994.53,241698.513
688556.SH,20221212,77.18,78.28,74.74,76.98,77.92,-0.9399999999999977,-1.2064,44253.05,337336.861
688556.SH,20221209,77.03,79.24,76.88,77.92,77.12,0.7999999999999972,1.0373,59863.5,467527.112
688556.SH,20221208,77.0,79.66,76.78,77.12,76.96,0.1600000000000108,0.2079,47656.61,371503.394
688556.SH,20221207,78.5,79.66,75.52,76.96,78.4,-1.440000000000012,-1.8367,46200.72,356796.047
688556.SH,20221206,78.78,79.68,77.19,78.4,78.94,-0.539999999999992,-0.6841,31329.32,245144.676
688556.SH,20221205,82.68,82.74,77.8,78.94,82.3,-3.3599999999999994,-4.0826,43155.47,345302.779
688556.SH,20221202,78.86,82.8,78.46,82.3,78.94,3.3599999999999994,4.2564,51847.29,421377.803
688556.SH,20221201,80.11,80.95,78.25,78.94,79.97,-1.0300000000000011,-1.288,50228.18,399683.425
688556.SH,20221130,81.0,81.67,77.52,79.97,81.48,-1.5100000000000051,-1.8532,31668.28,251513.017
688556.SH,20221129,82.8,83.27,80.7,81.48,82.73,-1.25,-1.5109,27159.79,221487.476
688556.SH,20221128,79.0,84.2,79.0,82.73,80.6,2.1300000000000097,2.6427,46062.5,381451.416
688556.SH,20221125,80.13,82.65,80.11,80.6,80.81,-0.21000000000000796,-0.2599,29551.91,241169.217
688556.SH,20221124,81.51,82.9,80.77,80.81,81.51,-0.7000000000000028,-0.8588,25245.94,206565.777
688556.SH,20221123,80.54,82.95,79.03,81.51,81.17,0.3400000000000034,0.4189,38380.83,311770.479
688556.SH,20221122,79.23,82.36,78.08,81.17,79.9,1.269999999999996,1.5895,47744.33,384668.42
688556.SH,20221121,78.65,80.12,77.02,79.9,78.45,1.4500000000000028,1.8483,34552.85,272893.492
688556.SH,20221118,79.39,80.58,77.21,78.45,79.88,-1.4299999999999926,-1.7902,29705.34,235174.004
688556.SH,20221117,78.44,81.0,76.0,79.88,78.52,1.3599999999999994,1.732,39877.18,314717.882
688556.SH,20221116,81.05,82.48,78.16,78.52,81.49,-2.969999999999999,-3.6446,41383.4,329756.522
688556.SH,20221115,79.2,81.82,79.19,81.49,79.2,2.289999999999992,2.8914,38598.13,311803.711
688556.SH,20221114,80.9,81.88,78.2,79.2,81.7,-2.5,-3.06,42703.34,339742.595
688556.SH,20221111,84.5,84.9,79.03,81.7,81.89,-0.18999999999999773,-0.232,61436.93,499152.856
688556.SH,20221110,83.44,85.22,81.01,81.89,84.0,-2.1099999999999994,-2.5119,68023.92,560032.548
688556.SH,20221109,87.75,88.0,83.1,84.0,87.75,-3.75,-4.2735,54374.02,458582.73
688556.SH,20221108,89.5,90.42,87.01,87.75,89.15,-1.4000000000000057,-1.5704,30174.22,265633.455
688556.SH,20221107,94.0,95.88,88.68,89.15,92.65,-3.5,-3.7777,51229.75,469405.562
688556.SH,20221104,92.35,94.88,91.2,92.65,93.3,-0.6499999999999915,-0.6967,49090.08,456217.923
688556.SH,20221103,84.0,93.38,84.0,93.3,85.85,7.450000000000003,8.6779,63445.86,574229.049
688556.SH,20221102,83.0,86.66,80.13,85.85,84.78,1.0699999999999932,1.2621,74794.97,623025.457
688556.SH,20221101,86.44,87.53,83.0,84.78,86.26,-1.480000000000004,-1.7157,68936.53,582054.235
688556.SH,20221031,89.88,91.0,85.4,86.26,90.96,-4.699999999999989,-5.1671,48383.84,422281.844
688556.SH,20221028,92.83,94.8,90.5,90.96,93.17,-2.210000000000008,-2.372,29742.82,275214.066
688556.SH,20221027,97.1,99.79,92.01,93.17,96.99,-3.819999999999993,-3.9386,32828.75,313116.06
688556.SH,20221026,94.53,99.0,93.8,96.99,94.5,2.489999999999995,2.6349,39944.17,386962.159
688556.SH,20221025,90.87,95.99,90.55,94.5,91.53,2.969999999999999,3.2448,36118.02,339788.696
688556.SH,20221024,93.06,93.06,90.01,91.53,92.62,-1.0900000000000034,-1.1769,25395.7,231642.789
688556.SH,20221021,92.0,93.7,90.0,92.62,92.01,0.6099999999999994,0.663,26345.83,242129.345
688556.SH,20221020,92.03,93.53,90.0,92.01,92.75,-0.7399999999999949,-0.7978,25780.72,236544.05
688556.SH,20221019,94.96,96.51,92.03,92.75,95.2,-2.450000000000003,-2.5735,31179.11,292901.657
688556.SH,20221018,95.0,97.5,93.32,95.2,95.0,0.20000000000000284,0.2105,31509.15,301896.289
688556.SH,20221017,93.47,96.32,89.02,95.0,93.47,1.5300000000000011,1.6369,45822.34,424398.163
688556.SH,20221014,96.0,98.88,91.36,93.47,91.34,2.1299999999999955,2.3319,97420.24,921861.646
688556.SH,20221013,86.9,92.97,86.18,91.34,87.53,3.8100000000000023,4.3528,55671.47,506591.043
688556.SH,20221012,80.11,87.78,76.3,87.53,80.24,7.290000000000006,9.0852,49304.39,408675.314
688556.SH,20221011,80.32,82.7,79.25,80.24,80.35,-0.10999999999999943,-0.1369,28963.93,234343.346
688556.SH,20221010,82.0,83.83,79.65,80.35,81.57,-1.2199999999999989,-1.4956,26664.97,216140.637
688556.SH,20220930,84.92,85.0,81.0,81.57,85.06,-3.490000000000009,-4.103,33322.33,274394.871
688556.SH,20220929,85.02,86.33,82.65,85.06,84.15,0.9099999999999966,1.0814,32178.11,272714.339
688556.SH,20220928,87.29,87.58,83.25,84.15,86.9,-2.75,-3.1646,34792.04,294895.488
688556.SH,20220927,88.33,90.47,85.25,86.9,88.88,-1.9799999999999898,-2.2277,40110.69,349666.62
688556.SH,20220926,82.99,91.24,82.99,88.88,84.0,4.8799999999999955,5.8095,54891.37,485439.031
688556.SH,20220923,85.4,87.0,82.3,84.0,85.42,-1.4200000000000017,-1.6624,30686.62,257167.52
688556.SH,20220922,82.15,87.39,80.8,85.42,82.56,2.8599999999999994,3.4641,43732.78,371362.817
688556.SH,20220921,85.83,87.52,82.3,82.56,85.83,-3.269999999999996,-3.8099,41959.05,353136.394
688556.SH,20220920,83.38,88.58,83.36,85.83,83.0,2.8299999999999983,3.4096,36488.8,313849.032
688556.SH,20220919,85.64,86.68,82.06,83.0,86.12,-3.1200000000000045,-3.6229,40747.22,342565.068
688556.SH,20220916,83.94,87.7,82.68,86.12,83.6,2.5200000000000102,3.0144,48333.1,416039.216
688556.SH,20220915,95.93,96.12,82.9,83.6,95.4,-11.800000000000011,-12.369,69040.03,601618.859
688556.SH,20220914,95.0,97.98,94.21,95.4,95.9,-0.5,-0.5214,25252.02,241358.15
688556.SH,20220913,98.61,99.5,93.74,95.9,98.41,-2.509999999999991,-2.5506,43008.54,411247.779
688556.SH,20220909,101.22,102.0,96.69,98.41,101.3,-2.8900000000000006,-2.8529,35259.75,345532.668
688556.SH,20220908,101.03,104.07,99.5,101.3,100.25,1.0499999999999972,1.0474,28125.52,285188.164
688556.SH,20220907,98.9,103.31,97.8,100.25,99.61,0.6400000000000006,0.6425,43021.67,434785.867
688556.SH,20220906,96.05,101.99,94.47,99.61,97.2,2.4099999999999966,2.4794,53366.55,523539.877
688556.SH,20220905,89.99,99.4,89.53,97.2,89.0,8.200000000000003,9.2135,61479.76,588075.119
688556.SH,20220902,90.06,91.68,85.58,89.0,90.82,-1.8199999999999932,-2.004,61774.4,551060.621
688556.SH,20220901,90.0,92.16,87.1,90.82,89.35,1.4699999999999989,1.6452,37607.06,338054.146
688556.SH,20220831,94.01,95.66,86.9,89.35,94.0,-4.650000000000006,-4.9468,60185.98,541279.749
688556.SH,20220830,95.95,97.13,92.0,94.0,95.5,-1.5,-1.5707,39251.34,372420.286
688556.SH,20220829,91.15,97.88,90.67,95.5,91.86,3.6400000000000006,3.9626,48434.32,463618.118
688556.SH,20220826,99.0,100.0,91.86,91.86,99.06,-7.200000000000003,-7.2683,60307.86,573163.838
688556.SH,20220825,100.3,103.04,95.5,99.06,99.0,0.060000000000002274,0.0606,50151.42,496776.69
688556.SH,20220824,103.5,106.33,98.01,99.0,100.88,-1.8799999999999955,-1.8636,59524.97,604292.813
688556.SH,20220823,101.31,104.35,99.95,100.88,102.16,-1.2800000000000011,-1.2529,58677.12,598532.217
688556.SH,20220822,95.8,104.28,94.0,102.16,96.36,5.799999999999997,6.0191,81323.24,817632.471
688556.SH,20220819,97.7,98.74,94.85,96.36,97.7,-1.3400000000000034,-1.3715,46698.4,451031.466
688556.SH,20220818,94.02,99.6,94.02,97.7,94.08,3.6200000000000045,3.8478,43447.88,425007.214
688556.SH,20220817,98.43,98.91,93.25,94.08,95.0,-0.9200000000000017,-0.9684,52361.86,502458.156
688556.SH,20220816,86.5,96.8,85.51,95.0,85.98,9.019999999999996,10.4908,75857.95,709143.007
688556.SH,20220815,83.72,86.78,83.34,85.98,83.62,2.3599999999999994,2.8223,34771.27,297527.894
688556.SH,20220812,85.58,88.44,83.6,83.62,85.85,-2.2299999999999898,-2.5976,31820.28,270918.095
688556.SH,20220811,89.98,89.98,83.28,85.85,88.41,-2.5600000000000023,-2.8956,55105.49,470118.902
688556.SH,20220810,87.87,90.25,86.01,88.41,86.4,2.009999999999991,2.3264,51648.1,456849.139
688556.SH,20220809,82.05,87.86,81.55,86.4,82.0,4.400000000000006,5.3659,67299.24,580216.771
688556.SH,20220808,78.88,82.5,76.0,82.0,78.0,4.0,5.1282,51855.35,415728.946
688556.SH,20220805,78.9,81.65,77.3,78.0,78.77,-0.769999999999996,-0.9775,47933.71,376711.366
688556.SH,20220804,80.03,82.38,77.08,78.77,80.13,-1.3599999999999994,-1.6972,56949.28,450874.633
688556.SH,20220803,84.27,84.99,79.6,80.13,82.64,-2.510000000000005,-3.0373,51564.75,421521.325
688556.SH,20220802,80.0,86.56,79.5,82.64,81.0,1.6400000000000006,2.0247,51572.16,431185.446
688556.SH,20220801,82.0,82.0,79.3,81.0,82.41,-1.4099999999999966,-1.711,38512.8,310993.358
688556.SH,20220729,83.0,86.25,82.38,82.41,82.31,0.09999999999999432,0.1215,39228.27,330668.317
688556.SH,20220728,85.09,86.05,81.01,82.31,84.58,-2.269999999999996,-2.6838,46018.2,379978.781
688556.SH,20220727,84.15,85.69,81.6,84.58,82.6,1.980000000000004,2.3971,26683.59,224429.966
688556.SH,20220726,79.79,83.87,77.93,82.6,79.59,3.009999999999991,3.7819,44279.09,360703.136
688556.SH,20220725,84.39,84.39,78.57,79.59,83.81,-4.219999999999999,-5.0352,52228.35,418460.003
688556.SH,20220722,82.48,85.4,79.13,83.81,82.4,1.4099999999999966,1.7112,35368.8,291645.515
688556.SH,20220721,83.58,86.86,82.0,82.4,82.3,0.10000000000000853,0.1215,33796.66,284630.307
688556.SH,20220720,81.66,84.11,81.66,82.3,82.42,-0.12000000000000455,-0.1456,31046.08,257381.801
688556.SH,20220719,81.88,84.49,78.47,82.42,81.52,0.9000000000000057,1.104,66187.48,536387.583
688556.SH,20220718,86.88,87.49,79.2,81.52,88.7,-7.180000000000007,-8.0947,82454.06,678102.609
688556.SH,20220715,86.18,91.79,85.51,88.7,87.01,1.6899999999999977,1.9423,45375.13,404645.342
688556.SH,20220714,86.11,88.88,84.2,87.01,84.8,2.210000000000008,2.6061,47561.79,411519.013
688556.SH,20220713,82.57,86.3,82.0,84.8,83.4,1.3999999999999915,1.6787,36061.1,305821.056
688556.SH,20220712,86.9,88.12,81.7,83.4,86.9,-3.5,-4.0276,44490.16,373551.548
688556.SH,20220711,86.25,87.55,84.21,86.9,86.3,0.6000000000000085,0.6952,32360.37,277444.883
688556.SH,20220708,90.2,91.5,85.8,86.3,90.84,-4.540000000000006,-4.9978,34238.39,299927.222
688556.SH,20220707,87.77,92.2,84.03,90.84,87.3,3.5400000000000063,4.055,45230.64,403400.19
688556.SH,20220706,88.56,89.6,85.95,87.3,89.12,-1.8200000000000074,-2.0422,38860.21,338932.552
688556.SH,20220705,89.08,89.9,86.68,89.12,88.67,0.45000000000000284,0.5075,32161.72,282877.444
688556.SH,20220704,81.39,92.88,81.3,88.67,81.69,6.980000000000004,8.5445,67352.69,590667.805
688556.SH,20220701,79.92,84.6,79.21,81.69,80.7,0.9899999999999949,1.2268,34307.35,281669.276
688556.SH,20220630,78.9,82.67,77.5,80.7,77.65,3.049999999999997,3.9279,40322.29,323671.553
688556.SH,20220629,81.03,81.03,77.19,77.65,81.62,-3.969999999999999,-4.864,50304.99,394594.859
688556.SH,20220628,83.0,84.48,79.5,81.62,83.63,-2.009999999999991,-2.4034,57469.33,467321.42
688556.SH,20220627,82.6,86.27,80.01,83.63,81.39,2.239999999999995,2.7522,58676.22,491770.155
688556.SH,20220624,79.96,83.41,79.0,81.39,78.18,3.2099999999999937,4.1059,55894.79,458075.122
688556.SH,20220623,79.0,79.01,75.19,78.18,79.09,-0.9099999999999966,-1.1506,55501.69,430620.748
688556.SH,20220622,73.84,81.66,72.57,79.09,72.55,6.540000000000006,9.0145,65510.3,512788.267
688556.SH,20220621,75.45,75.45,71.27,72.55,75.35,-2.799999999999997,-3.716,42310.54,307274.296
688556.SH,20220620,77.1,77.76,74.23,75.35,76.9,-1.5500000000000114,-2.0156,44987.49,340791.176
688556.SH,20220617,71.5,77.98,71.4,76.9,72.4,4.5,6.2155,65562.51,496740.005
688556.SH,20220616,70.86,73.37,70.15,72.4,69.99,2.410000000000011,3.4433,50025.18,360452.146
688556.SH,20220615,73.29,73.41,67.5,69.99,73.55,-3.5600000000000023,-4.8402,56629.66,396759.071
688556.SH,20220614,75.7,75.7,69.02,73.55,76.4,-2.8500000000000085,-3.7304,70577.73,507161.243
688556.SH,20220613,72.22,76.51,71.12,76.4,72.17,4.230000000000004,5.8612,61315.1,461113.093
688556.SH,20220610,70.33,73.96,69.72,72.17,72.0,0.1700000000000017,0.2361,45910.5,330067.449
688556.SH,20220609,70.48,72.81,68.51,72.0,70.2,1.7999999999999972,2.5641,49477.11,350180.976
688556.SH,20220608,68.56,70.77,67.31,70.2,68.27,1.9300000000000068,2.827,56908.25,396168.065
688556.SH,20220607,72.1,74.3,67.41,68.27,73.0,-4.730000000000004,-6.4795,88326.2,621794.661
688556.SH,20220606,71.1,74.5,70.11,73.0,69.44,3.5600000000000023,5.1267,57120.73,414334.546
688556.SH,20220602,60.37,69.5096,60.0848,69.4383,60.37,9.0683,15.0212,54276.41,503415.503
688556.SH,20220601,61.753,62.8652,60.0991,60.37,61.7388,-1.3688000000000002,-2.2171,23143.98,198742.942
688556.SH,20220531,60.2274,62.3947,59.4432,61.7388,59.6713,2.0674999999999955,3.4648,33145.08,284534.891
688556.SH,20220530,59.8781,60.1205,58.1029,59.6713,59.3149,0.3564000000000007,0.6009,21041.48,174349.522
688556.SH,20220527,60.2417,60.9973,58.7445,59.3149,60.484,-1.1691000000000003,-1.9329,19231.4,160895.944
688556.SH,20220526,59.8852,61.7103,59.1224,60.484,59.7426,0.7413999999999987,1.241,25459.74,215181.857
688556.SH,20220525,60.5981,61.7245,58.1029,59.7426,60.1418,-0.39920000000000044,-0.6638,29657.88,246774.959
688556.SH,20220524,63.0007,63.5924,59.8852,60.1418,63.0434,-2.901599999999995,-4.6025,32819.88,283960.385
688556.SH,20220523,61.6675,63.3072,61.254,63.0434,61.9669,1.0764999999999958,1.7372,20381.44,178605.401
688556.SH,20220520,62.2735,62.4517,59.6,61.9669,62.024,-0.057099999999998374,-0.0921,33633.43,287992.468
688556.SH,20220519,61.4536,63.8633,60.812,62.024,62.024,0.0,0.0,40645.02,354532.271
688556.SH,20220518,58.4594,62.9436,58.4594,62.024,58.2883,3.7357000000000014,6.409,42812.54,368021.567
688556.SH,20220517,55.1086,58.7802,54.1818,58.2883,54.8876,3.4007000000000005,6.1958,44703.19,359373.634
688556.SH,20220516,55.8928,56.7341,54.6167,54.8876,56.3349,-1.4472999999999985,-2.5691,36836.13,286687.115
688556.SH,20220513,56.064,57.0264,54.5383,56.3349,55.6505,0.6843999999999966,1.2298,20222.0,158910.412
688556.SH,20220512,54.9162,56.5844,54.6239,55.6505,55.4295,0.22100000000000364,0.3987,30563.04,237606.679
688556.SH,20220511,55.0302,58.3738,54.8948,55.4295,55.6647,-0.23520000000000607,-0.4225,42217.37,335176.029
688556.SH,20220510,52.3995,58.1956,52.0502,55.6647,53.1838,2.4809000000000054,4.6648,44040.53,346420.864
688556.SH,20220509,52.92,54.7522,52.0502,53.1838,52.92,0.26379999999999626,0.4985,22481.34,168178.709
688556.SH,20220506,50.7598,53.7541,49.9614,52.92,52.3995,0.5204999999999984,0.9933,39059.26,284442.733
688556.SH,20220505,46.7033,55.0373,46.7033,52.3995,46.6463,5.753200000000007,12.3337,70258.85,505555.217
688556.SH,20220429,46.0546,48.8278,45.2704,46.6463,44.315,2.331299999999999,5.2607,84654.02,555918.319
688556.SH,20220428,41.3422,44.7713,41.3279,44.315,42.0266,2.2883999999999958,5.4451,37135.26,225174.785
688556.SH,20220427,37.3783,42.0266,36.4444,42.0266,37.1573,4.869300000000003,13.1046,31971.64,177798.895
688556.SH,20220426,36.8223,38.8113,36.7866,37.1573,36.7866,0.37069999999999936,1.0077,23062.04,122239.909
688556.SH,20220425,39.9306,40.6293,36.644,36.7866,41.1354,-4.348799999999997,-10.5719,21389.73,115582.111
688556.SH,20220422,41.3493,42.3331,40.3512,41.1354,41.5917,-0.4563000000000059,-1.0971,17618.55,101818.081
688556.SH,20220421,43.5308,44.3436,41.5703,41.5917,44.1725,-2.5807999999999964,-5.8425,16948.72,101284.153
688556.SH,20220420,44.6287,45.2846,43.4881,44.1725,45.2561,-1.0836000000000041,-2.3944,14295.99,88682.338
688556.SH,20220419,45.47,47.0598,44.7856,45.2561,45.5698,-0.3136999999999972,-0.6884,17120.45,109912.069
688556.SH,20220418,43.8659,46.7461,42.5613,45.5698,43.9087,1.6610999999999976,3.7831,28793.38,182254.334
688556.SH,20220415,42.7894,44.4719,41.4349,43.9087,43.7019,0.2068000000000012,0.4732,21545.47,130825.612
688556.SH,20220414,43.8445,44.2081,41.5632,43.7019,43.3455,0.3564000000000007,0.8222,29063.33,174858.657
688556.SH,20220413,44.8996,45.1278,43.2029,43.3455,44.9923,-1.646799999999999,-3.6602,15528.03,95831.805
688556.SH,20220412,45.7551,46.354,43.1316,44.9923,46.1472,-1.1548999999999978,-2.5026,33156.51,206008.813
688556.SH,20220411,47.1525,47.1525,44.3863,46.1472,47.345,-1.1978000000000009,-2.5299,25313.1,162765.633
688556.SH,20220408,46.1972,49.0488,46.1972,47.345,46.1615,1.1835000000000022,2.5638,25788.74,172744.13
688556.SH,20220407,47.7656,48.4714,44.7784,46.1615,49.2128,-3.051300000000005,-6.2002,41798.2,272446.7
688556.SH,20220406,50.5388,50.9666,47.9295,49.2128,50.8882,-1.6753999999999962,-3.2923,22166.91,151777.587
688556.SH,20220401,49.9115,51.8934,48.7494,50.8882,50.7242,0.16399999999999437,0.3233,17004.47,120185.39
688556.SH,20220331,51.9219,52.3995,49.3839,50.7242,51.9005,-1.1762999999999977,-2.2665,17557.1,124775.062
688556.SH,20220330,49.1843,52.3496,48.5569,51.9005,48.835,3.0655,6.2773,26193.69,187754.117
688556.SH,20220329,50.6386,51.4656,47.4234,48.835,50.5602,-1.725200000000001,-3.4122,35619.68,245293.561
688556.SH,20220328,50.4248,52.3069,49.334,50.5602,50.4248,0.13540000000000418,0.2685,19054.75,135349.341
688556.SH,20220325,51.4015,52.0431,49.8188,50.4248,51.4015,-0.976700000000001,-1.9001,23007.61,164070.578
688556.SH,20220324,53.5473,53.6044,50.3677,51.4015,53.5402,-2.1387,-3.9946,25738.33,185931.251
688556.SH,20220323,52.3853,54.5169,51.708,53.5402,51.9504,1.5897999999999968,3.0602,23654.49,177616.462
688556.SH,20220322,52.7132,53.0554,51.3302,51.9504,52.756,-0.8055999999999983,-1.527,24368.24,177943.858
688556.SH,20220321,51.2446,55.0944,50.5174,52.756,50.6957,2.060299999999998,4.0641,45977.25,345699.331
688556.SH,20220318,50.4889,51.544,48.8706,50.6957,51.1876,-0.4919000000000011,-0.961,32105.13,226001.577
688556.SH,20220317,54.8948,55.957,49.1914,51.1876,54.1248,-2.937199999999997,-5.4267,66537.74,491900.632
688556.SH,20220316,50.5032,55.2227,49.4766,54.1248,49.2627,4.862099999999998,9.8697,49646.13,364152.808
688556.SH,20220315,49.0346,52.3995,48.6211,49.2627,49.833,-0.570299999999996,-1.1444,31346.3,222703.203
688556.SH,20220314,50.6172,51.9361,48.9704,49.833,51.544,-1.7109999999999985,-3.3195,27559.04,194909.26
688556.SH,20220311,50.3178,51.7793,48.5569,51.544,51.7936,-0.24960000000000093,-0.4819,41147.76,289061.358
688556.SH,20220310,55.4437,55.8786,51.2232,51.7936,53.7256,-1.9320000000000022,-3.5961,56318.52,422011.649
688556.SH,20220309,55.4722,56.3063,50.6885,53.7256,54.5169,-0.7912999999999997,-1.4515,59283.19,444049.337
688556.SH,20220308,53.034,56.948,53.034,54.5169,53.0768,1.440100000000001,2.7132,65590.41,509792.021
688556.SH,20220307,52.036,54.5098,51.323,53.0768,53.0412,0.03559999999999519,0.0671,33604.99,248987.546
688556.SH,20220304,51.5227,54.5383,51.4015,53.0412,51.651,1.3902,2.6915,38077.36,284264.383
688556.SH,20220303,53.2408,54.5312,51.2589,51.651,52.699,-1.0479999999999947,-1.9887,28702.47,211512.519
688556.SH,20220302,53.8254,55.2156,49.9614,52.699,54.1106,-1.4116,-2.6087,51232.83,375992.307
688556.SH,20220301,55.5364,57.9104,53.5331,54.1106,54.9589,-0.8483000000000018,-1.5435,46486.37,359606.473
688556.SH,20220228,51.1947,55.2441,49.9043,54.9589,50.9737,3.985199999999999,7.8181,50321.7,374441.895
688556.SH,20220225,50.6172,52.3639,49.5693,50.9737,49.334,1.6396999999999977,3.3237,27892.52,200672.555
688556.SH,20220224,49.3768,51.1163,47.9224,49.334,49.4409,-0.106899999999996,-0.2162,38202.11,264788.551
688556.SH,20220223,46.0332,49.7974,45.6268,49.4409,45.6482,3.7926999999999964,8.3085,38454.28,261513.413
688556.SH,20220222,44.201,46.7604,43.9372,45.6482,43.8374,1.8108000000000004,4.1307,27825.56,177144.671
688556.SH,20220221,45.1206,45.855,43.4881,43.8374,44.7571,-0.9196999999999989,-2.0549,14218.09,88601.817
688556.SH,20220218,44.2723,45.8692,43.9942,44.7571,44.7214,0.03569999999999851,0.0798,14255.82,89737.827
688556.SH,20220217,43.4809,45.7694,43.1387,44.7214,43.6306,1.0908000000000015,2.5001,22793.92,142809.172
688556.SH,20220216,44.1368,44.3436,42.6326,43.6306,44.0156,-0.384999999999998,-0.8747,18075.43,109952.405
688556.SH,20220215,41.8198,44.0513,41.4634,44.0156,41.9695,2.0461000000000027,4.8752,26930.95,162884.428
688556.SH,20220214,38.4976,42.4044,38.2695,41.9695,39.7452,2.2242999999999995,5.5964,33176.1,190860.295
688556.SH,20220211,41.3564,41.3636,39.5741,39.7452,42.0266,-2.281400000000005,-5.4285,27246.54,153745.879
688556.SH,20220210,44.2865,44.6501,41.0427,42.0266,43.9087,-1.8821000000000012,-4.2864,32934.71,194577.121
688556.SH,20220209,43.9087,45.3131,42.1478,43.9087,44.0584,-0.14969999999999573,-0.3398,34028.72,208029.562
688556.SH,20220208,48.1862,48.1862,41.6772,44.0584,47.787,-3.7286,-7.8025,55799.2,343520.473
688556.SH,20220207,50.275,51.3587,46.4823,47.787,48.2717,-0.4847000000000037,-1.0041,39357.47,269352.2
688556.SH,20220128,47.6515,49.8972,46.0403,48.2717,47.5303,0.7414000000000058,1.5598,31693.43,215194.283
688556.SH,20220127,47.7798,51.1662,47.2808,47.5303,48.1862,-0.6559000000000026,-1.3612,36015.32,248727.395
688556.SH,20220126,48.6211,49.9471,46.1544,48.1862,47.1739,1.0122999999999962,2.1459,36292.89,242839.992
688556.SH,20220125,46.8103,49.8972,46.5536,47.1739,46.4894,0.6844999999999999,1.4724,47091.77,318352.076
688556.SH,20220124,42.9106,47.6729,42.768,46.4894,43.6877,2.801700000000004,6.413,32214.43,208451.64
688556.SH,20220121,42.5827,45.2418,41.6559,43.6877,43.3312,0.35649999999999693,0.8227,23230.22,143332.487
688556.SH,20220120,45.0707,45.9405,42.8464,43.3312,45.7837,-2.4525000000000006,-5.3567,31923.92,196744.686
688556.SH,20220119,47.7656,47.8654,45.0921,45.7837,46.8958,-1.112099999999998,-2.3714,21563.32,138485.858
688556.SH,20220118,47.8155,48.2361,45.6482,46.8958,46.9101,-0.014299999999998647,-0.0305,28645.7,190382.474
688556.SH,20220117,43.5665,48.9276,43.1744,46.9101,43.7732,3.136899999999997,7.1663,53101.72,349285.666
688556.SH,20220114,42.0622,44.6145,41.2495,43.7732,41.9196,1.8536000000000001,4.4218,37462.12,229018.663
688556.SH,20220113,43.8944,43.9515,41.7058,41.9196,43.3954,-1.4757999999999996,-3.4008,29486.26,175954.468
688556.SH,20220112,41.884,43.5736,40.9928,43.3954,41.5632,1.8322000000000003,4.4082,35048.99,208190.74
688556.SH,20220111,42.8464,42.8536,40.9928,41.5632,42.8393,-1.2760999999999996,-2.9788,24793.96,145040.153
688556.SH,20220110,42.5042,43.4881,41.5632,42.8393,42.768,0.07130000000000081,0.1667,20496.38,122680.989
688556.SH,20220107,44.201,44.4149,42.0622,42.768,43.8516,-1.083599999999997,-2.4711,21979.95,132184.701
688556.SH,20220106,42.5114,44.6858,41.9909,43.8516,42.7751,1.0764999999999958,2.5167,23134.05,140520.648
688556.SH,20220105,45.5413,46.411,42.4543,42.7751,45.6268,-2.851700000000001,-6.2501,30073.45,183915.879
688556.SH,20220104,48.6139,48.6139,45.1278,45.6268,48.1149,-2.4880999999999958,-5.1712,33674.28,221252.474
688556.SH,20211231,47.0527,48.6924,46.3825,48.1149,45.6268,2.4880999999999958,5.4532,31845.99,212980.767
688556.SH,20211230,46.8174,47.6016,44.9994,45.6268,47.0455,-1.418699999999994,-3.0156,28976.99,187347.125
688556.SH,20211229,47.623,48.9775,46.2684,47.0455,47.7656,-0.7201000000000022,-1.5076,27002.96,179047.728
688556.SH,20211228,47.0527,48.4286,46.6677,47.7656,47.68,0.08559999999999945,0.1795,29585.6,196455.127
688556.SH,20211227,49.1914,50.8311,46.3469,47.68,49.9043,-2.2242999999999995,-4.4571,54515.34,366788.583
688556.SH,20211224,52.7346,52.7346,48.9633,49.9043,51.6724,-1.768100000000004,-3.4217,37158.89,262810.905
688556.SH,20211223,51.6225,52.9556,50.6957,51.6724,51.6011,0.07130000000000081,0.1382,22959.35,167233.544
688556.SH,20211222,51.9932,53.198,50.5745,51.6011,52.2142,-0.6130999999999958,-1.1742,22186.17,160401.545
688556.SH,20211221,50.9737,52.5207,49.9043,52.2142,51.7294,0.4847999999999999,0.9372,27285.53,196029.587
688556.SH,20211220,51.7864,54.0179,50.5103,51.7294,53.1125,-1.3830999999999989,-2.6041,35306.93,256682.118
688556.SH,20211217,55.4651,56.4489,53.0839,53.1125,56.0354,-2.9229000000000056,-5.2162,28916.33,219604.202
688556.SH,20211216,58.0316,58.1742,55.2584,56.0354,57.7393,-1.7038999999999973,-2.951,30325.28,238643.536
688556.SH,20211215,56.4489,59.1366,55.9641,57.7393,56.5202,1.2190999999999974,2.1569,22266.71,179619.497
688556.SH,20211214,56.3562,59.1438,55.6077,56.5202,56.3562,0.16400000000000148,0.291,25565.37,206141.409
688556.SH,20211213,56.0711,56.6343,55.1942,56.3562,56.4561,-0.0998999999999981,-0.177,23091.18,181356.003
688556.SH,20211210,52.756,57.39,52.1358,56.4561,52.7703,3.6858000000000004,6.9846,39331.48,307325.2
688556.SH,20211209,55.1728,55.2655,52.756,52.7703,55.2869,-2.516600000000004,-4.5519,26603.61,200412.014
688556.SH,20211208,53.1838,56.1709,52.6918,55.2869,53.1125,2.1744000000000057,4.094,40928.28,313017.3
688556.SH,20211207,53.0412,53.4618,50.8311,53.1125,53.0412,0.0712999999999937,0.1344,34042.54,247763.245
688556.SH,20211206,52.4708,53.9395,52.036,53.0412,52.8416,0.19960000000000377,0.3777,33757.11,251519.044
688556.SH,20211203,53.3834,54.2389,52.0573,52.8416,53.2978,-0.4562000000000026,-0.8559,37700.54,281143.353
688556.SH,20211202,53.9751,54.8235,50.6172,53.2978,54.795,-1.4971999999999994,-2.7324,67018.3,496925.991
688556.SH,20211201,55.572,58.1029,53.5188,54.795,55.7503,-0.9553000000000011,-1.7135,68052.26,528185.049
688556.SH,20211130,62.2592,63.0149,55.3867,55.7503,62.3947,-6.644399999999997,-10.649,92672.07,748582.082
688556.SH,20211129,61.6675,66.2088,61.6675,62.3947,62.3947,0.0,0.0,39095.35,350867.549
688556.SH,20211126,61.9883,63.5781,60.6124,62.3947,61.9883,0.4063999999999979,0.6556,27829.84,242368.955
688556.SH,20211125,59.7212,64.1556,58.5877,61.9883,59.0154,2.9729000000000028,5.0375,38330.4,332144.931
688556.SH,20211124,61.2041,62.2236,58.2954,59.0154,59.8852,-0.8697999999999979,-1.4524,36905.7,309446.696
688556.SH,20211123,61.311,62.5943,57.7464,59.8852,61.6675,-1.7822999999999993,-2.8902,49393.78,411701.618
688556.SH,20211122,62.0097,65.446,60.4555,61.6675,61.7388,-0.07130000000000081,-0.1155,48602.72,425871.093
688556.SH,20211119,58.4594,64.291,57.8819,61.7388,59.4218,2.317,3.8992,38467.28,332146.357
688556.SH,20211118,59.1366,61.3823,57.2474,59.4218,58.6518,0.769999999999996,1.3128,42513.21,356637.81
688556.SH,20211117,54.7094,59.8781,54.1818,58.6518,55.5506,3.1011999999999986,5.5827,48148.99,389990.607
688556.SH,20211116,57.7179,60.4555,54.5882,55.5506,57.7179,-2.1672999999999973,-3.755,55398.43,446052.56
688556.SH,20211115,55.7859,59.5287,53.8682,57.7179,56.2778,1.440100000000001,2.5589,66241.26,531204.179
688556.SH,20211112,52.0431,58.3738,51.3302,56.2778,52.036,4.241799999999998,8.1517,70463.12,548977.362
688556.SH,20211111,48.343,53.3762,47.8654,52.036,48.4357,3.6003000000000043,7.4332,60530.89,435950.024
688556.SH,20211110,49.1914,50.5317,48.1292,48.4357,49.2912,-0.8555000000000064,-1.7356,35290.88,241954.711
688556.SH,20211109,48.1292,51.544,47.5232,49.2912,47.7656,1.5256000000000043,3.1939,61035.9,423817.149
688556.SH,20211108,48.2504,49.7404,47.4162,47.7656,48.4785,-0.7128999999999976,-1.4705,44731.38,304691.896
688556.SH,20211105,53.4547,54.1747,48.4785,48.4785,52.813,-4.334500000000006,-8.2073,52329.15,373290.454
688556.SH,20211104,49.0631,54.3102,49.0631,52.813,49.9043,2.908700000000003,5.8286,54691.55,402766.396
688556.SH,20211103,51.2446,51.9575,47.9866,49.9043,50.4747,-0.5703999999999994,-1.1301,49972.71,348753.617
688556.SH,20211102,47.238,52.2784,46.5536,50.4747,47.623,2.851700000000001,5.9881,71482.18,495824.776
688556.SH,20211101,49.056,53.0412,46.4324,47.623,48.2646,-0.641600000000004,-1.3293,93114.21,658091.439
688556.SH,20211029,46.3397,48.8706,44.201,48.2646,45.0565,3.2081000000000017,7.1202,68283.48,449075.585
688556.SH,20211028,42.9106,45.1135,42.162,45.0565,43.3241,1.7323999999999984,3.9987,55395.4,341661.863
688556.SH,20211027,41.2281,43.9515,41.1354,43.3241,41.4919,1.8322000000000003,4.4158,52587.74,315854.364
688556.SH,20211026,41.6701,43.5736,40.7433,41.4919,41.3493,0.14260000000000161,0.3449,50805.21,301410.668
688556.SH,20211025,40.6364,42.9534,40.0732,41.3493,40.6435,0.7057999999999964,1.7366,54489.61,319959.916
688556.SH,20211022,43.4881,43.5308,40.0161,40.6435,43.4881,-2.8446,-6.5411,57691.16,334818.324
688556.SH,20211021,45.0707,46.7461,42.6397,43.4881,44.4505,-0.9623999999999953,-2.1651,73154.11,454441.889
688556.SH,20211020,44.0584,47.3877,43.4881,44.4505,44.201,0.2494999999999976,0.5645,64368.44,410207.389
688556.SH,20211019,43.0532,45.805,42.0622,44.201,43.6663,0.5347000000000008,1.2245,76558.51,473425.487
688556.SH,20211018,37.7633,43.8303,37.0718,43.6663,37.7847,5.881599999999999,15.5661,76221.7,438004.611
688556.SH,20211015,37.8988,37.9843,36.3304,37.7847,36.7937,0.9909999999999997,2.6934,35320.63,183900.122
688556.SH,20211014,36.0024,38.6402,35.981,36.7937,36.0808,0.7128999999999976,1.9758,49119.52,257195.629
688556.SH,20211013,32.0814,36.3589,32.0814,36.0808,32.7586,3.3222000000000023,10.1415,48142.32,236585.756
688556.SH,20211012,34.5766,34.8332,32.06,32.7586,34.1203,-1.361699999999999,-3.9909,25221.43,117524.524
688556.SH,20211011,35.4249,36.1806,33.8137,34.1203,35.3537,-1.2334000000000032,-3.4887,27699.5,134415.526
688556.SH,20211008,35.6459,36.9862,34.7548,35.3537,34.933,0.4207000000000036,1.2043,33640.08,169165.451
688556.SH,20210930,32.7943,35.8955,32.5947,34.933,33.1365,1.7965000000000018,5.4215,33466.76,161165.586
688556.SH,20210929,33.222,34.8332,32.4877,33.1365,33.9349,-0.7984000000000009,-2.3527,29864.01,140201.275
688556.SH,20210928,34.0633,34.2059,32.6303,33.9349,33.8423,0.09259999999999735,0.2736,25673.17,120401.537
688556.SH,20210927,34.6835,35.3465,31.618,33.8423,33.9207,-0.07839999999999492,-0.2311,37942.82,180354.784
688556.SH,20210924,34.5338,35.4535,33.0866,33.9207,33.8637,0.056999999999995055,0.1683,26916.22,129732.332
688556.SH,20210923,36.0309,36.0309,33.3361,33.8637,34.6693,-0.8055999999999983,-2.3237,20074.47,97101.637
688556.SH,20210922,34.8974,35.9953,33.5571,34.6693,35.5675,-0.8982000000000028,-2.5253,26274.94,128869.194
688556.SH,20210917,37.0718,37.7134,34.3057,35.5675,37.7277,-2.160199999999996,-5.7258,41293.42,205723.841
688556.SH,20210916,38.8541,39.4102,35.8741,37.7277,38.7044,-0.976700000000001,-2.5235,36705.05,194858.748
688556.SH,20210915,38.1483,40.116,37.5423,38.7044,38.1412,0.5632000000000019,1.4766,43029.86,233961.443
688556.SH,20210914,39.6383,41.3493,37.856,38.1412,38.8541,-0.7129000000000048,-1.8348,48137.48,267544.892
688556.SH,20210913,38.6473,40.4154,36.6369,38.8541,38.576,0.278100000000002,0.7209,57849.51,312237.415
688556.SH,20210910,36.2733,40.4225,36.0381,38.576,36.0095,2.566499999999998,7.1273,60417.65,322129.186
688556.SH,20210909,38.3693,38.7971,34.4197,36.0095,37.9986,-1.9891000000000005,-5.2347,80095.99,404768.347
688556.SH,20210908,41.9553,42.4757,37.6421,37.9986,40.4653,-2.466699999999996,-6.0958,72142.69,399928.074
688556.SH,20210907,40.1944,42.7252,38.6972,40.4653,39.6454,0.819899999999997,2.0681,64208.66,370195.674
688556.SH,20210906,41.3493,42.7324,39.4458,39.6454,39.9876,-0.3421999999999983,-0.8558,55428.64,313345.691
688556.SH,20210903,43.8445,44.5503,38.5618,39.9876,43.4881,-3.5005000000000024,-8.0493,78039.13,452715.368
688556.SH,20210902,40.4653,46.3397,40.4653,43.4881,43.2742,0.21390000000000242,0.4943,78183.37,476048.242
688556.SH,20210901,52.9984,54.0321,42.7466,43.2742,52.9984,-9.724199999999996,-18.3481,87265.12,567962.447
688556.SH,20210831,48.3359,53.4689,47.0527,52.9984,48.2076,4.790799999999997,9.9379,46729.64,332165.732
688556.SH,20210830,46.6605,50.7598,44.201,48.2076,46.6962,1.5114000000000019,3.2367,61813.71,408389.121
688556.SH,20210827,46.1259,48.5427,45.0565,46.6962,46.5536,0.1425999999999945,0.3063,58183.96,377354.45
688556.SH,20210826,44.201,48.3074,42.8749,46.5536,43.9158,2.6378000000000057,6.0065,72849.45,464325.679
688556.SH,20210825,42.0622,44.8283,39.2105,43.9158,41.1568,2.7590000000000003,6.7036,78379.31,463404.474
688556.SH,20210824,41.6986,43.1672,40.4938,41.1568,41.6416,-0.4847999999999999,-1.1642,63578.73,369417.222
688556.SH,20210823,38.0057,42.9462,38.0057,41.6416,37.0504,4.5911999999999935,12.3918,98941.88,568972.242
688556.SH,20210820,32.5162,37.7847,31.012,37.0504,31.6536,5.3968000000000025,17.0496,117555.62,575411.576
688556.SH,20210819,31.9887,33.3931,30.3347,31.6536,31.8817,-0.22809999999999775,-0.7155,51988.25,232032.315
688556.SH,20210818,34.6693,34.8404,29.9426,31.8817,34.6479,-2.7662000000000013,-7.9837,65462.65,297096.847
688556.SH,20210817,32.2596,35.9882,32.2596,34.6479,34.3627,0.28520000000000323,0.83,95522.04,459513.359
688556.SH,20210816,31.2686,35.8741,31.2686,34.3627,30.1208,4.241899999999998,14.083,109093.7,509390.224
688556.SH,20210813,32.8085,32.8085,29.9426,30.1208,32.8085,-2.687700000000003,-8.1921,98811.77,431114.838
688556.SH,20210812,28.3956,33.5072,28.3956,32.8085,28.9089,3.899600000000003,13.4893,104260.59,459315.585
688556.SH,20210811,28.7805,31.3542,27.8038,28.9089,28.7877,0.1211999999999982,0.421,86778.11,361498.56
688556.SH,20210810,24.9522,31.511,24.724,28.7877,26.3495,2.438200000000002,9.2533,145891.2,561123.981
688556.SH,20210809,22.072,26.3495,21.3163,26.3495,21.9579,4.3916,20.0001,152567.15,520735.817
688556.SH,20210806,21.6014,23.1627,21.0953,21.9579,21.7868,0.17109999999999914,0.7853,51350.83,160516.358
688556.SH,20210805,23.0843,23.0843,21.7512,21.7868,23.0986,-1.3118000000000016,-5.6791,45515.78,141598.773
688556.SH,20210804,20.9598,23.2839,20.6818,23.0986,20.9384,2.1601999999999997,10.3169,65780.31,205807.37
688556.SH,20210803,20.3324,22.678,20.3324,20.9384,20.7816,0.1568000000000005,0.7545,64216.93,194232.314
688556.SH,20210802,20.3182,21.5872,19.6766,20.7816,20.3895,0.3920999999999992,1.923,46951.65,135105.02
688556.SH,20210730,20.0901,21.5444,19.9617,20.3895,20.6889,-0.29939999999999856,-1.4472,52167.99,150509.162
688556.SH,20210729,20.6747,21.7369,20.254,20.6889,19.4627,1.2261999999999986,6.3003,59955.33,176487.864
688556.SH,20210728,20.2897,20.8885,17.1243,19.4627,20.6747,-1.2119999999999997,-5.8622,46035.87,126076.644
688556.SH,20210727,21.6014,22.3358,20.6675,20.6747,21.4517,-0.7769999999999975,-3.6221,61946.28,185698.069
688556.SH,20210726,19.6694,23.0273,19.6694,21.4517,19.7621,1.6895999999999987,8.5497,93643.54,275568.694
688556.SH,20210723,18.8068,20.361,18.7854,19.7621,18.7783,0.9837999999999987,5.239,75403.4,207088.458
688556.SH,20210722,20.5891,21.1024,18.7783,18.7783,18.4789,0.2994000000000021,1.6202,108236.57,304993.348
688556.SH,20210721,17.0388,18.4789,17.0388,18.4789,15.3991,3.0797999999999988,19.9999,34896.82,88150.354
688556.SH,20210720,15.5559,15.6985,15.2279,15.3991,15.6985,-0.29939999999999856,-1.9072,13012.6,28036.408
688556.SH,20210719,15.9551,15.9551,15.506,15.6985,15.8125,-0.11400000000000077,-0.7209,9207.78,20178.619
688556.SH,20210716,16.1547,16.3829,15.7555,15.8125,15.9409,-0.12839999999999918,-0.8055,16912.9,38118.877
688556.SH,20210715,16.5397,16.6039,15.7056,15.9409,16.4898,-0.5488999999999997,-3.3287,22032.84,49593.236
688556.SH,20210714,16.7536,17.0316,16.4542,16.4898,16.7964,-0.30659999999999954,-1.8254,17023.11,39722.142
688556.SH,20210713,17.602,17.6804,16.7679,16.7964,17.6091,-0.8127000000000031,-4.6152,29525.05,70530.985
688556.SH,20210712,17.9584,18.1937,17.4237,17.6091,17.9584,-0.3492999999999995,-1.9451,30621.59,76260.554
688556.SH,20210709,17.659,18.3933,17.5022,17.9584,17.8372,0.12120000000000175,0.6795,38942.4,98068.857
688556.SH,20210708,16.832,18.0511,16.775,17.8372,16.832,1.0051999999999985,5.972,43634.81,106475.114
688556.SH,20210707,16.6253,17.0245,16.0906,16.832,16.5825,0.24950000000000117,1.5046,25824.84,60101.976
688556.SH,20210706,16.5968,16.9603,16.1904,16.5825,16.3401,0.24239999999999995,1.4835,21507.9,49834.291
688556.SH,20210705,15.7555,16.4684,15.6985,16.3401,15.7056,0.6344999999999992,4.04,13625.08,30887.876
688556.SH,20210702,15.8981,16.2118,15.6129,15.7056,15.8981,-0.192499999999999,-1.2108,10932.58,24369.387
688556.SH,20210701,16.611,16.6181,15.7199,15.8981,16.4399,-0.5418000000000021,-3.2956,12915.78,29282.067
688556.SH,20210630,15.6201,16.611,15.5559,16.4399,15.6201,0.8198000000000008,5.2484,22268.3,50917.551
688556.SH,20210629,16.0264,16.2617,15.3777,15.6201,16.0407,-0.4206000000000003,-2.6221,15287.57,33775.702
688556.SH,20210628,15.9409,16.8106,15.9409,16.0407,15.9052,0.1355000000000004,0.8519,18206.75,41712.337
688556.SH,20210625,16.1833,16.7465,15.8838,15.9052,16.5041,-0.5989000000000004,-3.6288,20908.68,47406.324
688556.SH,20210624,15.8125,16.7607,15.8125,16.5041,15.7127,0.7914000000000012,5.0367,32038.54,73888.901
688556.SH,20210623,15.6129,16.0335,15.3705,15.7127,15.5773,0.13540000000000063,0.8692,13734.34,30351.214
688556.SH,20210622,15.9551,15.9623,15.4418,15.5773,15.8553,-0.27800000000000047,-1.7534,13768.17,30100.448
688556.SH,20210621,15.5702,15.8981,15.3634,15.8553,15.6129,0.24239999999999995,1.5526,16626.84,36581.907
688556.SH,20210618,15.8411,16.2118,15.3278,15.6129,15.8411,-0.22820000000000107,-1.4406,18936.59,41371.074
688556.SH,20210617,14.7503,15.9337,14.7503,15.8411,14.7717,1.0694000000000017,7.2395,21813.68,47458.688
688556.SH,20210616,14.9642,15.4561,14.7717,14.7717,15.0069,-0.23520000000000074,-1.5673,12773.87,27043.233
688556.SH,20210615,15.4632,15.4632,14.8073,15.0069,15.2707,-0.2637999999999998,-1.7275,12416.62,26098.669
688556.SH,20210611,15.4846,15.7555,15.2707,15.2707,15.5416,-0.27090000000000103,-1.7431,11765.92,25579.122
688556.SH,20210610,15.727,15.7555,15.3491,15.5416,15.4418,0.09980000000000011,0.6463,14334.72,31188.203
688556.SH,20210609,14.6933,15.7555,14.6933,15.4418,14.6505,0.7913000000000014,5.4012,24418.89,52565.631
688556.SH,20210608,15.2565,15.2992,14.6505,14.6505,15.2921,-0.6416000000000004,-4.1956,21221.77,44337.577
688556.SH,20210607,15.5274,15.6771,15.0996,15.2921,15.2208,0.07129999999999903,0.4684,27625.6,59434.788
688556.SH,20210604,16.3258,16.8891,15.2208,15.2208,15.6557,-0.43489999999999895,-2.7779,53534.07,120572.111
688556.SH,20210603,15.0996,16.611,14.7075,15.6557,14.6576,0.9980999999999991,6.8094,53943.43,119718.882
688556.SH,20210602,13.9732,15.0996,13.9732,14.6576,14.1514,0.5061999999999998,3.577,27210.0,56084.718
688556.SH,20210601,13.734,14.3718,13.6489,14.145,13.7269,0.41809999999999903,3.0458,17052.47,33911.239
688556.SH,20210531,13.167,13.8686,13.167,13.7269,13.1812,0.5457000000000001,4.14,15003.45,28687.186
688556.SH,20210528,13.2804,13.5993,13.0678,13.1812,13.4151,-0.23390000000000022,-1.7436,11600.37,21803.45
688556.SH,20210527,12.8836,13.5497,12.8836,13.4151,13.1458,0.2693000000000012,2.0486,15443.37,29126.613
688556.SH,20210526,13.1529,13.3796,13.0253,13.1458,12.7985,0.34729999999999883,2.7136,13251.85,24599.069
688556.SH,20210525,12.671,12.8127,12.5647,12.7985,12.671,0.12750000000000128,1.0062,7875.3,14115.43
688556.SH,20210524,12.6568,12.7418,12.5434,12.671,12.5576,0.11339999999999861,0.903,5012.74,8952.383
688556.SH,20210521,12.6143,12.8127,12.4796,12.5576,12.5859,-0.02829999999999977,-0.2249,5039.69,8976.824
688556.SH,20210520,12.5434,12.7206,12.508,12.5859,12.5434,0.042500000000000426,0.3388,5125.97,9118.989
688556.SH,20210519,13.004,13.004,12.508,12.5434,12.8907,-0.3473000000000006,-2.6942,9296.09,16570.17
688556.SH,20210518,12.6143,13.004,12.6143,12.8907,12.7135,0.1772000000000009,1.3938,6997.63,12698.865
688556.SH,20210517,12.5434,12.8836,12.5363,12.7135,12.5434,0.1700999999999997,1.3561,9409.31,16896.682
688556.SH,20210514,12.4725,12.6355,12.4158,12.5434,12.4017,0.14170000000000016,1.1426,5628.57,9951.258
688556.SH,20210513,12.4371,12.6355,12.2741,12.4017,12.4867,-0.08500000000000085,-0.6807,4499.93,7919.312
688556.SH,20210512,12.4158,12.6426,12.3733,12.4867,12.4442,0.042500000000000426,0.3415,5105.78,8988.571
688556.SH,20210511,12.2812,12.6143,12.1891,12.4442,12.3308,0.11340000000000039,0.9196,5050.52,8824.431
688556.SH,20210510,12.9332,12.9332,12.3025,12.3308,12.7914,-0.46059999999999945,-3.6009,9741.52,17261.992
688556.SH,20210507,12.9899,13.0182,12.7844,12.7914,12.9615,-0.1700999999999997,-1.3123,4992.34,9066.083
688556.SH,20210506,12.8836,13.1387,12.8836,12.9615,13.0395,-0.07800000000000118,-0.5982,4636.06,8489.305
688556.SH,20210430,13.0607,13.1812,12.8552,13.0395,13.0536,-0.014099999999999113,-0.108,5512.2,10112.3
688556.SH,20210429,13.167,13.3442,13.0466,13.0536,13.167,-0.11340000000000039,-0.8612,5330.52,9900.18
688556.SH,20210428,13.2804,13.2875,13.0466,13.167,13.0891,0.07789999999999964,0.5952,4225.71,7826.127
688556.SH,20210427,14.0387,14.0387,13.0395,13.0891,13.8828,-0.7936999999999994,-5.7171,15063.45,28371.068
688556.SH,20210426,13.9962,14.308,13.819,13.8828,14.2088,-0.3260000000000005,-2.2944,8146.3,16103.364
688556.SH,20210423,14.1237,14.2796,14.0883,14.2088,14.2655,-0.056699999999999307,-0.3975,5056.06,10116.308
688556.SH,20210422,14.3434,14.5844,14.2513,14.2655,14.1025,0.16300000000000026,1.1558,9688.05,19663.453
688556.SH,20210421,14.0883,14.3647,14.0883,14.1025,14.3222,-0.21970000000000134,-1.534,9909.12,19790.395
688556.SH,20210420,15.7678,15.8033,14.3151,14.3222,14.967,-0.6448,-4.3081,21920.78,45501.795
688556.SH,20210419,14.1733,15.0592,14.0954,14.967,14.0387,0.9283000000000001,6.6124,16036.95,33119.501
688556.SH,20210416,13.7481,14.0883,13.6914,14.0387,13.7765,0.2622,1.9032,3726.93,7332.063
688556.SH,20210415,13.9466,13.9466,13.7198,13.7765,13.8828,-0.10629999999999917,-0.7657,2745.76,5332.362
688556.SH,20210414,13.8757,13.9466,13.6348,13.8828,13.656,0.226799999999999,1.6608,3068.55,5987.64
688556.SH,20210413,13.8828,13.8828,13.5355,13.656,13.7198,-0.06379999999999875,-0.465,3226.61,6219.304
688556.SH,20210412,13.8899,13.9182,13.6773,13.7198,13.7836,-0.06380000000000052,-0.4629,2966.01,5765.364
688556.SH,20210409,14.1025,14.1025,13.7198,13.7836,13.9607,-0.17709999999999937,-1.2686,5083.78,9912.595
688556.SH,20210408,14.3576,14.3576,13.9537,13.9607,14.3718,-0.41110000000000113,-2.8605,8610.06,17148.3
688556.SH,20210407,14.1946,14.5844,14.1946,14.3718,14.0883,0.2835000000000001,2.0123,11312.02,22980.226
688556.SH,20210406,14.0174,14.1663,13.9324,14.0883,13.9537,0.13460000000000072,0.9646,4811.0,9553.959
688556.SH,20210402,13.6914,14.067,13.6489,13.9537,13.6489,0.3048000000000002,2.2331,5406.15,10610.512
688556.SH,20210401,13.8544,13.9537,13.5001,13.6489,13.8261,-0.1772000000000009,-1.2816,3682.88,7105.249
688556.SH,20210331,13.6206,13.8828,13.6206,13.8261,13.6348,0.19130000000000003,1.403,3411.84,6639.527
688556.SH,20210330,13.9749,13.9749,13.6064,13.6348,13.9537,-0.3188999999999993,-2.2854,5562.67,10802.886
688556.SH,20210329,14.1308,14.2229,13.9324,13.9537,14.1663,-0.21260000000000012,-1.5007,4589.73,9114.357
688556.SH,20210326,14.0458,14.1733,13.9607,14.1663,14.0529,0.11340000000000039,0.807,4722.07,9391.496
688556.SH,20210325,14.1308,14.23,14.0387,14.0529,14.1308,-0.07790000000000141,-0.5513,5231.27,10422.242
688556.SH,20210324,14.4426,14.4426,14.1025,14.1308,14.3789,-0.2480999999999991,-1.7254,4494.7,9044.55
688556.SH,20210323,14.5418,14.7119,14.308,14.3789,14.797,-0.4181000000000008,-2.8256,7176.24,14661.969
688556.SH,20210322,14.5277,14.9174,14.5277,14.797,14.4143,0.3826999999999998,2.655,7108.66,14794.091
688556.SH,20210319,14.1096,14.5773,14.0529,14.4143,14.23,0.18430000000000035,1.2952,5685.5,11564.215
688556.SH,20210318,14.4285,14.4285,14.0883,14.23,14.4214,-0.1913999999999998,-1.3272,5159.0,10390.579
688556.SH,20210317,14.2371,14.4922,14.2229,14.4214,14.23,0.1913999999999998,1.345,4741.84,9613.495
688556.SH,20210316,13.8828,14.3363,13.7481,14.23,13.9678,0.2622,1.8772,5296.82,10553.789
688556.SH,20210315,14.5844,14.5844,13.9324,13.9678,14.3009,-0.33309999999999995,-2.3292,6616.96,13176.764
688556.SH,20210312,14.8041,14.8041,14.2371,14.3009,14.556,-0.25509999999999877,-1.7525,5593.73,11348.497
688556.SH,20210311,14.4426,14.7757,14.1025,14.556,14.0883,0.4676999999999989,3.3198,9430.04,19320.208
688556.SH,20210310,14.3151,14.4497,13.982,14.0883,14.1025,-0.01419999999999888,-0.1007,6931.41,13868.148
688556.SH,20210309,15.1938,15.2222,14.0883,14.1025,15.1867,-1.084200000000001,-7.1391,12616.5,25838.202
688556.SH,20210308,15.5907,15.7678,15.1796,15.1867,15.4135,-0.22680000000000078,-1.4714,8629.54,18826.634
688556.SH,20210305,14.882,15.4135,14.882,15.4135,15.1584,0.25510000000000055,1.6829,7370.1,15863.088
688556.SH,20210304,15.3001,15.4064,15.1159,15.1584,15.2789,-0.12049999999999983,-0.7887,7483.99,16110.685
688556.SH,20210303,15.2363,15.2859,15.0096,15.2789,15.13,0.14889999999999937,0.9841,8435.02,18058.982
688556.SH,20210302,15.3639,15.3639,15.0167,15.13,15.3356,-0.20559999999999867,-1.3407,8211.4,17542.871
688556.SH,20210301,14.7757,15.4135,14.7757,15.3356,14.8324,0.5031999999999996,3.3926,13722.58,29366.321
688556.SH,20210226,14.5277,15.208,14.5277,14.8324,14.6765,0.15589999999999904,1.0622,10881.39,22942.224
688556.SH,20210225,15.13,15.13,14.6198,14.6765,15.045,-0.36849999999999916,-2.4493,9293.8,19418.065
688556.SH,20210224,14.9458,15.3922,14.8182,15.045,15.0946,-0.049599999999999866,-0.3286,11832.42,25115.498
688556.SH,20210223,14.7899,15.9308,14.5985,15.0946,14.6481,0.44650000000000034,3.0482,24658.02,53041.617
688556.SH,20210222,14.7119,15.045,14.5844,14.6481,14.7119,-0.06380000000000052,-0.4337,15635.61,32746.728
688556.SH,20210219,14.5135,14.7615,14.3151,14.7119,14.5135,0.19839999999999947,1.367,11926.56,24566.961
688556.SH,20210218,14.2867,14.7544,14.2796,14.5135,14.2796,0.23390000000000022,1.638,9753.32,20063.142
688556.SH,20210210,13.9182,14.4355,13.7836,14.2796,13.7411,0.5385000000000009,3.9189,10925.03,21941.218
688556.SH,20210209,13.3584,13.819,13.1103,13.7411,13.3584,0.3826999999999998,2.8649,10818.85,20858.301
688556.SH,20210208,13.408,13.408,12.756,13.3584,13.3938,-0.035400000000000986,-0.2643,17242.37,31848.752
688556.SH,20210205,13.819,14.0883,13.2166,13.3938,13.897,-0.5031999999999996,-3.6209,19273.63,36766.285
688556.SH,20210204,14.4639,14.7261,13.734,13.897,14.7261,-0.8291000000000004,-5.6301,19385.61,38482.13
688556.SH,20210203,16.2993,16.2993,14.6694,14.7261,14.7261,0.0,0.0,23225.27,50280.376
688556.SH,20210202,15.0237,15.045,14.5277,14.7261,14.9458,-0.21969999999999956,-1.47,9263.01,19306.864
688556.SH,20210201,14.5985,15.0096,14.3859,14.9458,14.634,0.31179999999999986,2.1307,12268.3,25481.905
688556.SH,20210129,15.3426,15.4135,14.3859,14.634,15.2151,-0.5810999999999993,-3.8192,12355.71,25720.743
688556.SH,20210128,15.5198,15.8316,15.0946,15.2151,15.697,-0.48189999999999955,-3.07,11528.62,25137.964
688556.SH,20210127,15.7466,16.2214,15.4844,15.697,15.3852,0.31179999999999986,2.0266,15569.22,34703.585
688556.SH,20210126,15.9521,16.193,15.3639,15.3852,16.0513,-0.6661000000000019,-4.1498,13036.25,28973.157
688556.SH,20210125,16.8238,16.8238,15.9379,16.0513,16.5828,-0.5314999999999976,-3.2051,12550.79,28753.3
688556.SH,20210122,16.7175,16.9513,16.1576,16.5828,16.7033,-0.12049999999999983,-0.7214,17019.0,39478.733
688556.SH,20210121,16.9938,17.2915,16.6678,16.7033,16.9513,-0.2480000000000011,-1.463,17552.02,42076.549
688556.SH,20210120,16.7316,17.1852,16.5474,16.9513,16.6537,0.2975999999999992,1.787,13555.92,32347.669
688556.SH,20210119,16.5474,16.9371,16.3631,16.6537,16.5828,0.07090000000000174,0.4276,12806.45,30206.543
688556.SH,20210118,16.8308,16.9301,16.4411,16.5828,16.6466,-0.06380000000000052,-0.3833,17631.88,41347.826
688556.SH,20210115,16.0159,17.0789,15.9592,16.6466,16.0159,0.6307000000000009,3.938,24132.36,56559.142
688556.SH,20210114,15.9308,16.4411,15.5907,16.0159,15.697,0.3188999999999993,2.0316,16990.02,38446.945
688556.SH,20210113,16.5545,16.6678,15.697,15.697,16.5757,-0.878700000000002,-5.3011,23268.97,52522.148
688556.SH,20210112,16.8167,16.9442,16.4056,16.5757,16.6962,-0.12049999999999983,-0.7217,14951.75,35067.754
688556.SH,20210111,17.4119,17.6954,16.3844,16.6962,17.4049,-0.7087000000000003,-4.0718,25131.22,59761.001
688556.SH,20210108,18.2836,18.2836,17.3978,17.4049,18.1348,-0.7298999999999971,-4.0249,21194.67,52982.073
688556.SH,20210107,18.9923,19.1978,17.9931,18.1348,18.9639,-0.8291000000000004,-4.372,22349.83,58110.492
688556.SH,20210106,20.2679,20.2679,18.7797,18.9639,20.1545,-1.1905999999999999,-5.9074,31465.19,85147.101
688556.SH,20210105,20.5513,20.6718,19.9065,20.1545,20.4876,-0.33310000000000173,-1.6259,22692.44,64697.316
688556.SH,20210104,19.8498,20.8348,19.8427,20.4876,19.786,0.7015999999999991,3.5459,30287.7,87255.508
688556.SH,20201231,19.134,20.3813,19.134,19.786,19.0773,0.7087000000000003,3.7149,23154.41,64879.993
688556.SH,20201230,19.0702,19.4742,18.7088,19.0773,19.219,-0.14170000000000016,-0.7373,16272.76,43880.909
688556.SH,20201229,20.0907,20.3175,19.1978,19.219,20.282,-1.0629999999999988,-5.2411,23147.73,64205.916
688556.SH,20201228,19.9135,21.0616,19.8639,20.282,20.2537,0.028300000000001546,0.1397,30811.5,88968.478
688556.SH,20201225,18.4891,20.3246,18.2694,20.2537,18.4891,1.764599999999998,9.544,35072.94,97171.665
688556.SH,20201224,19.4883,19.6017,18.4891,18.4891,19.3537,-0.8645999999999994,-4.4674,18739.24,49648.131
688556.SH,20201223,18.7938,19.7718,18.7797,19.3537,18.8647,0.48900000000000077,2.5921,19137.73,52233.878
688556.SH,20201222,19.3679,19.7009,18.7797,18.8647,19.4387,-0.5740000000000016,-2.9529,14971.8,40411.483
688556.SH,20201221,18.1986,19.5592,18.1986,19.4387,18.2411,1.1976000000000013,6.5654,20277.26,54874.976
688556.SH,20201218,18.7584,18.7726,18.149,18.2411,18.7088,-0.46770000000000067,-2.4999,7585.47,19649.629
688556.SH,20201217,18.4679,18.7584,17.986,18.7088,18.5175,0.1913000000000018,1.0331,10387.8,26971.301
688556.SH,20201216,19.0631,19.0631,18.4466,18.5175,18.9923,-0.4748000000000019,-2.5,7269.42,19256.243
688556.SH,20201215,19.3466,19.3466,18.7797,18.9923,19.375,-0.3826999999999998,-1.9752,10374.4,27756.069
688556.SH,20201214,19.4883,19.5379,19.0064,19.375,19.2332,0.14179999999999993,0.7373,7026.08,19124.974
688556.SH,20201211,19.7789,19.9419,19.0064,19.2332,19.7789,-0.5457000000000001,-2.759,10256.44,27975.934
688556.SH,20201210,19.5734,20.0482,19.3183,19.7789,19.5734,0.20550000000000068,1.0499,9448.49,26320.834
688556.SH,20201209,20.1828,20.197,19.5734,19.5734,20.1828,-0.6094000000000008,-3.0194,11960.89,33372.342
688556.SH,20201208,20.5159,20.5868,20.0694,20.1828,20.3883,-0.20550000000000068,-1.0079,7590.95,21815.807
688556.SH,20201207,20.3813,20.686,20.2891,20.3883,20.3954,-0.007099999999997664,-0.0348,8672.64,25069.054
688556.SH,20201204,20.7569,21.012,20.3458,20.3954,20.8561,-0.4607000000000028,-2.2089,11578.11,33661.733
688556.SH,20201203,20.9624,21.3167,20.7072,20.8561,21.0403,-0.18419999999999703,-0.8755,12452.73,36931.764
688556.SH,20201202,20.7498,21.0899,20.6222,21.0403,20.7569,0.28339999999999677,1.3653,14711.94,43316.284
688556.SH,20201201,20.5655,20.8206,20.5088,20.7569,20.6931,0.06380000000000052,0.3083,8501.19,24879.429
688556.SH,20201130,20.5301,20.7852,20.2891,20.6931,20.4663,0.22680000000000078,1.1082,9148.91,26609.09
688556.SH,20201127,20.2679,20.6506,20.1757,20.4663,20.3458,0.12049999999999983,0.5923,7923.58,22777.971
688556.SH,20201126,20.438,20.5443,20.1545,20.3458,20.438,-0.09219999999999828,-0.4511,8236.88,23618.016
688556.SH,20201125,21.2246,21.3876,20.36,20.438,21.2246,-0.7866,-3.7061,23529.39,68831.574
688556.SH,20201124,21.586,21.8128,21.1891,21.2246,21.6285,-0.40390000000000015,-1.8674,16858.13,51125.311
688556.SH,20201123,21.6852,21.9049,21.4017,21.6285,21.6852,-0.056699999999999307,-0.2615,15267.88,46735.468
688556.SH,20201120,21.4726,21.7206,21.338,21.6852,21.508,0.17719999999999914,0.8239,13175.25,40054.993
688556.SH,20201119,21.2458,21.8269,21.1962,21.508,21.423,0.08500000000000085,0.3968,11612.04,35405.605
688556.SH,20201118,21.2458,21.8624,21.1891,21.423,21.4514,-0.028400000000001313,-0.1324,14343.81,43558.601
688556.SH,20201117,21.8978,21.9687,20.8348,21.4514,21.9899,-0.5384999999999991,-2.4489,20341.07,61191.263
688556.SH,20201116,22.4364,22.5994,21.7915,21.9899,22.2521,-0.2622,-1.1783,17976.02,56104.928
688556.SH,20201113,22.1175,22.649,21.9049,22.2521,22.2876,-0.03550000000000253,-0.1593,17276.29,54292.935
688556.SH,20201112,23.2868,23.3081,22.1104,22.2876,22.8403,-0.552699999999998,-2.4198,19766.85,62875.748
688556.SH,20201111,23.3648,23.9459,22.6773,22.8403,23.4569,-0.6166000000000018,-2.6287,33567.26,109972.903
688556.SH,20201110,23.3293,24.0805,22.6773,23.4569,22.975,0.48189999999999955,2.0975,47076.73,156208.189
688556.SH,20201109,21.9545,23.4002,21.8907,22.975,21.6143,1.3607000000000014,6.2954,36330.78,117085.475
688556.SH,20201106,22.1529,22.2876,21.2671,21.6143,21.912,-0.29769999999999897,-1.3586,17067.56,52205.281
688556.SH,20201105,22.0466,22.3443,21.5647,21.912,21.508,0.4039999999999999,1.8784,23488.23,73183.133
688556.SH,20201104,21.5506,21.9403,21.2884,21.508,21.5293,-0.021300000000000097,-0.0989,19651.2,59945.253
688556.SH,20201103,20.5159,21.7915,20.1545,21.5293,20.2324,1.2969000000000008,6.41,30950.48,92766.317
688556.SH,20201102,19.9844,20.5513,19.5096,20.2324,19.7576,0.47479999999999833,2.4031,22903.16,64753.863
688556.SH,20201030,21.9049,22.323,19.7576,19.7576,21.5435,-1.7859000000000016,-8.2897,46259.67,135911.209
688556.SH,20201029,22.4647,22.6277,21.5293,21.5435,22.8049,-1.2613999999999983,-5.5313,21941.77,68882.228
688556.SH,20201028,22.401,22.8758,21.6994,22.8049,22.3018,0.5030999999999999,2.2559,22641.62,71294.464
688556.SH,20201027,22.1955,22.6065,21.9758,22.3018,22.5427,-0.2408999999999999,-1.0686,17891.92,56097.406
688556.SH,20201026,22.2451,23.1238,21.3876,22.5427,22.2592,0.2835000000000001,1.2736,22049.77,69831.325
688556.SH,20201023,22.9325,23.4285,22.2025,22.2592,22.812,-0.5528000000000013,-2.4233,31786.62,101984.213
688556.SH,20201022,22.1317,23.6199,21.6994,22.812,22.1742,0.6378000000000021,2.8763,41555.69,134102.618
688556.SH,20201021,22.0821,22.7907,21.8624,22.1742,22.0041,0.17009999999999792,0.773,27544.94,86786.923
688556.SH,20201020,21.1041,22.1388,20.8277,22.0041,21.338,0.6661000000000001,3.1217,25886.83,78970.948
688556.SH,20201019,22.0395,22.0395,21.3025,21.338,21.6923,-0.3542999999999985,-1.6333,17019.24,52035.341
688556.SH,20201016,21.4797,22.323,21.4443,21.6923,21.8199,-0.12760000000000105,-0.5848,24114.37,74684.992
688556.SH,20201015,23.0529,23.0671,21.749,21.8199,23.1309,-1.311,-5.6677,36507.24,114545.959
688556.SH,20201014,22.564,23.2797,22.323,23.1309,22.5781,0.5528000000000013,2.4484,39939.26,128764.473
688556.SH,20201013,22.8899,23.1167,22.4647,22.5781,22.9041,-0.3260000000000005,-1.4233,34392.16,110325.987
688556.SH,20201012,22.323,23.3577,21.9899,22.9041,22.1529,0.7512000000000008,3.391,52085.7,166722.91
688556.SH,20201009,22.1104,22.3726,21.7206,22.1529,20.9765,1.1763999999999974,5.6082,35261.97,109734.17
688556.SH,20200930,20.9765,21.5718,20.6931,20.9765,21.0474,-0.07089999999999819,-0.3369,21128.22,63081.34
688556.SH,20200929,20.2891,21.5789,20.1049,21.0474,19.9986,1.0488,5.2444,38169.53,113195.623
688556.SH,20200928,20.7639,20.9624,19.9348,19.9986,20.9269,-0.9283000000000001,-4.4359,32751.99,94463.63
688556.SH,20200925,22.2521,22.3018,20.8419,20.9269,21.8766,-0.9497,-4.3412,38731.74,117810.219
688556.SH,20200924,22.3939,22.7766,21.7561,21.8766,22.897,-1.0203999999999986,-4.4565,43093.4,134967.654
688556.SH,20200923,22.5498,23.1451,22.2805,22.897,22.4364,0.46059999999999945,2.0529,53064.96,169723.997
688556.SH,20200922,22.6844,23.4427,22.1884,22.4364,23.0317,-0.5953000000000017,-2.5847,71855.88,230930.894
688556.SH,20200921,24.0947,24.0947,22.4506,23.0317,24.4844,-1.4527,-5.9332,98375.4,319206.94
688556.SH,20200918,26.575,27.4538,24.1514,24.4844,23.9104,0.5740000000000016,2.4006,187588.52,686666.881
688556.SH,20200917,20.3671,23.9104,19.9915,23.9104,19.9277,3.9826999999999977,19.9857,69315.97,219546.574
688556.SH,20200916,19.8852,20.0553,19.6442,19.9277,19.8852,0.042500000000000426,0.2137,11988.03,33557.597
688556.SH,20200915,19.7576,20.1049,19.4033,19.8852,19.7151,0.17010000000000147,0.8628,16797.3,46926.235
688556.SH,20200914,19.8214,20.1049,19.6017,19.7151,19.4529,0.2622,1.3479,22421.74,62730.193
688556.SH,20200911,18.156,19.5379,18.156,19.4529,18.3474,1.1054999999999993,6.0254,25550.33,68330.619
688556.SH,20200910,19.3112,19.5096,18.1631,18.3474,19.1411,-0.7937000000000012,-4.1466,25889.52,68570.751
688556.SH,20200909,20.197,20.3033,19.049,19.1411,20.3529,-1.2118000000000002,-5.9539,29203.68,80453.361
688556.SH,20200908,21.1962,21.3805,20.3104,20.3529,21.2317,-0.8787999999999982,-4.1391,31215.12,91022.951
688556.SH,20200907,21.8836,22.075,21.1891,21.2317,21.834,-0.6022999999999996,-2.7585,22181.63,67579.422
688556.SH,20200904,21.4726,22.1742,21.4726,21.834,21.7277,0.10630000000000095,0.4892,26038.29,80394.699
688556.SH,20200903,21.3805,21.8766,20.9836,21.7277,21.1962,0.5314999999999976,2.5075,29815.91,90768.654
688556.SH,20200902,21.8836,21.8836,21.1608,21.1962,21.7419,-0.5457000000000001,-2.5099,22778.91,68618.765
688556.SH,20200901,21.3663,21.749,21.2742,21.7419,21.3521,0.38980000000000103,1.8256,19586.47,59578.369
688556.SH,20200831,21.2671,21.7561,21.1891,21.3521,21.2387,0.11339999999999861,0.5339,21487.16,64970.007
688556.SH,20200828,21.7844,21.7844,21.1395,21.2387,21.7915,-0.5527999999999977,-2.5368,27559.44,82871.604
688556.SH,20200827,21.6994,22.0679,20.8419,21.7915,21.9049,-0.11340000000000217,-0.5177,37648.0,114128.039
688556.SH,20200826,22.3939,23.0175,21.7206,21.9049,22.2734,-0.3684999999999974,-1.6544,36474.5,115477.265
688556.SH,20200825,22.1317,22.5356,21.9262,22.2734,22.0395,0.23389999999999844,1.0613,29830.08,93390.347
688556.SH,20200824,22.6703,22.6703,21.7561,22.0395,22.8899,-0.8504000000000005,-3.7152,39340.43,122481.884
688556.SH,20200821,22.5852,23.4569,22.323,22.8899,22.3939,0.4960000000000022,2.2149,46029.08,148588.231
688556.SH,20200820,23.7191,23.7191,22.2805,22.3939,24.0734,-1.6795000000000009,-6.9766,64840.41,209892.959
688556.SH,20200819,25.3348,25.3348,24.0167,24.0734,25.5191,-1.4457000000000022,-5.6652,66124.4,229724.889
688556.SH,20200818,24.6616,25.7459,24.4065,25.5191,24.5837,0.9354000000000013,3.805,83729.08,296681.936
688556.SH,20200817,24.4915,24.7041,24.0096,24.5837,24.527,0.056699999999999307,0.2312,56618.4,195086.939
688556.SH,20200814,25.2285,25.3561,24.0096,24.527,25.4341,-0.9070999999999998,-3.5665,73827.07,255747.651
688556.SH,20200813,26.8939,27.1419,25.1719,25.4341,26.8089,-1.3748000000000005,-5.1281,96643.42,352131.469
688556.SH,20200812,27.5601,28.2758,26.6388,26.8089,27.4963,-0.6874000000000002,-2.5,97029.18,376178.692
688556.SH,20200811,27.6309,28.701,27.0002,27.4963,28.6301,-1.1337999999999973,-3.9602,109376.77,428048.692
688556.SH,20200810,31.89,31.89,28.5664,28.6301,34.7601,-6.130000000000003,-17.6352,188102.6,794620.877
688556.SH,20200807,29.8349,36.142,28.5876,34.7601,10.2119,24.5482,240.3882,267709.5,1201126.629
